fp64
 8 2097152 7051.178 7444.429 7801.618 4.300958083310411 4.507321112203502 4.758698759271146 1.0752395208276027 1.1268302780508754 1.1896746898177866
 16 1048576 2691.716 2802.651 2835.616 11.833207317210794 11.972390426064468 12.465814372690136 2.9583018293026986 2.993097606516117 3.116453593172534
 24 1048576 2603.184 2746.532 2799.865 17.976455293380216 18.32552761081975 19.334648645658547 4.494113823345054 4.581381902704938 4.833662161414637
 32 524288 1405.576 1405.578 1440.406 23.295120958951852 23.872337216433383 23.87237118448238 5.823780239737963 5.968084304108346 5.968092796120595
 40 524288 1405.572 1409.964 1425.281 29.427909303498748 29.74759639253201 29.84054890108796 7.356977325874687 7.4368990981330025 7.46013722527199
 48 524288 1343.108 1405.582 1410.738 35.67753048404452 35.80840392093808 37.4740140033415 8.91938262101113 8.95210098023452 9.368503500835375
 56 524288 1369.95 1406.468 1411.279 41.60782949367205 41.75015428719316 42.863065075367714 10.401957373418012 10.43753857179829 10.715766268841929
 64 262144 700.819 733.487 748.72 44.81572817608719 45.746457674096476 47.87888456220508 11.203932044021798 11.436614418524119 11.96972114055127
 72 262144 733.412 733.428 753.951 50.067890353617145 51.46890492318264 51.4700277606584 12.516972588404286 12.86722623079566 12.8675069401646
 80 262144 733.549 828.303 830.656 50.49387472070268 50.63731508880205 57.17823894518294 12.62346868017567 12.659328772200512 14.294559736295735
 88 262144 819.082 829.942 833.022 55.38550482460247 55.59104612129522 56.32811366871693 13.846376206150618 13.897761530323805 14.082028417179233
 96 262144 788.417 829.92 835.333 60.25339355682105 60.646385193753616 63.83886699551125 15.063348389205263 15.161596298438404 15.959716748877813
 104 262144 788.432 829.937 830.398 65.66243174959477 65.6989048566337 69.15745682569961 16.415607937398693 16.424726214158426 17.289364206424903
 112 262144 788.472 829.953 835.307 70.29781385765952 70.7513027846155 74.47348288842215 17.57445346441488 17.687825696153876 18.61837072210554
 120 131072 415.092 417.577 430.702 73.03722759587835 75.332884713478 75.78387441820126 18.259306898969587 18.8332211783695 18.945968604550316
 128 131072 394.337 415.273 423.04 79.31739788199698 80.80089964914647 85.09075232605615 19.829349470499245 20.200224912286618 21.272688081514037
 136 131072 394.36 416.339 418.55 85.17879345358978 85.63114193001377 90.40365148595193 21.294698363397444 21.407785482503442 22.60091287148798
 144 131072 399.615 421.82 427.789 88.24148353510726 89.49015219761984 94.46276040689162 22.060370883776816 22.37253804940496 23.615690101722905
 152 131072 412.652 434.649 445.917 89.35718530578562 91.67371373222991 96.56051103593343 22.339296326446405 22.91842843305748 24.140127758983358
 160 131072 394.561 415.087 415.508 100.94400107819826 101.04638304740935 106.30305580125761 25.236000269549564 25.261595761852337 26.575763950314403
 176 131072 407.098 416.431 432.321 106.72010843794308 110.7922897190651 113.33227871421623 26.68002710948577 27.698072429766274 28.333069678554057
 192 131072 402.766 423.467 435.503 115.5713003125122 118.85612810443318 124.96498711410594 28.89282507812805 29.714032026108296 31.241246778526484
 208 131072 467.995 492.732 494.048 110.36569726018526 110.66046451214858 116.50968920608126 27.591424315046314 27.665116128037145 29.127422301520316
 224 131072 413.971 435.768 442.725 132.63370263707716 134.75118870591692 141.8463032434639 33.15842565926929 33.68779717647923 35.46157581086597
 240 65536 236.688 249.26 257.742 122.0494913518169 126.20267993260047 132.90610423849117 30.512372837954224 31.55066998315012 33.22652605962279
 264 65536 242.512 250.515 265.295 130.43219058029737 138.1274893718939 142.68575575641617 32.60804764507434 34.53187234297347 35.67143893910404
 288 65536 238.28 238.296 250.879 150.4659058749437 158.411118944506 158.4217559174081 37.616476468735925 39.6027797361265 39.60543897935202
 312 65536 303.068 308.554 319.032 128.18295343413828 132.53584137622587 134.93494529280557 32.04573835853457 33.13396034405647 33.73373632320139
 336 65536 309.74 314.81 326.16 135.02634289919055 139.8945141513929 142.18438690514623 33.75658572479764 34.97362853784823 35.54609672628656
 368 65536 349.515 349.942 358.03 134.72193950227637 137.83568705671226 138.00407993934454 33.68048487556909 34.458921764178065 34.501019984836134
 400 65536 356.928 375.737 385.837 135.8832875022354 139.53589878026384 146.88900842746995 33.97082187555885 34.88397469506596 36.72225210686749
 440 65536 388.508 421.71 438.163 131.62151984535436 136.75672855753956 148.44399600523028 32.90537996133859 34.18918213938489 37.11099900130757
 480 32768 177.927 187.243 187.256 167.99077199128465 168.00243533803666 176.79879950766323 41.99769299782116 42.000608834509165 44.19969987691581
 528 32768 226.232 238.145 238.467 145.1060649901244 145.30226542652582 152.95364051062623 36.2765162475311 36.325566356631455 38.23841012765656
 576 32768 204.369 224.901 225.046 167.73786692498422 167.84601224538795 184.708718054108 41.934466731246054 41.96150306134699 46.177179513527
 632 32768 256.063 277.895 291.029 142.3182981764704 149.044610374422 161.752193796058 35.5795745441176 37.2611525936055 40.4380484490145
 688 32768 276.04 290.757 299.99 150.30090336344543 155.07371447634966 163.3414287784379 37.57522584086136 38.768428619087416 40.83535719460947
 752 32768 288.467 314.648 321.918 153.09200479625244 156.62922376751163 170.84474827276603 38.27300119906311 39.15730594187791 42.71118706819151
 824 32768 336.786 349.347 350.258 154.17681823113247 154.57886857479812 160.3441473220383 38.54420455778312 38.64471714369953 40.08603683050958
 904 32768 331.039 361.005 369.648 160.27286499588797 164.1100372571017 178.96545120061384 40.06821624897199 41.02750931427543 44.74136280015346
 992 16384 180.977 190.502 190.533 170.60486110017686 170.6326232795456 179.61318841620758 42.651215275044216 42.6581558198864 44.903297104051894
 1088 16384 243.068 254.141 259.223 137.53248747217646 140.28269346543848 146.67329307025193 34.383121868044114 35.07067336635962 36.66832326756298
 1192 16384 222.866 225.978 234.82 166.33785878545268 172.84627707121933 175.25982428903467 41.58446469636317 43.21156926780483 43.81495607225867
 1304 16384 274.295 297.881 299.108 142.85633282961336 143.4447715698551 155.77925955631707 35.71408320740334 35.86119289246378 38.94481488907927
 1432 16384 315.671 322.416 331.005 141.76153230313741 145.53798818917176 148.647725004831 35.440383075784354 36.38449704729294 37.16193125120775
 1568 16384 273.711 284.646 300.82 170.80055847350576 180.5056947928304 187.7170592340096 42.70013961837644 45.1264236982076 46.9292648085024
 1720 16384 327.029 344.182 344.252 163.72006553338832 163.75336304629528 172.3423916533396 40.93001638334708 40.93834076157382 43.0855979133349
 1888 16384 329.143 342.226 360.18 171.76407351879615 180.77523040330075 187.9608073086774 42.94101837969904 45.19380760082519 46.99020182716935
 2072 8192 195.566 206.563 206.839 164.12595303593613 164.3452506015114 173.58665616722743 41.031488258984034 41.08631265037785 43.39666404180686
 2272 8192 205.7 216.566 216.734 171.75176945010935 171.8850050331077 180.96474477394264 42.93794236252734 42.97125125827692 45.24118619348566
 2496 8192 259.591 261.006 262.018 156.07501774687236 156.68016827199375 157.53421343575084 39.01875443671809 39.17004206799844 39.38355335893771
 2744 8192 271.065 274.872 299.067 150.32650208816082 163.55866003085072 165.85577628981977 37.581625522040206 40.88966500771268 41.46394407245494
 3016 8192 264.459 276.529 291.888 169.29145425642713 178.69425629861604 186.84992380671486 42.32286356410678 44.67356407465401 46.712480951678714
 3312 8192 309.92 337.595 343.432 158.00451908965965 160.73640901079693 175.08972638100153 39.50112977241491 40.18410225269923 43.77243159525038
 3640 8192 350.578 351.778 378.471 157.57550776677738 169.53237553229593 170.11267107462533 39.393876941694344 42.38309388307398 42.52816776865633
 4000 4096 193.567 200.759 209.982 156.05147107847338 163.22057790684354 169.28505375399732 39.012867769618346 40.805144476710886 42.32126343849933
 4400 4096 211.652 214.883 222.995 161.63949864346736 167.74151515010493 170.30219416778488 40.40987466086684 41.93537878752623 42.57554854194622
 4840 4096 228.709 241.513 242.473 163.5203919611668 164.17037592179304 173.36125819272524 40.8800979902917 41.04259398044826 43.34031454818131
 5320 4096 250.548 263.865 286.771 151.9729679779336 165.16567183976653 173.94447371361974 37.9932419944834 41.29141795994163 43.486118428404936
 5848 4096 275.05 289.45 289.651 165.39496152266 165.50981516669543 174.17493546627887 41.348740380665 41.37745379167386 43.54373386656972
 6432 4096 291.274 300.865 306.051 172.16393346207005 175.13151745799613 180.89820581308322 43.04098336551751 43.78287936449903 45.224551453270806
 7072 4096 317.643 329.303 346.45 167.22131332082552 175.92862500493467 182.3865912360732 41.80532833020638 43.98215625123367 45.5966478090183
 7776 2048 182.394 190.102 199.768 159.43742741580235 167.54424466865154 174.6246916016974 39.85935685395059 41.886061167162886 43.65617290042435
 8552 2048 198.506 208.852 222.427 157.48534125803073 167.72160189990998 176.46313965320948 39.37133531450768 41.930400474977496 44.11578491330237
 9400 2048 217.445 229.099 248.818 154.74121647147714 168.06009629025007 177.06730437581916 38.685304117869286 42.01502407256252 44.26682609395479
 10336 2048 229.991 250.654 255.709 165.56419993038963 168.90317329865073 184.07788130839904 41.39104998259741 42.22579332466268 46.01947032709976
 11368 2048 261.18 275.199 282.928 164.57659899338347 169.1987543559388 178.28060341526916 41.14414974834587 42.2996885889847 44.57015085381729
 12504 2048 288.863 304.124 311.912 164.2013901356793 168.40625534321524 177.3033721868152 41.050347533919826 42.10156383580381 44.3258430467038
 13752 2048 320.868 332.207 335.913 167.6868474872958 169.55751082909148 175.54942219230338 41.92171187182395 42.38937770727287 43.887355548075845
 15120 2048 345.933 351.377 367.648 168.45330315954388 176.2537673211394 179.0274995447095 42.11332578988597 44.06344183028485 44.75687488617738
 16632 1024 191.21 201.229 203.204 167.6263065687683 169.2715065919922 178.1409758903823 41.90657664219208 42.31787664799805 44.53524397259557
 18288 1024 201.659 208.955 219.949 170.28412950274833 179.24349261802777 185.7285020752855 42.57103237568708 44.81087315450694 46.43212551882137
 20112 1024 229.141 241.321 243.763 168.97304348896265 170.68293269131158 179.7555915353429 42.24326087224066 42.670733172827894 44.93889788383572
 22120 1024 251.533 251.807 265.13 170.86621657300196 179.90667455630702 180.10265054684677 42.71655414325049 44.976668639076756 45.025662636711694
 24328 1024 276.997 290.978 306.074 162.78332690787195 171.2285602347944 179.87105997537878 40.69583172696799 42.8071400586986 44.967764993844696
 26760 1024 303.886 304.041 320.374 171.06406886950876 180.25358422054921 180.34552430845778 42.76601721737719 45.063396055137304 45.086381077114446
 29432 1024 337.929 356.146 369.493 163.13363446668814 169.2472637626142 178.37100692749067 40.783408616672034 42.31181594065355 44.59275173187267
 32368 512 178.694 185.526 196.066 169.04936092948293 178.6532992680271 185.48374315869586 42.26234023237073 44.663324817006774 46.370935789673965
 35600 512 230.654 251.626 280.06 130.16639291580375 144.87533084816351 158.0479852939901 32.54159822895094 36.21883271204088 39.51199632349753
 39160 512 305.131 318.443 330.508 121.3278952400547 125.92470238001778 131.41843994874333 30.331973810013675 31.481175595004444 32.85460998718583
 43072 512 350.444 357.346 374.487 117.77639277197872 123.42583378574267 125.85670749106846 29.44409819299468 30.856458446435667 31.464176872767116
 47376 512 371.102 405.341 407.759 118.97474733850143 119.6844730732889 130.7269268287425 29.743686834625358 29.921118268322225 32.68173170718563
 52112 512 423.881 440.345 449.316 118.7642728057759 121.18381723421408 125.89072876585647 29.691068201443976 30.29595430855352 31.472682191464116
 57320 512 449.064 466.375 489.594 119.88643651678738 125.85511659072635 130.70671441041813 29.971609129196846 31.46377914768159 32.67667860260453
 63048 256 246.119 266.673 270.418 119.37288198270824 121.04928507947936 131.15840711200678 29.84322049567706 30.26232126986984 32.789601778001696
 69352 256 270.779 281.384 296.805 119.63485790333719 126.19133994825575 131.1335960321886 29.908714475834298 31.547834987063936 32.78339900804715
 76280 256 309.984 321.789 346.46 112.72689487963979 121.369468813415 125.99153504697017 28.181723719909947 30.34236720335375 31.497883761742543
 83904 256 339.369 350.659 369.029 116.41049348425192 122.50889895881754 126.58447884161488 29.10262337106298 30.627224739704385 31.64611971040372
 92288 256 374.568 392.955 394.444 119.79255863950267 120.24648114924099 126.14920655261528 29.948139659875668 30.061620287310248 31.53730163815382
 101512 256 396.983 426.337 440.498 117.98951187065549 121.90859343664754 130.92284556265633 29.497377967663873 30.477148359161884 32.730711390664084
 111656 256 445.85 452.532 476.689 119.92697964500964 126.32890491722134 128.22220926320512 29.98174491125241 31.582226229305334 32.05555231580128
 122816 128 246.159 249.646 262.953 119.56850083474997 125.94191775554188 127.72596573759239 29.892125208687492 31.48547943888547 31.931491434398097
 135096 128 273.943 274.628 288.849 119.73237227755679 125.93244680076323 126.24734342545713 29.933093069389198 31.483111700190808 31.561835856364283
 148600 128 291.022 301.385 313.611 121.3018676003074 126.22260563730778 130.71726536138164 30.32546690007685 31.555651409326945 32.67931634034541
 163456 128 331.606 343.555 349.293 119.79838130165791 121.79923447482936 126.18811481095035 29.949595325414478 30.44980861870734 31.547028702737588
 179800 128 364.328 365.525 386.602 119.05991174386061 125.92517611654472 126.33890340572233 29.764977935965153 31.48129402913618 31.584725851430584
 197776 128 400.547 401.189 422.689 119.78228910617499 126.2015060233456 126.4037828269841 29.945572276543746 31.5503765058364 31.600945706746025
 217552 128 440.437 464.186 465.369 119.67559506542119 119.98059398603147 126.45012112969619 29.918898766355298 29.995148496507866 31.612530282424046
 239304 128 484.49 499.582 510.789 119.93567598362533 122.62616347266314 126.44600301347809 29.983918995906333 30.656540868165784 31.611500753369523
 263232 64 255.298 281.783 282.001 119.48076779869577 119.57320349346837 131.9779081700601 29.87019194967394 29.893300873367092 32.99447704251502
 289552 64 310.066 312.939 346.332 107.01481815136921 118.43412294408813 119.53150619545518 26.753704537842303 29.608530736022033 29.882876548863795
 318504 64 323.886 324.24 341.068 119.53191738890779 125.73560325684679 125.87302939923306 29.882979347226946 31.433900814211697 31.468257349808265
 350352 64 352.05 375.247 376.282 119.17938142138078 119.50809999813457 127.38263314870046 29.794845355345196 29.877024999533642 31.845658287175116
 385384 64 378.501 392.361 412.861 119.48125882560959 125.72389202800483 130.3276662413045 29.870314706402397 31.430973007001207 32.58191656032613
 423920 64 416.373 453.602 454.131 119.484818257287 119.62416391462119 130.32007358786473 29.87120456432175 29.906040978655298 32.58001839696618
 466312 64 473.831 498.67 503.065 118.64855634957708 119.69425872821705 125.96882854857532 29.66213908739427 29.923564682054263 31.49220713714383
 512936 32 263.106 263.233 285.573 114.95450900470284 124.71044283961358 124.77063997020213 28.73862725117571 31.177610709903394 31.19265999255053
 564224 32 286.429 305.016 305.253 118.2964164152359 118.3883337267553 126.07080986911242 29.574104103808974 29.597083431688826 31.517702467278106
 620640 32 318.497 332.663 369.438 107.51725594010362 119.40299943185745 124.71376496481913 26.879313985025906 29.850749857964363 31.178441241204784
 682704 32 350.292 379.633 384.89 113.5208916833381 115.09288180953712 124.73323969716694 28.380222920834527 28.77322045238428 31.183309924291734
 750968 32 386.04 426.745 490.829 97.91995175509189 112.62452284150956 124.49992746865608 24.47998793877297 28.15613071037739 31.12498186716402
 826064 32 453.51 461.031 473.475 111.65974127461851 114.67362498400325 116.57536989261538 27.914935318654628 28.668406246000814 29.143842473153846
 908664 32 510.68 522.079 570.691 101.90189787468174 111.39022255252559 113.87658807864024 25.475474468670434 27.847555638131396 28.46914701966006
 999528 16 280.369 307.753 337.661 94.72487494854306 103.93041172628699 114.0814284032828 23.681218737135765 25.982602931571748 28.5203571008207
 1099480 16 332.628 342.93 374.162 94.03242445785514 102.59633161286558 105.7738975672523 23.508106114463786 25.649082903216396 26.443474391813076
 1209424 16 388.893 397.357 424.473 91.17557064878095 97.39747380818758 99.51726567462002 22.793892662195237 24.349368452046896 24.879316418655005
 1330360 16 441.488 464.827 471.72 90.24743491901975 91.58572974461467 96.42735476388938 22.56185872975494 22.896432436153667 24.106838690972346
 1463392 16 517.275 522.182 533.472 87.78069701877511 89.6785871592663 90.52930066212363 21.94517425469378 22.419646789816575 22.632325165530908
 1609728 16 607.465 614.561 615.905 83.63513204146744 83.81803596388316 84.79714222218563 20.90878301036686 20.95450899097079 21.199285555546407
 1770696 16 675.844 692.479 704.302 80.45166988025022 81.82525679479087 83.83927651943347 20.112917470062555 20.45631419869772 20.959819129858367
 1947760 8 399.686 419.926 430.247 72.43318372934615 74.21345665664903 77.97160771205397 18.10829593233654 18.553364164162257 19.49290192801349
 2142536 8 455.037 462.499 475.581 72.0814666691899 74.12032458448559 75.33579906688907 18.020366667297473 18.530081146121397 18.833949766722267
 2356784 8 494.017 507.348 522.69 72.14322829975701 74.32481058366248 76.33045826358202 18.035807074939253 18.58120264591562 19.082614565895504
 2592456 8 529.117 545.27 570.948 72.64986653775826 76.07111339336477 78.3934290525536 18.162466634439564 19.017778348341192 19.5983572631384
 2851696 8 589.071 607.689 616.047 74.06437495840414 75.08303754058407 77.45608933388334 18.516093739601036 18.770759385146018 19.364022333470835
 3136864 8 639.84 680.805 690.303 72.7069475288388 73.721291706142 78.44121030257564 18.1767368822097 18.4303229265355 19.61030257564391
 3450544 8 728.647 736.528 751.634 73.45157882692905 74.9580518323811 75.76879339378327 18.362894706732263 18.739512958095276 18.942198348445817
 3795592 8 793.851 804.814 817.92 74.24866979655712 75.45777285186391 76.49983687115088 18.56216744913928 18.864443212965977 19.12495921778772
 4175144 4 509.71 524.935 534.081 62.53948745602259 63.629119795784256 65.52971689784387 15.634871864005648 15.907279948946064 16.382429224460967
 4592656 4 549.839 575.563 588.5 62.4320271877655 63.83531950455467 66.82182966286493 15.608006796941375 15.958829876138667 16.705457415716232
 5051920 4 613.746 641.003 644.042 62.75267762040363 63.050188532658964 65.85030289403107 15.688169405100908 15.762547133164741 16.46257572350777
 5557112 4 677.366 687.975 703.147 63.225607163224765 64.6199295032523 65.63201577876659 15.806401790806191 16.154982375813074 16.408003944691647
 6112816 4 737.37 778.077 801.329 61.02677926294943 62.85049937217011 66.32020288322009 15.256694815737358 15.712624843042528 16.580050720805023
 6724096 4 835.141 845.851 855.067 62.91058829308112 63.596032871037565 64.41159995737247 15.72764707327028 15.899008217759391 16.10289998934312
 7396504 4 888.178 911.996 922.336 64.15452936890676 64.88189860481845 66.62181679798418 16.03863234222669 16.22047465120461 16.655454199496045
 8136152 2 680.505 694.003 700.673 46.44764105367269 46.89404512660609 47.824201144738105 11.611910263418173 11.723511281651522 11.956050286184526
 8949760 2 733.49 742.821 764.412 46.83212717749067 48.19336017694706 48.80644589564956 11.708031794372667 12.048340044236765 12.20161147391239
 9844736 2 806.757 814.32 850.64 46.29331327000847 48.35807053738088 48.81140665652731 11.573328317502117 12.08951763434522 12.202851664131828
 10829208 2 906.857 910.265 923.675 46.89618318131377 47.58705651650893 47.76589032228896 11.724045795328443 11.896764129127233 11.94147258057224
 11912128 2 1006.289 1024.458 1049.913 45.38329556829947 46.51094725210794 47.35072330115901 11.345823892074867 11.627736813026985 11.837680825289752
 13103336 2 1141.001 1153.367 1174.053 44.64308170074093 45.443769415979475 45.93628226443272 11.160770425185232 11.360942353994869 11.48407056610818
 14413664 2 1267.164 1302.018 1323.582 43.5595648777333 44.28099765133815 45.498969352033356 10.889891219433325 11.070249412834537 11.374742338008339
 15855024 1 737.658 751.874 784.174 40.43751514332278 42.174683524101106 42.98746573615415 10.109378785830694 10.543670881025276 10.746866434038537
 17440520 1 845.937 878.368 926.995 37.628077821347475 39.711191664541516 41.23361432352527 9.407019455336869 9.927797916135379 10.308403580881318
 19184568 1 971.073 994.976 1003.338 38.24148591999904 38.56287588846364 39.51210259166921 9.56037147999976 9.64071897211591 9.878025647917303
 21103024 1 1092.49 1133.902 1208.191 34.93325806929534 37.22195392547152 38.6328918342502 8.733314517323835 9.30548848136788 9.65822295856255
 23213320 1 1251.066 1279.729 1342.941 34.57087094667599 36.278493337261246 37.10966487779221 8.642717736668997 9.069623334315311 9.277416219448053
 25534648 1 1427.235 1448.8 1513.887 33.7338889890725 35.249376035339594 35.78198124345325 8.433472247268124 8.812344008834899 8.945495310863313
 28088112 1 1605.382 1639.262 1655.694 33.92911008918315 34.26921626927239 34.992434199461556 8.482277522295787 8.567304067318098 8.748108549865389
 30896920 1 1785.82 1803.432 1827.777 33.808194325675395 34.26457997861855 34.602501931885634 8.452048581418849 8.566144994654637 8.650625482971408
 
META_DATA
 FLOPS          4
 OPENMP_THREADS 1
 ERT_VERSION  1.1.0
 HOSTNAME  ('cirrus4.computing.clemson.edu', ['cirrus4'], ['127.0.1.1'])
 UNAME  uname_result(system='Linux', node='cirrus4.computing.clemson.edu', release='5.4.0-81-generic', version='#91-Ubuntu SMP Thu Jul 15 19:09:17 UTC 2021', machine='x86_64', processor='x86_64')
 TIMESTAMP_DATA  1632245410.8765757
 CONFIG  {'ERT_RESULTS': ['Results.cs.clemson.edu'], 'ERT_DRIVER': ['driver1'], 'ERT_KERNEL': ['kernel1'], 'ERT_MPI': ['False'], 'ERT_MPI_CFLAGS': [], 'ERT_MPI_LDFLAGS': [], 'ERT_OPENMP': ['True'], 'ERT_OPENMP_CFLAGS': ['-fopenmp'], 'ERT_OPENMP_LDFLAGS': ['-fopenmp'], 'ERT_FLOPS': ['1,2,4'], 'ERT_ALIGN': ['32'], 'ERT_CC': ['g++'], 'ERT_CFLAGS': ['-O3', '-std=c++11', '-fstrict-aliasing', '-march=native'], 'ERT_LD': ['g++'], 'ERT_LDFLAGS': [], 'ERT_LDLIBS': [], 'ERT_PRECISION': ['FP64'], 'ERT_RUN': ['export', 'OMP_NUM_THREADS=ERT_OPENMP_THREADS;', 'export', 'OMP_PLACES=threads;', 'export', 'OMP_PROC_BIND=spread;', './ERT_CODE'], 'ERT_PROCS_THREADS': ['8'], 'ERT_MPI_PROCS': ['2,4,8'], 'ERT_OPENMP_THREADS': ['1-8'], 'ERT_NUM_EXPERIMENTS': ['5'], 'ERT_MEMORY_MAX': ['31000000'], 'ERT_WORKING_SET_MIN': ['1'], 'ERT_TRIALS_MIN': ['1'], 'ERT_GNUPLOT': ['gnuplot'], 'ERT_GPU': [False], 'ERT_HIP': [False], 'ERT_OCL': [False], 'ERT_SYCL': [False], 'ERT_WSS_MULT': [1.1]}
 TIMESTAMP_DATA  1632245411.3444147
 TIMESTAMP_DATA  1632245411.7999475
 TIMESTAMP_DATA  1632245412.2629192
 TIMESTAMP_DATA  1632245412.7182047
 