fp64
          40            1           1.974           80           10
          40            2           0.649          160           20
          40            4           0.838          320           40
          40            8           0.748          640           80
          40           16           0.830         1280          160
          40           32           1.089         2560          320
          40           64           1.184         5120          640
          40          128           1.413        10240         1280
          40          256           2.109        20480         2560
          40          512           3.724        40960         5120
          40         1024           6.892        81920        10240
          40         2048          12.718       163840        20480
          40         4096          24.893       327680        40960
          40         8192          49.058       655360        81920
          40        16384          97.308      1310720       163840
          40        32768         194.009      2621440       327680
          40        65536         387.384      5242880       655360
          40       131072         773.598     10485760      1310720
          40       262144        1555.602     20971520      2621440
          40       524288        3092.454     41943040      5242880
          80            1           1.348          160           20
          80            2           0.660          320           40
          80            4           0.753          640           80
          80            8           0.846         1280          160
          80           16           0.791         2560          320
          80           32           1.023         5120          640
          80           64           1.169        10240         1280
          80          128           1.445        20480         2560
          80          256           2.299        40960         5120
          80          512           3.762        81920        10240
          80         1024           6.763       163840        20480
          80         2048          13.093       327680        40960
          80         4096          25.721       655360        81920
          80         8192          50.559      1310720       163840
          80        16384         100.636      2621440       327680
          80        32768         200.552      5242880       655360
          80        65536         400.641     10485760      1310720
          80       131072         800.627     20971520      2621440
          80       262144        1609.038     41943040      5242880
         120            1           0.986          240           30
         120            2           0.853          480           60
         120            4           0.757          960          120
         120            8           0.726         1920          240
         120           16           0.848         3840          480
         120           32           0.895         7680          960
         120           64           1.243        15360         1920
         120          128           1.431        30720         3840
         120          256           2.288        61440         7680
         120          512           3.757       122880        15360
         120         1024           6.826       245760        30720
         120         2048          13.101       491520        61440
         120         4096          25.342       983040       122880
         120         8192          50.493      1966080       245760
         120        16384          99.528      3932160       491520
         120        32768         198.527      7864320       983040
         120        65536         397.789     15728640      1966080
         120       131072         794.099     31457280      3932160
         160            1           0.614          320           40
         160            2           0.573          640           80
         160            4           0.593         1280          160
         160            8           0.398         2560          320
         160           16           0.513         5120          640
         160           32           0.529        10240         1280
         160           64           0.819        20480         2560
         160          128           1.186        40960         5120
         160          256           1.558        81920        10240
         160          512           2.655       163840        20480
         160         1024           4.622       327680        40960
         160         2048           8.808       655360        81920
         160         4096          16.914      1310720       163840
         160         8192          33.430      2621440       327680
         160        16384          66.395      5242880       655360
         160        32768         132.405     10485760      1310720
         160        65536         264.132     20971520      2621440
         160       131072         543.823     41943040      5242880
         200            1           0.593          400           50
         200            2           0.526          800          100
         200            4           0.635         1600          200
         200            8           0.820         3200          400
         200           16           0.753         6400          800
         200           32           0.562        12800         1600
         200           64           0.992        25600         3200
         200          128           1.101        51200         6400
         200          256           1.637       102400        12800
         200          512           2.517       204800        25600
         200         1024           4.611       409600        51200
         200         2048           8.751       819200       102400
         200         4096          17.179      1638400       204800
         200         8192          33.541      3276800       409600
         200        16384          66.506      6553600       819200
         200        32768         132.682     13107200      1638400
         200        65536         264.890     26214400      3276800
         200       131072         529.300     52428800      6553600
         240            1           1.286          480           60
         240            2           0.565          960          120
         240            4           0.793         1920          240
         240            8           0.717         3840          480
         240           16           0.685         7680          960
         240           32           0.641        15360         1920
         240           64           0.947        30720         3840
         240          128           1.146        61440         7680
         240          256           1.687       122880        15360
         240          512           2.986       245760        30720
         240         1024           5.060       491520        61440
         240         2048           9.779       983040       122880
         240         4096          18.971      1966080       245760
         240         8192          36.925      3932160       491520
         240        16384          75.636      7864320       983040
         240        32768         144.986     15728640      1966080
         240        65536         290.338     31457280      3932160
         280            1           1.097          560           70
         280            2           0.885         1120          140
         280            4           0.716         2240          280
         280            8           0.691         4480          560
         280           16           0.870         8960         1120
         280           32           0.890        17920         2240
         280           64           0.853        35840         4480
         280          128           1.248        71680         8960
         280          256           1.732       143360        17920
         280          512           2.848       286720        35840
         280         1024           5.196       573440        71680
         280         2048          10.238      1146880       143360
         280         4096          20.065      2293760       286720
         280         8192          39.182      4587520       573440
         280        16384          77.506      9175040      1146880
         280        32768         155.260     18350080      2293760
         280        65536         309.589     36700160      4587520
         320            1           1.375          640           80
         320            2           0.820         1280          160
         320            4           0.881         2560          320
         320            8           0.662         5120          640
         320           16           0.620        10240         1280
         320           32           0.841        20480         2560
         320           64           0.953        40960         5120
         320          128           1.303        81920        10240
         320          256           1.798       163840        20480
         320          512           3.046       327680        40960
         320         1024           5.391       655360        81920
         320         2048          10.049      1310720       163840
         320         4096          19.724      2621440       327680
         320         8192          39.026      5242880       655360
         320        16384          87.478     10485760      1310720
         320        32768         147.953     20971520      2621440
         320        65536         293.375     41943040      5242880
         360            1           0.978          720           90
         360            2           0.645         1440          180
         360            4           5.475         2880          360
         360            8          10.966         5760          720
         360           16           0.994        11520         1440
         360           32           0.704        23040         2880
         360           64           1.063        46080         5760
         360          128           1.297        92160        11520
         360          256           1.684       184320        23040
         360          512           2.920       368640        46080
         360         1024           5.088       737280        92160
         360         2048          21.199      1474560       184320
         360         4096          30.383      2949120       368640
         360         8192          36.327      5898240       737280
         360        16384          83.328     11796480      1474560
         360        32768         141.072     23592960      2949120
         360        65536         281.744     47185920      5898240
         400            1           0.949          800          100
         400            2           0.624         1600          200
         400            4           0.789         3200          400
         400            8           0.639         6400          800
         400           16           0.692        12800         1600
         400           32           0.655        25600         3200
         400           64           1.019        51200         6400
         400          128           1.324       102400        12800
         400          256           1.857       204800        25600
         400          512           2.669       409600        51200
         400         1024          17.702       819200       102400
         400         2048          21.372      1638400       204800
         400         4096          44.209      3276800       409600
         400         8192          35.304      6553600       819200
         400        16384          70.294     13107200      1638400
         400        32768         134.619     26214400      3276800
         400        65536         189.995     52428800      6553600
         440            1           0.679          880          110
         440            2           0.461         1760          220
         440            4           0.568         3520          440
         440            8           0.587         7040          880
         440           16           0.588        14080         1760
         440           32           0.554        28160         3520
         440           64           0.682        56320         7040
         440          128           0.798       112640        14080
         440          256           1.309       225280        28160
         440          512           2.028       450560        56320
         440         1024           3.456       901120       112640
         440         2048           6.505      1802240       225280
         440         4096          12.343      3604480       450560
         440         8192          24.382      7208960       901120
         440        16384          48.077     14417920      1802240
         440        32768          95.847     28835840      3604480
         440        65536         191.058     57671680      7208960
         480            1           0.910          960          120
         480            2           0.743         1920          240
         480            4           0.751         3840          480
         480            8           0.502         7680          960
         480           16           0.597        15360         1920
         480           32           0.725        30720         3840
         480           64           0.747        61440         7680
         480          128           0.990       122880        15360
         480          256           1.318       245760        30720
         480          512           2.122       491520        61440
         480         1024           3.436       983040       122880
         480         2048           6.601      1966080       245760
         480         4096          12.463      3932160       491520
         480         8192          24.179      7864320       983040
         480        16384          47.793     15728640      1966080
         480        32768          95.469     31457280      3932160
         520            1           0.377         1040          130
         520            2           0.771         2080          260
         520            4           0.745         4160          520
         520            8           0.730         8320         1040
         520           16           0.617        16640         2080
         520           32           0.537        33280         4160
         520           64           0.674        66560         8320
         520          128           0.821       133120        16640
         520          256           1.265       266240        33280
         520          512           1.900       532480        66560
         520         1024           3.486      1064960       133120
         520         2048           6.591      2129920       266240
         520         4096          12.591      4259840       532480
         520         8192          24.728      8519680      1064960
         520        16384          48.450     17039360      2129920
         520        32768          96.291     34078720      4259840
         560            1           0.721         1120          140
         560            2           0.331         2240          280
         560            4           0.687         4480          560
         560            8           0.550         8960         1120
         560           16           0.536        17920         2240
         560           32           0.573        35840         4480
         560           64           0.789        71680         8960
         560          128           0.974       143360        17920
         560          256           1.238       286720        35840
         560          512           2.074       573440        71680
         560         1024           3.450      1146880       143360
         560         2048           6.390      2293760       286720
         560         4096          12.410      4587520       573440
         560         8192          24.197      9175040      1146880
         560        16384          48.066     18350080      2293760
         560        32768          95.555     36700160      4587520
         600            1           1.104         1200          150
         600            2           0.842         2400          300
         600            4           0.754         4800          600
         600            8           0.722         9600         1200
         600           16           0.599        19200         2400
         600           32           0.554        38400         4800
         600           64           0.631        76800         9600
         600          128           0.774       153600        19200
         600          256           1.315       307200        38400
         600          512           1.980       614400        76800
         600         1024           3.384      1228800       153600
         600         2048           6.532      2457600       307200
         600         4096          12.562      4915200       614400
         600         8192          24.390      9830400      1228800
         600        16384          48.463     19660800      2457600
         600        32768          96.385     39321600      4915200
         640            1           0.603         1280          160
         640            2           0.581         2560          320
         640            4           0.808         5120          640
         640            8           0.863        10240         1280
         640           16           0.550        20480         2560
         640           32           0.689        40960         5120
         640           64           0.695        81920        10240
         640          128           1.106       163840        20480
         640          256           1.206       327680        40960
         640          512           2.170       655360        81920
         640         1024           3.614      1310720       163840
         640         2048           6.403      2621440       327680
         640         4096          12.572      5242880       655360
         640         8192          24.434     10485760      1310720
         640        16384          48.262     20971520      2621440
         640        32768          96.311     41943040      5242880
         680            1           0.938         1360          170
         680            2           0.540         2720          340
         680            4           0.741         5440          680
         680            8           1.031        10880         1360
         680           16           0.778        21760         2720
         680           32           0.647        43520         5440
         680           64           0.892        87040        10880
         680          128           0.980       174080        21760
         680          256           1.257       348160        43520
         680          512           1.955       696320        87040
         680         1024           3.648      1392640       174080
         680         2048           6.992      2785280       348160
         680         4096          13.775      5570560       696320
         680         8192          26.925     11141120      1392640
         680        16384          53.506     22282240      2785280
         680        32768         106.547     44564480      5570560
         720            1           0.514         1440          180
         720            2           0.452         2880          360
         720            4           0.675         5760          720
         720            8           0.874        11520         1440
         720           16           0.740        23040         2880
         720           32           0.848        46080         5760
         720           64           0.726        92160        11520
         720          128           1.067       184320        23040
         720          256           1.235       368640        46080
         720          512           2.248       737280        92160
         720         1024           3.959      1474560       184320
         720         2048           8.015      2949120       368640
         720         4096          15.175      5898240       737280
         720         8192          29.945     11796480      1474560
         720        16384          59.187     23592960      2949120
         720        32768         117.806     47185920      5898240
         760            1           0.955         1520          190
         760            2           0.637         3040          380
         760            4           0.743         6080          760
         760            8           0.724        12160         1520
         760           16           0.845        24320         3040
         760           32           0.705        48640         6080
         760           64           0.839        97280        12160
         760          128           0.955       194560        24320
         760          256           1.321       389120        48640
         760          512           2.222       778240        97280
         760         1024           4.167      1556480       194560
         760         2048           8.151      3112960       389120
         760         4096          15.952      6225920       778240
         760         8192          31.452     12451840      1556480
         760        16384          62.442     24903680      3112960
         760        32768         124.557     49807360      6225920
         800            1           0.518         1600          200
         800            2           0.522         3200          400
         800            4           0.698         6400          800
         800            8           0.802        12800         1600
         800           16           0.762        25600         3200
         800           32           0.860        51200         6400
         800           64           0.938       102400        12800
         800          128           0.901       204800        25600
         800          256           1.245       409600        51200
         800          512           2.054       819200       102400
         800         1024           3.812      1638400       204800
         800         2048           7.209      3276800       409600
         800         4096          13.854      6553600       819200
         800         8192          27.469     13107200      1638400
         800        16384          54.258     26214400      3276800
         800        32768         121.008     52428800      6553600
         880            1           0.300         1760          220
         880            2           0.617         3520          440
         880            4           0.688         7040          880
         880            8           0.571        14080         1760
         880           16           0.801        28160         3520
         880           32           0.756        56320         7040
         880           64           0.884       112640        14080
         880          128           1.131       225280        28160
         880          256           1.610       450560        56320
         880          512           2.475       901120       112640
         880         1024           4.383      1802240       225280
         880         2048           8.250      3604480       450560
         880         4096          15.998      7208960       901120
         880         8192          31.574     14417920      1802240
         880        16384          62.578     28835840      3604480
         880        32768         124.378     57671680      7208960
         960            1           0.846         1920          240
         960            2           0.768         3840          480
         960            4           0.772         7680          960
         960            8           0.772        15360         1920
         960           16           0.785        30720         3840
         960           32           0.682        61440         7680
         960           64           0.918       122880        15360
         960          128           1.025       245760        30720
         960          256           1.508       491520        61440
         960          512           2.514       983040       122880
         960         1024           4.685      1966080       245760
         960         2048           8.615      3932160       491520
         960         4096          17.093      7864320       983040
         960         8192          33.548     15728640      1966080
         960        16384          66.675     31457280      3932160
        1040            1           0.333         2080          260
        1040            2           0.645         4160          520
        1040            4           0.617         8320         1040
        1040            8           0.786        16640         2080
        1040           16           0.820        33280         4160
        1040           32           0.683        66560         8320
        1040           64           0.703       133120        16640
        1040          128           1.014       266240        33280
        1040          256           1.658       532480        66560
        1040          512           2.680      1064960       133120
        1040         1024           4.928      2129920       266240
        1040         2048           9.738      4259840       532480
        1040         4096          18.775      8519680      1064960
        1040         8192          37.085     17039360      2129920
        1040        16384          73.398     34078720      4259840
        1120            1           0.563         2240          280
        1120            2           0.510         4480          560
        1120            4           0.719         8960         1120
        1120            8           0.647        17920         2240
        1120           16           0.592        35840         4480
        1120           32           0.664        71680         8960
        1120           64           0.882       143360        17920
        1120          128           0.994       286720        35840
        1120          256           1.324       573440        71680
        1120          512           1.982      1146880       143360
        1120         1024           3.899      2293760       286720
        1120         2048           7.132      4587520       573440
        1120         4096          13.973      9175040      1146880
        1120         8192          27.760     18350080      2293760
        1120        16384          54.830     36700160      4587520
        1200            1           1.152         2400          300
        1200            2           0.274         4800          600
        1200            4           0.731         9600         1200
        1200            8           0.711        19200         2400
        1200           16           0.727        38400         4800
        1200           32           0.802        76800         9600
        1200           64           0.739       153600        19200
        1200          128           1.054       307200        38400
        1200          256           1.136       614400        76800
        1200          512           2.191      1228800       153600
        1200         1024           3.969      2457600       307200
        1200         2048           7.508      4915200       614400
        1200         4096          14.474      9830400      1228800
        1200         8192          28.569     19660800      2457600
        1200        16384          56.408     39321600      4915200
        1320            1           0.616         2640          330
        1320            2           0.901         5280          660
        1320            4           0.756        10560         1320
        1320            8           0.540        21120         2640
        1320           16           0.727        42240         5280
        1320           32           0.582        84480        10560
        1320           64           0.636       168960        21120
        1320          128           0.803       337920        42240
        1320          256           1.375       675840        84480
        1320          512           2.217      1351680       168960
        1320         1024           4.176      2703360       337920
        1320         2048           7.828      5406720       675840
        1320         4096          15.327     10813440      1351680
        1320         8192          30.366     21626880      2703360
        1320        16384          72.008     43253760      5406720
        1440            1           1.121         2880          360
        1440            2           0.465         5760          720
        1440            4           0.712        11520         1440
        1440            8           0.595        23040         2880
        1440           16           0.648        46080         5760
        1440           32           0.638        92160        11520
        1440           64           0.641       184320        23040
        1440          128           0.864       368640        46080
        1440          256           1.474       737280        92160
        1440          512           2.378      1474560       184320
        1440         1024           4.533      2949120       368640
        1440         2048           8.659      5898240       737280
        1440         4096          16.994     11796480      1474560
        1440         8192          33.574     23592960      2949120
        1440        16384          66.948     47185920      5898240
        1560            1           0.343         3120          390
        1560            2           0.555         6240          780
        1560            4           0.470        12480         1560
        1560            8           0.634        24960         3120
        1560           16           0.508        49920         6240
        1560           32           0.521        99840        12480
        1560           64           0.811       199680        24960
        1560          128           1.025       399360        49920
        1560          256           1.412       798720        99840
        1560          512           2.479      1597440       199680
        1560         1024           4.808      3194880       399360
        1560         2048           9.038      6389760       798720
        1560         4096          17.557     12779520      1597440
        1560         8192          34.752     25559040      3194880
        1560        16384          68.916     51118080      6389760
        1680            1           0.324         3360          420
        1680            2           0.613         6720          840
        1680            4           0.684        13440         1680
        1680            8           0.748        26880         3360
        1680           16           0.562        53760         6720
        1680           32           0.671       107520        13440
        1680           64           0.824       215040        26880
        1680          128           0.889       430080        53760
        1680          256           1.654       860160       107520
        1680          512           2.734      1720320       215040
        1680         1024           4.963      3440640       430080
        1680         2048           9.455      6881280       860160
        1680         4096          18.682     13762560      1720320
        1680         8192          36.710     27525120      3440640
        1680        16384          73.308     55050240      6881280
        1840            1           1.474         3680          460
        1840            2           0.500         7360          920
        1840            4           0.711        14720         1840
        1840            8           0.661        29440         3680
        1840           16           0.692        58880         7360
        1840           32           0.754       117760        14720
        1840           64           0.790       235520        29440
        1840          128           1.010       471040        58880
        1840          256           1.642       942080       117760
        1840          512           2.769      1884160       235520
        1840         1024           5.138      3768320       471040
        1840         2048          10.034      7536640       942080
        1840         4096          19.763     15073280      1884160
        1840         8192          39.036     30146560      3768320
        1840        16384          77.728     60293120      7536640
        2000            1           0.897         4000          500
        2000            2           0.504         8000         1000
        2000            4           0.796        16000         2000
        2000            8           0.642        32000         4000
        2000           16           0.616        64000         8000
        2000           32           0.644       128000        16000
        2000           64           0.807       256000        32000
        2000          128           1.020       512000        64000
        2000          256           1.650      1024000       128000
        2000          512           2.927      2048000       256000
        2000         1024           5.547      4096000       512000
        2000         2048          10.757      8192000      1024000
        2000         4096          21.041     16384000      2048000
        2000         8192          41.619     32768000      4096000
        2200            1           0.335         4400          550
        2200            2           0.517         8800         1100
        2200            4           0.500        17600         2200
        2200            8           0.779        35200         4400
        2200           16           0.660        70400         8800
        2200           32           0.780       140800        17600
        2200           64           0.861       281600        35200
        2200          128           1.098       563200        70400
        2200          256           1.807      1126400       140800
        2200          512           3.069      2252800       281600
        2200         1024           5.976      4505600       563200
        2200         2048          11.394      9011200      1126400
        2200         4096          22.371     18022400      2252800
        2200         8192          44.185     36044800      4505600
        2400            1           0.816         4800          600
        2400            2           0.652         9600         1200
        2400            4           0.726        19200         2400
        2400            8           0.721        38400         4800
        2400           16           0.571        76800         9600
        2400           32           0.757       153600        19200
        2400           64           0.924       307200        38400
        2400          128           1.029       614400        76800
        2400          256           1.550      1228800       153600
        2400          512           2.844      2457600       307200
        2400         1024           5.420      4915200       614400
        2400         2048          10.438      9830400      1228800
        2400         4096          20.466     19660800      2457600
        2400         8192          40.436     39321600      4915200
        2640            1           0.749         5280          660
        2640            2           0.524        10560         1320
        2640            4           0.716        21120         2640
        2640            8           0.716        42240         5280
        2640           16           0.613        84480        10560
        2640           32           0.739       168960        21120
        2640           64           1.012       337920        42240
        2640          128           1.383       675840        84480
        2640          256           1.959      1351680       168960
        2640          512           3.588      2703360       337920
        2640         1024           6.645      5406720       675840
        2640         2048          12.950     10813440      1351680
        2640         4096          25.617     21626880      2703360
        2640         8192          50.069     43253760      5406720
        2880            1           0.314         5760          720
        2880            2           0.472        11520         1440
        2880            4           0.569        23040         2880
        2880            8           0.770        46080         5760
        2880           16           0.624        92160        11520
        2880           32           0.721       184320        23040
        2880           64           0.897       368640        46080
        2880          128           1.156       737280        92160
        2880          256           1.783      1474560       184320
        2880          512           3.317      2949120       368640
        2880         1024           6.314      5898240       737280
        2880         2048          12.376     11796480      1474560
        2880         4096          24.379     23592960      2949120
        2880         8192          48.211     47185920      5898240
        3160            1           0.329         6320          790
        3160            2           0.769        12640         1580
        3160            4           0.634        25280         3160
        3160            8           0.653        50560         6320
        3160           16           0.637       101120        12640
        3160           32           0.894       202240        25280
        3160           64           0.910       404480        50560
        3160          128           1.253       808960       101120
        3160          256           2.205      1617920       202240
        3160          512           4.016      3235840       404480
        3160         1024           7.375      6471680       808960
        3160         2048          30.370     12943360      1617920
        3160         4096          28.617     25886720      3235840
        3160         8192          56.810     51773440      6471680
        3440            1           0.351         6880          860
        3440            2           0.427        13760         1720
        3440            4           0.753        27520         3440
        3440            8           0.523        55040         6880
        3440           16           0.690       110080        13760
        3440           32           0.638       220160        27520
        3440           64           0.989       440320        55040
        3440          128           1.205       880640       110080
        3440          256           2.154      1761280       220160
        3440          512           3.923      3522560       440320
        3440         1024           7.604      7045120       880640
        3440         2048          15.075     14090240      1761280
        3440         4096          29.952     28180480      3522560
        3440         8192          59.537     56360960      7045120
        3760            1           0.322         7520          940
        3760            2           0.692        15040         1880
        3760            4           0.434        30080         3760
        3760            8           0.540        60160         7520
        3760           16           0.721       120320        15040
        3760           32           0.714       240640        30080
        3760           64           0.945       481280        60160
        3760          128           1.329       962560       120320
        3760          256           2.321      1925120       240640
        3760          512           4.156      3850240       481280
        3760         1024           8.079      7700480       962560
        3760         2048          16.122     15400960      1925120
        3760         4096          31.709     30801920      3850240
        3760         8192          63.166     61603840      7700480
        4120            1           1.144         8240         1030
        4120            2           0.468        16480         2060
        4120            4           0.621        32960         4120
        4120            8           0.598        65920         8240
        4120           16           0.630       131840        16480
        4120           32           0.758       263680        32960
        4120           64           0.782       527360        65920
        4120          128          11.415      1054720       131840
        4120          256           2.522      2109440       263680
        4120          512           4.733      4218880       527360
        4120         1024           8.721      8437760      1054720
        4120         2048          17.090     16875520      2109440
        4120         4096          33.904     33751040      4218880
        4520            1           0.610         9040         1130
        4520            2           0.458        18080         2260
        4520            4           0.621        36160         4520
        4520            8           0.567        72320         9040
        4520           16           0.596       144640        18080
        4520           32           0.825       289280        36160
        4520           64           1.066       578560        72320
        4520          128           1.364      1157120       144640
        4520          256           2.641      2314240       289280
        4520          512           4.828      4628480       578560
        4520         1024           9.416      9256960      1157120
        4520         2048          18.245     18513920      2314240
        4520         4096          36.049     37027840      4628480
        4960            1           0.723         9920         1240
        4960            2           0.476        19840         2480
        4960            4           0.765        39680         4960
        4960            8           0.701        79360         9920
        4960           16           0.630       158720        19840
        4960           32           0.731       317440        39680
        4960           64           1.126       634880        79360
        4960          128           1.549      1269760       158720
        4960          256           2.905      2539520       317440
        4960          512           5.163      5079040       634880
        4960         1024           9.886     10158080      1269760
        4960         2048          19.204     20316160      2539520
        4960         4096          38.278     40632320      5079040
        5440            1           0.766        10880         1360
        5440            2           0.436        21760         2720
        5440            4           0.691        43520         5440
        5440            8           0.863        87040        10880
        5440           16           0.705       174080        21760
        5440           32           0.865       348160        43520
        5440           64           1.347       696320        87040
        5440          128           2.088      1392640       174080
        5440          256           3.635      2785280       348160
        5440          512           6.980      5570560       696320
        5440         1024          13.588     11141120      1392640
        5440         2048          25.349     22282240      2785280
        5440         4096          50.342     44564480      5570560
        5960            1           0.445        11920         1490
        5960            2           0.468        23840         2980
        5960            4           0.602        47680         5960
        5960            8           0.526        95360        11920
        5960           16           0.646       190720        23840
        5960           32           0.855       381440        47680
        5960           64           1.319       762880        95360
        5960          128           1.779      1525760       190720
        5960          256           3.243      3051520       381440
        5960          512           5.952      6103040       762880
        5960         1024          11.475     12206080      1525760
        5960         2048          22.559     24412160      3051520
        5960         4096          44.945     48824320      6103040
        6520            1           0.479        13040         1630
        6520            2           0.740        26080         3260
        6520            4           0.743        52160         6520
        6520            8           0.743       104320        13040
        6520           16           0.695       208640        26080
        6520           32           1.212       417280        52160
        6520           64           1.453       834560       104320
        6520          128           2.399      1669120       208640
        6520          256           4.056      3338240       417280
        6520          512           7.708      6676480       834560
        6520         1024          14.872     13352960      1669120
        6520         2048          29.506     26705920      3338240
        6520         4096          58.843     53411840      6676480
        7160            1           0.445        14320         1790
        7160            2           0.798        28640         3580
        7160            4           0.701        57280         7160
        7160            8           0.616       114560        14320
        7160           16           0.768       229120        28640
        7160           32           0.981       458240        57280
        7160           64           1.626       916480       114560
        7160          128           2.440      1832960       229120
        7160          256           4.238      3665920       458240
        7160          512           8.100      7331840       916480
        7160         1024          16.103     14663680      1832960
        7160         2048          31.646     29327360      3665920
        7160         4096          63.058     58654720      7331840
        7840            1           0.447        15680         1960
        7840            2           0.570        31360         3920
        7840            4           0.440        62720         7840
        7840            8           0.632       125440        15680
        7840           16           0.709       250880        31360
        7840           32           0.867       501760        62720
        7840           64           1.361      1003520       125440
        7840          128           2.234      2007040       250880
        7840          256           4.296      4014080       501760
        7840          512           7.896      8028160      1003520
        7840         1024          15.317     16056320      2007040
        7840         2048          30.360     32112640      4014080
        8600            1           1.367        17200         2150
        8600            2           0.729        34400         4300
        8600            4           0.762        68800         8600
        8600            8           0.750       137600        17200
        8600           16           0.749       275200        34400
        8600           32           0.986       550400        68800
        8600           64           1.473      1100800       137600
        8600          128           2.585      2201600       275200
        8600          256           4.662      4403200       550400
        8600          512           8.776      8806400      1100800
        8600         1024          17.395     17612800      2201600
        8600         2048          34.233     35225600      4403200
        9440            1           0.382        18880         2360
        9440            2           0.733        37760         4720
        9440            4           0.784        75520         9440
        9440            8           0.848       151040        18880
        9440           16           0.824       302080        37760
        9440           32           1.177       604160        75520
        9440           64           1.544      1208320       151040
        9440          128           2.624      2416640       302080
        9440          256           4.752      4833280       604160
        9440          512           9.171      9666560      1208320
        9440         1024          17.738     19333120      2416640
        9440         2048          35.187     38666240      4833280
       10360            1           0.460        20720         2590
       10360            2           0.770        41440         5180
       10360            4           0.654        82880        10360
       10360            8           0.698       165760        20720
       10360           16           0.819       331520        41440
       10360           32           1.218       663040        82880
       10360           64           1.805      1326080       165760
       10360          128           2.950      2652160       331520
       10360          256           5.415      5304320       663040
       10360          512          10.139     10608640      1326080
       10360         1024          20.228     21217280      2652160
       10360         2048          39.853     42434560      5304320
       11360            1           0.401        22720         2840
       11360            2           0.724        45440         5680
       11360            4           0.644        90880        11360
       11360            8           0.672       181760        22720
       11360           16           0.896       363520        45440
       11360           32           1.278       727040        90880
       11360           64           1.926      1454080       181760
       11360          128           3.129      2908160       363520
       11360          256           5.656      5816320       727040
       11360          512          10.621     11632640      1454080
       11360         1024          20.982     23265280      2908160
       11360         2048          41.720     46530560      5816320
       12480            1           0.409        24960         3120
       12480            2           0.671        49920         6240
       12480            4           0.707        99840        12480
       12480            8           0.933       199680        24960
       12480           16           1.040       399360        49920
       12480           32           1.343       798720        99840
       12480           64           2.107      1597440       199680
       12480          128           3.519      3194880       399360
       12480          256           6.590      6389760       798720
       12480          512          12.741     12779520      1597440
       12480         1024          24.966     25559040      3194880
       12480         2048          49.263     51118080      6389760
       13720            1           1.536        27440         3430
       13720            2           0.611        54880         6860
       13720            4           0.711       109760        13720
       13720            8           0.627       219520        27440
       13720           16           1.062       439040        54880
       13720           32           1.925       878080       109760
       13720           64           2.981      1756160       219520
       13720          128           6.164      3512320       439040
       13720          256          10.886      7024640       878080
       13720          512          21.333     14049280      1756160
       13720         1024          27.770     28098560      3512320
       13720         2048          60.001     56197120      7024640
       15080            1           1.780        30160         3770
       15080            2           0.376        60320         7540
       15080            4           0.754       120640        15080
       15080            8           0.730       241280        30160
       15080           16           1.017       482560        60320
       15080           32           1.957       965120       120640
       15080           64           3.448      1930240       241280
       15080          128           6.680      3860480       482560
       15080          256          11.591      7720960       965120
       15080          512          22.403     15441920      1930240
       15080         1024          34.318     30883840      3860480
       15080         2048          59.023     61767680      7720960
       16560            1           1.131        33120         4140
       16560            2           0.303        66240         8280
       16560            4           0.709       132480        16560
       16560            8           0.860       264960        33120
       16560           16           1.083       529920        66240
       16560           32           1.755      1059840       132480
       16560           64           3.067      2119680       264960
       16560          128           5.597      4239360       529920
       16560          256          13.420      8478720      1059840
       16560          512          21.579     16957440      2119680
       16560         1024          39.961     33914880      4239360
       18200            1           0.802        36400         4550
       18200            2           0.361        72800         9100
       18200            4           0.647       145600        18200
       18200            8           0.935       291200        36400
       18200           16           1.167       582400        72800
       18200           32           1.876      1164800       145600
       18200           64           3.667      2329600       291200
       18200          128           7.635      4659200       582400
       18200          256          15.173      9318400      1164800
       18200          512          27.287     18636800      2329600
       18200         1024          45.972     37273600      4659200
       20000            1           1.031        40000         5000
       20000            2           0.412        80000        10000
       20000            4           0.734       160000        20000
       20000            8           0.911       320000        40000
       20000           16           1.292       640000        80000
       20000           32           2.038      1280000       160000
       20000           64           3.620      2560000       320000
       20000          128           6.694      5120000       640000
       20000          256          12.737     10240000      1280000
       20000          512          25.290     20480000      2560000
       20000         1024          56.819     40960000      5120000
       22000            1           1.210        44000         5500
       22000            2           0.432        88000        11000
       22000            4           0.782       176000        22000
       22000            8           0.980       352000        44000
       22000           16           1.242       704000        88000
       22000           32           2.445      1408000       176000
       22000           64           3.948      2816000       352000
       22000          128           7.220      5632000       704000
       22000          256          15.678     11264000      1408000
       22000          512          30.684     22528000      2816000
       22000         1024          51.261     45056000      5632000
       24200            1           1.345        48400         6050
       24200            2           0.646        96800        12100
       24200            4           0.687       193600        24200
       24200            8           0.795       387200        48400
       24200           16           1.277       774400        96800
       24200           32           2.379      1548800       193600
       24200           64           4.451      3097600       387200
       24200          128           5.926      6195200       774400
       24200          256          11.395     12390400      1548800
       24200          512          28.761     24780800      3097600
       24200         1024          62.575     49561600      6195200
       26600            1           0.873        53200         6650
       26600            2           0.823       106400        13300
       26600            4           0.706       212800        26600
       26600            8           0.987       425600        53200
       26600           16           1.507       851200       106400
       26600           32           2.611      1702400       212800
       26600           64           4.557      3404800       425600
       26600          128           9.191      6809600       851200
       26600          256          21.946     13619200      1702400
       26600          512          33.522     27238400      3404800
       26600         1024          71.666     54476800      6809600
       29240            1           1.484        58480         7310
       29240            2           0.610       116960        14620
       29240            4           0.784       233920        29240
       29240            8           1.022       467840        58480
       29240           16           1.640       935680       116960
       29240           32           2.176      1871360       233920
       29240           64           3.728      3742720       467840
       29240          128           7.017      7485440       935680
       29240          256          16.288     14970880      1871360
       29240          512          32.673     29941760      3742720
       29240         1024          62.932     59883520      7485440
       32160            1           1.841        64320         8040
       32160            2           0.480       128640        16080
       32160            4           0.891       257280        32160
       32160            8           1.004       514560        64320
       32160           16           1.473      1029120       128640
       32160           32           2.542      2058240       257280
       32160           64           4.117      4116480       514560
       32160          128           7.619      8232960      1029120
       32160          256          14.780     16465920      2058240
       32160          512          29.169     32931840      4116480
       35360            1           1.303        70720         8840
       35360            2           0.461       141440        17680
       35360            4           0.829       282880        35360
       35360            8           1.007       565760        70720
       35360           16           1.593      1131520       141440
       35360           32           2.686      2263040       282880
       35360           64           4.535      4526080       565760
       35360          128           8.520      9052160      1131520
       35360          256          16.423     18104320      2263040
       35360          512          32.388     36208640      4526080
       38880            1           0.792        77760         9720
       38880            2           0.732       155520        19440
       38880            4           0.733       311040        38880
       38880            8           1.081       622080        77760
       38880           16           1.625      1244160       155520
       38880           32           2.712      2488320       311040
       38880           64           4.951      4976640       622080
       38880          128           9.154      9953280      1244160
       38880          256          17.902     19906560      2488320
       38880          512          35.177     39813120      4976640
       42760            1           0.950        85520        10690
       42760            2           0.900       171040        21380
       42760            4           1.022       342080        42760
       42760            8           1.203       684160        85520
       42760           16           1.844      1368320       171040
       42760           32           2.943      2736640       342080
       42760           64           5.340      5473280       684160
       42760          128          10.015     10946560      1368320
       42760          256          19.747     21893120      2736640
       42760          512          38.823     43786240      5473280
       47000            1           0.944        94000        11750
       47000            2           0.850       188000        23500
       47000            4           0.973       376000        47000
       47000            8           1.427       752000        94000
       47000           16           1.936      1504000       188000
       47000           32           3.260      3008000       376000
       47000           64           5.681      6016000       752000
       47000          128          11.075     12032000      1504000
       47000          256          21.582     24064000      3008000
       47000          512          42.772     48128000      6016000
       51680            1           0.925       103360        12920
       51680            2           0.934       206720        25840
       51680            4           0.951       413440        51680
       51680            8           1.342       826880       103360
       51680           16           2.152      1653760       206720
       51680           32           3.499      3307520       413440
       51680           64           6.327      6615040       826880
       51680          128          12.008     13230080      1653760
       51680          256          23.480     26460160      3307520
       51680          512          46.442     52920320      6615040
       56840            1           1.257       113680        14210
       56840            2           0.707       227360        28420
       56840            4           1.130       454720        56840
       56840            8           1.423       909440       113680
       56840           16           2.249      1818880       227360
       56840           32           3.869      3637760       454720
       56840           64           6.886      7275520       909440
       56840          128          13.053     14551040      1818880
       56840          256          25.620     29102080      3637760
       56840          512          50.770     58204160      7275520
       62520            1           1.344       125040        15630
       62520            2           0.807       250080        31260
       62520            4           1.082       500160        62520
       62520            8           1.522      1000320       125040
       62520           16           2.401      2000640       250080
       62520           32           4.307      4001280       500160
       62520           64           7.545      8002560      1000320
       62520          128          14.440     16005120      2000640
       62520          256          28.271     32010240      4001280
       68760            1           1.517       137520        17190
       68760            2           0.903       275040        34380
       68760            4           1.592       550080        68760
       68760            8           1.652      1100160       137520
       68760           16           2.544      2200320       275040
       68760           32           4.454      4400640       550080
       68760           64           8.240      8801280      1100160
       68760          128          15.854     17602560      2200320
       68760          256          31.121     35205120      4400640
       75600            1           1.421       151200        18900
       75600            2           0.951       302400        37800
       75600            4           1.228       604800        75600
       75600            8           1.752      1209600       151200
       75600           16           2.866      2419200       302400
       75600           32           4.775      4838400       604800
       75600           64           9.113      9676800      1209600
       75600          128          17.255     19353600      2419200
       75600          256          33.993     38707200      4838400
       83160            1           1.276       166320        20790
       83160            2           1.030       332640        41580
       83160            4           1.184       665280        83160
       83160            8           1.917      1330560       166320
       83160           16           3.456      2661120       332640
       83160           32           6.662      5322240       665280
       83160           64          11.790     10644480      1330560
       83160          128          20.784     21288960      2661120
       83160          256          37.408     42577920      5322240
       91440            1           1.446       182880        22860
       91440            2           1.067       365760        45720
       91440            4           1.287       731520        91440
       91440            8           1.858      1463040       182880
       91440           16           3.311      2926080       365760
       91440           32           5.631      5852160       731520
       91440           64          10.644     11704320      1463040
       91440          128          20.539     23408640      2926080
       91440          256          40.458     46817280      5852160
      100560            1           1.383       201120        25140
      100560            2           1.099       402240        50280
      100560            4           1.380       804480       100560
      100560            8           2.075      1608960       201120
      100560           16           3.426      3217920       402240
      100560           32           6.238      6435840       804480
      100560           64          11.759     12871680      1608960
      100560          128          27.062     25743360      3217920
      100560          256          45.687     51486720      6435840
      110600            1           1.586       221200        27650
      110600            2           1.169       442400        55300
      110600            4           1.699       884800       110600
      110600            8           2.247      1769600       221200
      110600           16           3.724      3539200       442400
      110600           32           6.812      7078400       884800
      110600           64          12.927     14156800      1769600
      110600          128          24.800     28313600      3539200
      110600          256          49.007     56627200      7078400
      121640            1           2.989       243280        30410
      121640            2           1.192       486560        60820
      121640            4           1.625       973120       121640
      121640            8           2.365      1946240       243280
      121640           16           4.188      3892480       486560
      121640           32           7.439      7784960       973120
      121640           64          14.455     15569920      1946240
      121640          128          32.851     31139840      3892480
      133800            1           2.198       267600        33450
      133800            2           1.206       535200        66900
      133800            4           1.722      1070400       133800
      133800            8           2.570      2140800       267600
      133800           16           4.466      4281600       535200
      133800           32           8.074      8563200      1070400
      133800           64          15.470     17126400      2140800
      133800          128          30.233     34252800      4281600
      147160            1           2.379       294320        36790
      147160            2           1.514       588640        73580
      147160            4           1.925      1177280       147160
      147160            8           2.835      2354560       294320
      147160           16           4.980      4709120       588640
      147160           32           9.118      9418240      1177280
      147160           64          17.023     18836480      2354560
      147160          128          33.269     37672960      4709120
      161840            1           2.567       323680        40460
      161840            2           1.541       647360        80920
      161840            4           2.205      1294720       161840
      161840            8           3.150      2589440       323680
      161840           16           5.384      5178880       647360
      161840           32           9.873     10357760      1294720
      161840           64          18.765     20715520      2589440
      161840          128          36.660     41431040      5178880
      178000            1           2.608       356000        44500
      178000            2           1.554       712000        89000
      178000            4           2.410      1424000       178000
      178000            8           4.186      2848000       356000
      178000           16           7.613      5696000       712000
      178000           32          14.529     11392000      1424000
      178000           64          28.477     22784000      2848000
      178000          128          56.151     45568000      5696000
      195800            1           2.909       391600        48950
      195800            2           1.856       783200        97900
      195800            4           2.777      1566400       195800
      195800            8           4.888      3132800       391600
      195800           16           9.184      6265600       783200
      195800           32          17.761     12531200      1566400
      195800           64          34.888     25062400      3132800
      195800          128          68.929     50124800      6265600
      215360            1           3.284       430720        53840
      215360            2           2.115       861440       107680
      215360            4           3.391      1722880       215360
      215360            8           5.613      3445760       430720
      215360           16          10.408      6891520       861440
      215360           32          19.973     13783040      1722880
      215360           64          38.852     27566080      3445760
      215360          128          78.715     55132160      6891520
      236880            1           3.698       473760        59220
      236880            2           2.207       947520       118440
      236880            4           3.609      1895040       236880
      236880            8           6.232      3790080       473760
      236880           16          11.445      7580160       947520
      236880           32          33.955     15160320      1895040
      236880           64          42.744     30320640      3790080
      236880          128          82.948     60641280      7580160
      260560            1           4.340       521120        65140
      260560            2           2.328      1042240       130280
      260560            4           3.822      2084480       260560
      260560            8           7.287      4168960       521120
      260560           16          13.683      8337920      1042240
      260560           32          24.755     16675840      2084480
      260560           64          46.929     33351680      4168960
      286600            1           4.263       573200        71650
      286600            2           2.764      1146400       143300
      286600            4           4.362      2292800       286600
      286600            8           7.281      4585600       573200
      286600           16          13.628      9171200      1146400
      286600           32          26.315     18342400      2292800
      286600           64          51.621     36684800      4585600
      315240            1           4.529       630480        78810
      315240            2           2.740      1260960       157620
      315240            4           4.569      2521920       315240
      315240            8           8.127      5043840       630480
      315240           16          16.175     10087680      1260960
      315240           32          30.279     20175360      2521920
      315240           64          56.623     40350720      5043840
      346760            1           5.732       693520        86690
      346760            2           2.988      1387040       173380
      346760            4           5.053      2774080       346760
      346760            8           8.659      5548160       693520
      346760           16          16.541     11096320      1387040
      346760           32          31.739     22192640      2774080
      346760           64          62.144     44385280      5548160
      381400            1           8.562       762800        95350
      381400            2           3.452      1525600       190700
      381400            4           5.434      3051200       381400
      381400            8           9.471      6102400       762800
      381400           16          17.819     12204800      1525600
      381400           32          34.619     24409600      3051200
      381400           64          68.357     48819200      6102400
      419520            1           6.662       839040       104880
      419520            2           3.649      1678080       209760
      419520            4           6.030      3356160       419520
      419520            8          10.526      6712320       839040
      419520           16          19.700     13424640      1678080
      419520           32          38.100     26849280      3356160
      419520           64          75.003     53698560      6712320
      461440            1           7.283       922880       115360
      461440            2           3.999      1845760       230720
      461440            4           6.552      3691520       461440
      461440            8          11.527      7383040       922880
      461440           16          33.891     14766080      1845760
      461440           32          41.473     29532160      3691520
      461440           64          80.942     59064320      7383040
      507560            1           8.087      1015120       126890
      507560            2           4.027      2030240       253780
      507560            4           6.856      4060480       507560
      507560            8          12.634      8120960      1015120
      507560           16          23.646     16241920      2030240
      507560           32          45.547     32483840      4060480
      558280            1           8.492      1116560       139570
      558280            2           4.532      2233120       279140
      558280            4           7.703      4466240       558280
      558280            8          13.780      8932480      1116560
      558280           16          26.454     17864960      2233120
      558280           32          50.093     35729920      4466240
      614080            1          10.191      1228160       153520
      614080            2           5.046      2456320       307040
      614080            4           8.415      4912640       614080
      614080            8          15.004      9825280      1228160
      614080           16          28.273     19650560      2456320
      614080           32          55.118     39301120      4912640
      675480            1           9.309      1350960       168870
      675480            2           5.534      2701920       337740
      675480            4           9.153      5403840       675480
      675480            8          16.504     10807680      1350960
      675480           16          31.009     21615360      2701920
      675480           32          60.472     43230720      5403840
      743000            1          11.465      1486000       185750
      743000            2           7.182      2972000       371500
      743000            4           9.934      5944000       743000
      743000            8          17.929     11888000      1486000
      743000           16          33.920     23776000      2972000
      743000           32          66.334     47552000      5944000
      817280            1          12.020      1634560       204320
      817280            2           6.385      3269120       408640
      817280            4          10.991      6538240       817280
      817280            8          19.760     13076480      1634560
      817280           16          37.331     26152960      3269120
      817280           32          72.731     52305920      6538240
      899000            1          13.995      1798000       224750
      899000            2           7.044      3596000       449500
      899000            4          11.844      7192000       899000
      899000            8          21.656     14384000      1798000
      899000           16          41.072     28768000      3596000
      899000           32          91.940     57536000      7192000
      988880            1          14.818      1977760       247220
      988880            2           7.798      3955520       494440
      988880            4          13.151      7911040       988880
      988880            8          23.739     15822080      1977760
      988880           16          45.418     31644160      3955520
     1087760            1          17.042      2175520       271940
     1087760            2           8.290      4351040       543880
     1087760            4          14.534      8702080      1087760
     1087760            8          26.405     17404160      2175520
     1087760           16          50.024     34808320      4351040
     1196520            1          18.638      2393040       299130
     1196520            2           9.455      4786080       598260
     1196520            4          15.807      9572160      1196520
     1196520            8          28.856     19144320      2393040
     1196520           16          54.768     38288640      4786080
     1316160            1          18.855      2632320       329040
     1316160            2          10.065      5264640       658080
     1316160            4          17.407     10529280      1316160
     1316160            8          31.582     21058560      2632320
     1316160           16          60.311     42117120      5264640
     1447760            1          21.354      2895520       361940
     1447760            2          11.000      5791040       723880
     1447760            4          18.918     11582080      1447760
     1447760            8          34.821     23164160      2895520
     1447760           16          66.430     46328320      5791040
     1592520            1          25.171      3185040       398130
     1592520            2          11.988      6370080       796260
     1592520            4          20.950     12740160      1592520
     1592520            8          38.356     25480320      3185040
     1592520           16          75.265     50960640      6370080
     1751760            1          26.278      3503520       437940
     1751760            2          13.224      7007040       875880
     1751760            4          22.974     14014080      1751760
     1751760            8          42.056     28028160      3503520
     1751760           16          91.436     56056320      7007040
     1926920            1          30.667      3853840       481730
     1926920            2          15.874      7707680       963460
     1926920            4          25.094     15415360      1926920
     1926920            8          46.188     30830720      3853840
     1926920           16          88.205     61661440      7707680
     2119600            1          29.706      4239200       529900
     2119600            2          16.064      8478400      1059800
     2119600            4          27.646     16956800      2119600
     2119600            8          51.629     33913600      4239200
     2331560            1          33.093      4663120       582890
     2331560            2          17.850      9326240      1165780
     2331560            4          30.514     18652480      2331560
     2331560            8          55.699     37304960      4663120
     2564680            1          36.078      5129360       641170
     2564680            2          19.984     10258720      1282340
     2564680            4          33.313     20517440      2564680
     2564680            8          61.076     41034880      5129360
     2821120            1          50.583      5642240       705280
     2821120            2          33.002     11284480      1410560
     2821120            4          52.335     22568960      2821120
     2821120            8          94.690     45137920      5642240
     3103200            1          49.711      6206400       775800
     3103200            2          35.825     12412800      1551600
     3103200            4          43.170     24825600      3103200
     3103200            8          81.009     49651200      6206400
     3413520            1          52.847      6827040       853380
     3413520            2          33.459     13654080      1706760
     3413520            4          44.696     27308160      3413520
     3413520            8          81.780     54616320      6827040
     3754840            1          66.363      7509680       938710
     3754840            2          53.957     15019360      1877420
     3754840            4          71.926     30038720      3754840
     3754840            8         129.484     60077440      7509680
     4130320            1          64.591      8260640      1032580
     4130320            2          64.811     16521280      2065160
     4130320            4          87.913     33042560      4130320
     4543320            1          60.228      9086640      1135830
     4543320            2          47.636     18173280      2271660
     4543320            4          67.858     36346560      4543320
     4997640            1          64.043      9995280      1249410
     4997640            2          59.100     19990560      2498820
     4997640            4          85.121     39981120      4997640
     5497400            1          66.680     10994800      1374350
     5497400            2          69.929     21989600      2748700
     5497400            4          97.800     43979200      5497400
     6047120            1         103.091     12094240      1511780
     6047120            2         104.826     24188480      3023560
     6047120            4         121.455     48376960      6047120
     6651800            1          75.320     13303600      1662950
     6651800            2         102.770     26607200      3325900
     6651800            4         150.999     53214400      6651800
     7316960            1          80.035     14633920      1829240
     7316960            2         123.754     29267840      3658480
     7316960            4         183.682     58535680      7316960
     8048640            1          87.754     16097280      2012160
     8048640            2         143.319     32194560      4024320
     8853480            1          97.109     17706960      2213370
     8853480            2         162.545     35413920      4426740
     9738800            1         105.340     19477600      2434700
     9738800            2         180.517     38955200      4869400
    10712680            1         116.805     21425360      2678170
    10712680            2         202.884     42850720      5356340
    11783920            1         125.804     23567840      2945980
    11783920            2         214.474     47135680      5891960
    12962280            1         136.587     25924560      3240570
    12962280            2         236.303     51849120      6481140
    14258480            1         153.635     28516960      3564620
    14258480            2         265.644     57033920      7129240
    15684320            1         170.410     31368640      3921080
    17252720            1         196.961     34505440      4313180
    18977960            1         221.295     37955920      4744490
    20875720            1         255.002     41751440      5218930
    22963280            1         286.579     45926560      5740820
    25259600            1         330.943     50519200      6314900
    27785560            1         381.605     55571120      6946390
    30564080            1         447.618     61128160      7641020

META_DATA
FLOPS          2
OPENMP_THREADS 5
ERT_VERSION  1.1.0
HOSTNAME  ('cirrus4.computing.clemson.edu', ['cirrus4'], ['127.0.1.1'])
UNAME  uname_result(system='Linux', node='cirrus4.computing.clemson.edu', release='5.4.0-81-generic', version='#91-Ubuntu SMP Thu Jul 15 19:09:17 UTC 2021', machine='x86_64', processor='x86_64')
TIMESTAMP_DATA  1632245404.1850176
CONFIG  {'ERT_RESULTS': ['Results.cs.clemson.edu'], 'ERT_DRIVER': ['driver1'], 'ERT_KERNEL': ['kernel1'], 'ERT_MPI': ['False'], 'ERT_MPI_CFLAGS': [], 'ERT_MPI_LDFLAGS': [], 'ERT_OPENMP': ['True'], 'ERT_OPENMP_CFLAGS': ['-fopenmp'], 'ERT_OPENMP_LDFLAGS': ['-fopenmp'], 'ERT_FLOPS': ['1,2,4'], 'ERT_ALIGN': ['32'], 'ERT_CC': ['g++'], 'ERT_CFLAGS': ['-O3', '-std=c++11', '-fstrict-aliasing', '-march=native'], 'ERT_LD': ['g++'], 'ERT_LDFLAGS': [], 'ERT_LDLIBS': [], 'ERT_PRECISION': ['FP64'], 'ERT_RUN': ['export', 'OMP_NUM_THREADS=ERT_OPENMP_THREADS;', 'export', 'OMP_PLACES=threads;', 'export', 'OMP_PROC_BIND=spread;', './ERT_CODE'], 'ERT_PROCS_THREADS': ['8'], 'ERT_MPI_PROCS': ['2,4,8'], 'ERT_OPENMP_THREADS': ['1-8'], 'ERT_NUM_EXPERIMENTS': ['5'], 'ERT_MEMORY_MAX': ['31000000'], 'ERT_WORKING_SET_MIN': ['1'], 'ERT_TRIALS_MIN': ['1'], 'ERT_GNUPLOT': ['gnuplot'], 'ERT_GPU': [False], 'ERT_HIP': [False], 'ERT_OCL': [False], 'ERT_SYCL': [False], 'ERT_WSS_MULT': [1.1]}
