fp64
          40            1           1.034           80           10
          40            2           0.466          160           20
          40            4           0.525          320           40
          40            8           0.605          640           80
          40           16           0.550         1280          160
          40           32           0.573         2560          320
          40           64           0.615         5120          640
          40          128           0.780        10240         1280
          40          256           1.042        20480         2560
          40          512           1.646        40960         5120
          40         1024           2.620        81920        10240
          40         2048           4.995       163840        20480
          40         4096           9.467       327680        40960
          40         8192          18.463       655360        81920
          40        16384          36.625      1310720       163840
          40        32768          72.973      2621440       327680
          40        65536         145.461      5242880       655360
          40       131072         290.520     10485760      1310720
          40       262144         580.376     20971520      2621440
          40       524288        1160.518     41943040      5242880
          80            1           0.388          160           20
          80            2           0.605          320           40
          80            4           0.489          640           80
          80            8           0.592         1280          160
          80           16           0.423         2560          320
          80           32           0.486         5120          640
          80           64           0.730        10240         1280
          80          128           0.981        20480         2560
          80          256           1.253        40960         5120
          80          512           2.040        81920        10240
          80         1024           3.570       163840        20480
          80         2048           6.705       327680        40960
          80         4096          13.003       655360        81920
          80         8192          25.496      1310720       163840
          80        16384          50.570      2621440       327680
          80        32768         108.209      5242880       655360
          80        65536         200.313     10485760      1310720
          80       131072         400.372     20971520      2621440
          80       262144         800.431     41943040      5242880
         120            1           0.364          240           30
         120            2           0.421          480           60
         120            4           0.539          960          120
         120            8           0.561         1920          240
         120           16           0.489         3840          480
         120           32           0.578         7680          960
         120           64           0.775        15360         1920
         120          128           0.776        30720         3840
         120          256           1.179        61440         7680
         120          512           2.125       122880        15360
         120         1024           3.659       245760        30720
         120         2048           6.611       491520        61440
         120         4096          12.862       983040       122880
         120         8192          25.242      1966080       245760
         120        16384          49.912      3932160       491520
         120        32768          99.385      7864320       983040
         120        65536         198.377     15728640      1966080
         120       131072         396.231     31457280      3932160
         160            1           0.400          320           40
         160            2           0.596          640           80
         160            4           0.470         1280          160
         160            8           0.544         2560          320
         160           16           0.474         5120          640
         160           32           0.698        10240         1280
         160           64           0.831        20480         2560
         160          128           0.903        40960         5120
         160          256           1.268        81920        10240
         160          512           2.209       163840        20480
         160         1024           3.735       327680        40960
         160         2048           7.149       655360        81920
         160         4096          13.492      1310720       163840
         160         8192          26.403      2621440       327680
         160        16384          53.185      5242880       655360
         160        32768         104.866     10485760      1310720
         160        65536         225.237     20971520      2621440
         160       131072         428.063     41943040      5242880
         200            1           0.379          400           50
         200            2           0.584          800          100
         200            4           0.443         1600          200
         200            8           0.510         3200          400
         200           16           0.606         6400          800
         200           32           0.517        12800         1600
         200           64           0.544        25600         3200
         200          128           0.989        51200         6400
         200          256           1.431       102400        12800
         200          512           2.037       204800        25600
         200         1024           3.679       409600        51200
         200         2048           7.101       819200       102400
         200         4096          13.401      1638400       204800
         200         8192          26.612      3276800       409600
         200        16384          52.741      6553600       819200
         200        32768         105.044     13107200      1638400
         200        65536         209.700     26214400      3276800
         200       131072         418.964     52428800      6553600
         240            1           0.716          480           60
         240            2           0.577          960          120
         240            4           0.491         1920          240
         240            8           0.542         3840          480
         240           16           0.539         7680          960
         240           32           0.616        15360         1920
         240           64           0.632        30720         3840
         240          128           0.803        61440         7680
         240          256           1.400       122880        15360
         240          512           2.237       245760        30720
         240         1024           3.875       491520        61440
         240         2048           6.979       983040       122880
         240         4096          13.562      1966080       245760
         240         8192          26.708      3932160       491520
         240        16384          53.169      7864320       983040
         240        32768         105.644     15728640      1966080
         240        65536         210.763     31457280      3932160
         280            1           0.413          560           70
         280            2           0.502         1120          140
         280            4           0.479         2240          280
         280            8           0.629         4480          560
         280           16           0.535         8960         1120
         280           32           0.750        17920         2240
         280           64           0.700        35840         4480
         280          128           0.963        71680         8960
         280          256           1.362       143360        17920
         280          512           2.167       286720        35840
         280         1024           3.844       573440        71680
         280         2048           7.102      1146880       143360
         280         4096          13.768      2293760       286720
         280         8192          26.785      4587520       573440
         280        16384          52.966      9175040      1146880
         280        32768         105.623     18350080      2293760
         280        65536         210.536     36700160      4587520
         320            1           0.438          640           80
         320            2           0.637         1280          160
         320            4           0.569         2560          320
         320            8           0.688         5120          640
         320           16           0.573        10240         1280
         320           32           0.526        20480         2560
         320           64           0.700        40960         5120
         320          128           0.894        81920        10240
         320          256           1.399       163840        20480
         320          512           2.133       327680        40960
         320         1024           4.042       655360        81920
         320         2048           7.295      1310720       163840
         320         4096          14.208      2621440       327680
         320         8192          28.053      5242880       655360
         320        16384          65.138     10485760      1310720
         320        32768         110.810     20971520      2621440
         320        65536         220.799     41943040      5242880
         360            1           0.418          720           90
         360            2           0.549         1440          180
         360            4           0.531         2880          360
         360            8           0.690         5760          720
         360           16           0.769        11520         1440
         360           32           0.610        23040         2880
         360           64           0.648        46080         5760
         360          128           1.006        92160        11520
         360          256           1.147       184320        23040
         360          512           2.144       368640        46080
         360         1024           4.016       737280        92160
         360         2048           7.421      1474560       184320
         360         4096          14.248      2949120       368640
         360         8192          28.148      5898240       737280
         360        16384          55.794     11796480      1474560
         360        32768         111.570     23592960      2949120
         360        65536         221.246     47185920      5898240
         400            1           1.092          800          100
         400            2           0.503         1600          200
         400            4           0.543         3200          400
         400            8           0.673         6400          800
         400           16           0.445        12800         1600
         400           32           0.457        25600         3200
         400           64           0.484        51200         6400
         400          128           0.636       102400        12800
         400          256           1.088       204800        25600
         400          512           1.726       409600        51200
         400         1024           2.709       819200       102400
         400         2048           5.066      1638400       204800
         400         4096           9.690      3276800       409600
         400         8192          18.482      6553600       819200
         400        16384          36.301     13107200      1638400
         400        32768          72.059     26214400      3276800
         400        65536         143.630     52428800      6553600
         440            1           0.444          880          110
         440            2           0.351         1760          220
         440            4           0.505         3520          440
         440            8           0.631         7040          880
         440           16           0.539        14080         1760
         440           32           0.678        28160         3520
         440           64           0.504        56320         7040
         440          128           0.769       112640        14080
         440          256           0.934       225280        28160
         440          512           1.696       450560        56320
         440         1024           2.763       901120       112640
         440         2048           4.975      1802240       225280
         440         4096           9.502      3604480       450560
         440         8192          18.523      7208960       901120
         440        16384          36.426     14417920      1802240
         440        32768          76.999     28835840      3604480
         440        65536         144.310     57671680      7208960
         480            1           0.363          960          120
         480            2           0.397         1920          240
         480            4           0.442         3840          480
         480            8           0.568         7680          960
         480           16           0.409        15360         1920
         480           32           0.535        30720         3840
         480           64           0.511        61440         7680
         480          128           0.605       122880        15360
         480          256           1.141       245760        30720
         480          512           1.636       491520        61440
         480         1024           2.778       983040       122880
         480         2048           4.973      1966080       245760
         480         4096           9.316      3932160       491520
         480         8192          18.192      7864320       983040
         480        16384          36.145     15728640      1966080
         480        32768          72.082     31457280      3932160
         520            1           0.271         1040          130
         520            2           0.624         2080          260
         520            4           0.574         4160          520
         520            8           0.673         8320         1040
         520           16           0.479        16640         2080
         520           32           0.493        33280         4160
         520           64           0.697        66560         8320
         520          128           0.637       133120        16640
         520          256           1.159       266240        33280
         520          512           1.683       532480        66560
         520         1024           2.649      1064960       133120
         520         2048           4.882      2129920       266240
         520         4096           9.552      4259840       532480
         520         8192          18.586      8519680      1064960
         520        16384          36.675     17039360      2129920
         520        32768          73.020     34078720      4259840
         560            1           0.273         1120          140
         560            2           0.516         2240          280
         560            4           0.548         4480          560
         560            8           0.530         8960         1120
         560           16           0.471        17920         2240
         560           32           0.558        35840         4480
         560           64           0.519        71680         8960
         560          128           0.749       143360        17920
         560          256           1.023       286720        35840
         560          512           1.677       573440        71680
         560         1024           2.812      1146880       143360
         560         2048           4.973      2293760       286720
         560         4096           9.441      4587520       573440
         560         8192          18.466      9175040      1146880
         560        16384          36.332     18350080      2293760
         560        32768          72.418     36700160      4587520
         600            1           0.293         1200          150
         600            2           0.563         2400          300
         600            4           0.555         4800          600
         600            8           0.466         9600         1200
         600           16           0.587        19200         2400
         600           32           0.655        38400         4800
         600           64           0.536        76800         9600
         600          128           0.744       153600        19200
         600          256           1.110       307200        38400
         600          512           1.507       614400        76800
         600         1024           2.784      1228800       153600
         600         2048           4.931      2457600       307200
         600         4096           9.429      4915200       614400
         600         8192          18.693      9830400      1228800
         600        16384          36.841     19660800      2457600
         600        32768          72.985     39321600      4915200
         640            1           1.328         1280          160
         640            2           0.433         2560          320
         640            4           0.564         5120          640
         640            8           0.611        10240         1280
         640           16           0.611        20480         2560
         640           32           0.494        40960         5120
         640           64           0.632        81920        10240
         640          128           0.809       163840        20480
         640          256           0.967       327680        40960
         640          512           1.567       655360        81920
         640         1024           2.786      1310720       163840
         640         2048           5.057      2621440       327680
         640         4096           9.418      5242880       655360
         640         8192          18.550     10485760      1310720
         640        16384          36.629     20971520      2621440
         640        32768          72.805     41943040      5242880
         680            1           0.273         1360          170
         680            2           0.535         2720          340
         680            4           0.448         5440          680
         680            8           0.467        10880         1360
         680           16           0.382        21760         2720
         680           32           0.546        43520         5440
         680           64           0.641        87040        10880
         680          128           0.753       174080        21760
         680          256           1.102       348160        43520
         680          512           1.597       696320        87040
         680         1024           2.847      1392640       174080
         680         2048           5.312      2785280       348160
         680         4096          10.476      5570560       696320
         680         8192          20.366     11141120      1392640
         680        16384          40.545     22282240      2785280
         680        32768          80.475     44564480      5570560
         720            1           0.767         1440          180
         720            2           0.376         2880          360
         720            4           0.360         5760          720
         720            8           0.412        11520         1440
         720           16           0.391        23040         2880
         720           32           0.664        46080         5760
         720           64           0.693        92160        11520
         720          128           0.651       184320        23040
         720          256           0.904       368640        46080
         720          512           1.678       737280        92160
         720         1024           3.015      1474560       184320
         720         2048           5.938      2949120       368640
         720         4096          11.395      5898240       737280
         720         8192          22.697     11796480      1474560
         720        16384          44.736     23592960      2949120
         720        32768          89.048     47185920      5898240
         760            1           0.272         1520          190
         760            2           0.479         3040          380
         760            4           0.613         6080          760
         760            8           0.465        12160         1520
         760           16           0.464        24320         3040
         760           32           0.541        48640         6080
         760           64           0.638        97280        12160
         760          128           0.800       194560        24320
         760          256           1.039       389120        48640
         760          512           1.725       778240        97280
         760         1024           3.208      1556480       194560
         760         2048           6.162      3112960       389120
         760         4096          12.138      6225920       778240
         760         8192          23.933     12451840      1556480
         760        16384          47.286     24903680      3112960
         760        32768          94.346     49807360      6225920
         800            1           0.763         1600          200
         800            2           0.697         3200          400
         800            4           0.598         6400          800
         800            8           0.667        12800         1600
         800           16           0.623        25600         3200
         800           32           0.505        51200         6400
         800           64           0.530       102400        12800
         800          128           0.806       204800        25600
         800          256           1.097       409600        51200
         800          512           1.530       819200       102400
         800         1024           2.823      1638400       204800
         800         2048           5.557      3276800       409600
         800         4096          10.692      6553600       819200
         800         8192          20.776     13107200      1638400
         800        16384          40.934     26214400      3276800
         800        32768          81.696     52428800      6553600
         880            1           0.319         1760          220
         880            2           0.592         3520          440
         880            4           0.460         7040          880
         880            8           0.595        14080         1760
         880           16           0.535        28160         3520
         880           32           0.580        56320         7040
         880           64           0.597       112640        14080
         880          128           0.792       225280        28160
         880          256           1.004       450560        56320
         880          512           1.708       901120       112640
         880         1024           3.106      1802240       225280
         880         2048           6.270      3604480       450560
         880         4096          12.071      7208960       901120
         880         8192          23.879     14417920      1802240
         880        16384          47.342     28835840      3604480
         880        32768          94.161     57671680      7208960
         960            1           0.892         1920          240
         960            2           0.392         3840          480
         960            4           0.390         7680          960
         960            8           0.684        15360         1920
         960           16           0.395        30720         3840
         960           32           0.641        61440         7680
         960           64           0.690       122880        15360
         960          128           0.731       245760        30720
         960          256           1.174       491520        61440
         960          512           1.862       983040       122880
         960         1024           3.388      1966080       245760
         960         2048           6.571      3932160       491520
         960         4096          12.893      7864320       983040
         960         8192          25.410     15728640      1966080
         960        16384          50.351     31457280      3932160
        1040            1           0.248         2080          260
        1040            2           0.479         4160          520
        1040            4           0.442         8320         1040
        1040            8           0.618        16640         2080
        1040           16           0.539        33280         4160
        1040           32           0.652        66560         8320
        1040           64           0.530       133120        16640
        1040          128           0.814       266240        33280
        1040          256           1.138       532480        66560
        1040          512           2.100      1064960       133120
        1040         1024           3.831      2129920       266240
        1040         2048           7.490      4259840       532480
        1040         4096          14.606      8519680      1064960
        1040         8192          29.009     17039360      2129920
        1040        16384          57.904     34078720      4259840
        1120            1           0.299         2240          280
        1120            2           0.585         4480          560
        1120            4           0.500         8960         1120
        1120            8           0.620        17920         2240
        1120           16           0.566        35840         4480
        1120           32           0.475        71680         8960
        1120           64           0.669       143360        17920
        1120          128           0.724       286720        35840
        1120          256           1.173       573440        71680
        1120          512           1.933      1146880       143360
        1120         1024           3.922      2293760       286720
        1120         2048           7.272      4587520       573440
        1120         4096          14.234      9175040      1146880
        1120         8192          28.204     18350080      2293760
        1120        16384          56.237     36700160      4587520
        1200            1           0.674         2400          300
        1200            2           0.262         4800          600
        1200            4           0.522         9600         1200
        1200            8           0.577        19200         2400
        1200           16           0.650        38400         4800
        1200           32           0.663        76800         9600
        1200           64           0.683       153600        19200
        1200          128           0.837       307200        38400
        1200          256           1.164       614400        76800
        1200          512           2.087      1228800       153600
        1200         1024           3.847      2457600       307200
        1200         2048           7.439      4915200       614400
        1200         4096          14.596      9830400      1228800
        1200         8192          29.240     19660800      2457600
        1200        16384          57.719     39321600      4915200
        1320            1           1.320         2640          330
        1320            2           0.491         5280          660
        1320            4           0.685        10560         1320
        1320            8           0.405        21120         2640
        1320           16           0.525        42240         5280
        1320           32           0.456        84480        10560
        1320           64           0.585       168960        21120
        1320          128           0.813       337920        42240
        1320          256           1.296       675840        84480
        1320          512           2.163      1351680       168960
        1320         1024           4.090      2703360       337920
        1320         2048           7.918      5406720       675840
        1320         4096          15.438     10813440      1351680
        1320         8192          30.457     21626880      2703360
        1320        16384          60.333     43253760      5406720
        1440            1           0.779         2880          360
        1440            2           0.393         5760          720
        1440            4           0.626        11520         1440
        1440            8           0.486        23040         2880
        1440           16           0.507        46080         5760
        1440           32           0.651        92160        11520
        1440           64           0.575       184320        23040
        1440          128           0.793       368640        46080
        1440          256           1.290       737280        92160
        1440          512           2.426      1474560       184320
        1440         1024           4.475      2949120       368640
        1440         2048           8.594      5898240       737280
        1440         4096          16.951     11796480      1474560
        1440         8192          33.503     23592960      2949120
        1440        16384          66.482     47185920      5898240
        1560            1           0.312         3120          390
        1560            2           0.586         6240          780
        1560            4           0.588        12480         1560
        1560            8           0.569        24960         3120
        1560           16           0.435        49920         6240
        1560           32           0.553        99840        12480
        1560           64           0.589       199680        24960
        1560          128           0.794       399360        49920
        1560          256           1.329       798720        99840
        1560          512           2.370      1597440       199680
        1560         1024           4.543      3194880       399360
        1560         2048           8.879      6389760       798720
        1560         4096          17.325     12779520      1597440
        1560         8192          34.287     25559040      3194880
        1560        16384          68.182     51118080      6389760
        1680            1           0.470         3360          420
        1680            2           0.294         6720          840
        1680            4           0.476        13440         1680
        1680            8           0.484        26880         3360
        1680           16           0.433        53760         6720
        1680           32           0.588       107520        13440
        1680           64           0.644       215040        26880
        1680          128           0.930       430080        53760
        1680          256           1.392       860160       107520
        1680          512           2.526      1720320       215040
        1680         1024           4.901      3440640       430080
        1680         2048           9.313      6881280       860160
        1680         4096          18.337     13762560      1720320
        1680         8192          36.269     27525120      3440640
        1680        16384          72.334     55050240      6881280
        1840            1           0.851         3680          460
        1840            2           0.517         7360          920
        1840            4           0.396        14720         1840
        1840            8           0.630        29440         3680
        1840           16           0.446        58880         7360
        1840           32           0.578       117760        14720
        1840           64           0.651       235520        29440
        1840          128           0.946       471040        58880
        1840          256           1.449       942080       117760
        1840          512           2.684      1884160       235520
        1840         1024           5.157      3768320       471040
        1840         2048           9.861      7536640       942080
        1840         4096          19.458     15073280      1884160
        1840         8192          38.615     30146560      3768320
        1840        16384          76.831     60293120      7536640
        2000            1           0.569         4000          500
        2000            2           0.631         8000         1000
        2000            4           0.536        16000         2000
        2000            8           0.457        32000         4000
        2000           16           0.420        64000         8000
        2000           32           0.538       128000        16000
        2000           64           0.684       256000        32000
        2000          128           0.904       512000        64000
        2000          256           1.520      1024000       128000
        2000          512           2.945      2048000       256000
        2000         1024           5.358      4096000       512000
        2000         2048          10.535      8192000      1024000
        2000         4096          20.849     16384000      2048000
        2000         8192          41.257     32768000      4096000
        2200            1           2.337         4400          550
        2200            2           0.271         8800         1100
        2200            4           0.541        17600         2200
        2200            8           0.563        35200         4400
        2200           16           0.470        70400         8800
        2200           32           0.532       140800        17600
        2200           64           0.642       281600        35200
        2200          128           1.017       563200        70400
        2200          256           1.631      1126400       140800
        2200          512           3.016      2252800       281600
        2200         1024           5.685      4505600       563200
        2200         2048          11.131      9011200      1126400
        2200         4096          22.066     18022400      2252800
        2200         8192          44.015     36044800      4505600
        2400            1           0.260         4800          600
        2400            2           0.491         9600         1200
        2400            4           0.517        19200         2400
        2400            8           0.459        38400         4800
        2400           16           0.506        76800         9600
        2400           32           0.592       153600        19200
        2400           64           0.632       307200        38400
        2400          128           0.946       614400        76800
        2400          256           1.571      1228800       153600
        2400          512           2.801      2457600       307200
        2400         1024           5.243      4915200       614400
        2400         2048          10.295      9830400      1228800
        2400         4096          20.224     19660800      2457600
        2400         8192          40.412     39321600      4915200
        2640            1           0.328         5280          660
        2640            2           0.528        10560         1320
        2640            4           0.573        21120         2640
        2640            8           0.655        42240         5280
        2640           16           0.497        84480        10560
        2640           32           0.536       168960        21120
        2640           64           0.686       337920        42240
        2640          128           1.180       675840        84480
        2640          256           1.967      1351680       168960
        2640          512           3.401      2703360       337920
        2640         1024           6.536      5406720       675840
        2640         2048          12.729     10813440      1351680
        2640         4096          25.195     21626880      2703360
        2640         8192          59.536     43253760      5406720
        2880            1           0.615         5760          720
        2880            2           0.426        11520         1440
        2880            4           0.489        23040         2880
        2880            8           0.385        46080         5760
        2880           16           0.603        92160        11520
        2880           32           0.444       184320        23040
        2880           64           0.778       368640        46080
        2880          128           1.153       737280        92160
        2880          256           1.824      1474560       184320
        2880          512           3.251      2949120       368640
        2880         1024           6.396      5898240       737280
        2880         2048          12.293     11796480      1474560
        2880         4096          24.332     23592960      2949120
        2880         8192          48.264     47185920      5898240
        3160            1           0.712         6320          790
        3160            2           0.443        12640         1580
        3160            4           0.483        25280         3160
        3160            8           0.554        50560         6320
        3160           16           0.574       101120        12640
        3160           32           0.554       202240        25280
        3160           64           0.801       404480        50560
        3160          128           1.265       808960       101120
        3160          256           2.088      1617920       202240
        3160          512           3.817      3235840       404480
        3160         1024           7.251      6471680       808960
        3160         2048          14.388     12943360      1617920
        3160         4096          28.375     25886720      3235840
        3160         8192          56.524     51773440      6471680
        3440            1           0.359         6880          860
        3440            2           0.425        13760         1720
        3440            4           0.509        27520         3440
        3440            8           0.481        55040         6880
        3440           16           0.623       110080        13760
        3440           32           0.663       220160        27520
        3440           64           0.768       440320        55040
        3440          128           1.300       880640       110080
        3440          256           2.074      1761280       220160
        3440          512           4.319      3522560       440320
        3440         1024           8.498      7045120       880640
        3440         2048          16.066     14090240      1761280
        3440         4096          30.920     28180480      3522560
        3440         8192          62.401     56360960      7045120
        3760            1           1.121         7520          940
        3760            2           0.401        15040         1880
        3760            4           0.508        30080         3760
        3760            8           0.706        60160         7520
        3760           16           0.530       120320        15040
        3760           32           0.666       240640        30080
        3760           64           0.915       481280        60160
        3760          128           1.223       962560       120320
        3760          256           2.311      1925120       240640
        3760          512           4.093      3850240       481280
        3760         1024           8.115      7700480       962560
        3760         2048          15.953     15400960      1925120
        3760         4096          31.500     30801920      3850240
        3760         8192          62.696     61603840      7700480
        4120            1           0.688         8240         1030
        4120            2           0.458        16480         2060
        4120            4           0.587        32960         4120
        4120            8           0.647        65920         8240
        4120           16           0.557       131840        16480
        4120           32           0.632       263680        32960
        4120           64           0.900       527360        65920
        4120          128           1.317      1054720       131840
        4120          256           2.536      2109440       263680
        4120          512           4.489      4218880       527360
        4120         1024           8.628      8437760      1054720
        4120         2048          17.103     16875520      2109440
        4120         4096          33.769     33751040      4218880
        4520            1           0.337         9040         1130
        4520            2           0.430        18080         2260
        4520            4           0.616        36160         4520
        4520            8           0.739        72320         9040
        4520           16           0.676       144640        18080
        4520           32           0.697       289280        36160
        4520           64           0.874       578560        72320
        4520          128           1.302      1157120       144640
        4520          256           2.470      2314240       289280
        4520          512           4.794      4628480       578560
        4520         1024           9.202      9256960      1157120
        4520         2048          18.096     18513920      2314240
        4520         4096          35.864     37027840      4628480
        4960            1           0.470         9920         1240
        4960            2           0.358        19840         2480
        4960            4           0.418        39680         4960
        4960            8           0.598        79360         9920
        4960           16           0.653       158720        19840
        4960           32           0.813       317440        39680
        4960           64           1.015       634880        79360
        4960          128           1.402      1269760       158720
        4960          256           2.777      2539520       317440
        4960          512           5.011      5079040       634880
        4960         1024           9.866     10158080      1269760
        4960         2048          19.127     20316160      2539520
        4960         4096          37.897     40632320      5079040
        5440            1           0.737        10880         1360
        5440            2           0.447        21760         2720
        5440            4           0.611        43520         5440
        5440            8           0.585        87040        10880
        5440           16           0.647       174080        21760
        5440           32           0.767       348160        43520
        5440           64           1.169       696320        87040
        5440          128           2.002      1392640       174080
        5440          256           3.428      2785280       348160
        5440          512           6.618      5570560       696320
        5440         1024          12.934     11141120      1392640
        5440         2048          25.377     22282240      2785280
        5440         4096          50.321     44564480      5570560
        5960            1           0.340        11920         1490
        5960            2           0.496        23840         2980
        5960            4           0.450        47680         5960
        5960            8           0.507        95360        11920
        5960           16           0.549       190720        23840
        5960           32           0.803       381440        47680
        5960           64           0.977       762880        95360
        5960          128           1.688      1525760       190720
        5960          256           3.090      3051520       381440
        5960          512           5.857      6103040       762880
        5960         1024          11.462     12206080      1525760
        5960         2048          22.700     24412160      3051520
        5960         4096          44.809     48824320      6103040
        6520            1           0.495        13040         1630
        6520            2           0.700        26080         3260
        6520            4           0.462        52160         6520
        6520            8           0.608       104320        13040
        6520           16           0.811       208640        26080
        6520           32           0.957       417280        52160
        6520           64           1.243       834560       104320
        6520          128           2.141      1669120       208640
        6520          256           3.903      3338240       417280
        6520          512           7.341      6676480       834560
        6520         1024          14.529     13352960      1669120
        6520         2048          29.243     26705920      3338240
        6520         4096          58.306     53411840      6676480
        7160            1           0.554        14320         1790
        7160            2           0.551        28640         3580
        7160            4           0.574        57280         7160
        7160            8           0.701       114560        14320
        7160           16           0.712       229120        28640
        7160           32           0.922       458240        57280
        7160           64           1.340       916480       114560
        7160          128           2.206      1832960       229120
        7160          256           4.128      3665920       458240
        7160          512           8.014      7331840       916480
        7160         1024          15.243     14663680      1832960
        7160         2048          29.673     29327360      3665920
        7160         4096          59.220     58654720      7331840
        7840            1           0.899        15680         1960
        7840            2           0.606        31360         3920
        7840            4           0.451        62720         7840
        7840            8           0.650       125440        15680
        7840           16           0.631       250880        31360
        7840           32           0.921       501760        62720
        7840           64           1.312      1003520       125440
        7840          128           2.151      2007040       250880
        7840          256           4.123      4014080       501760
        7840          512           7.877      8028160      1003520
        7840         1024          15.295     16056320      2007040
        7840         2048          30.198     32112640      4014080
        8600            1           0.644        17200         2150
        8600            2           0.459        34400         4300
        8600            4           0.723        68800         8600
        8600            8           0.667       137600        17200
        8600           16           0.632       275200        34400
        8600           32           0.905       550400        68800
        8600           64           1.450      1100800       137600
        8600          128           2.437      2201600       275200
        8600          256           4.576      4403200       550400
        8600          512           8.765      8806400      1100800
        8600         1024          17.124     17612800      2201600
        8600         2048          34.080     35225600      4403200
        9440            1           0.360        18880         2360
        9440            2           0.520        37760         4720
        9440            4           0.517        75520         9440
        9440            8           0.631       151040        18880
        9440           16           0.814       302080        37760
        9440           32           0.914       604160        75520
        9440           64           1.431      1208320       151040
        9440          128           2.552      2416640       302080
        9440          256           4.630      4833280       604160
        9440          512           8.989      9666560      1208320
        9440         1024          17.653     19333120      2416640
        9440         2048          34.911     38666240      4833280
       10360            1           0.819        20720         2590
       10360            2           0.527        41440         5180
       10360            4           0.461        82880        10360
       10360            8           0.673       165760        20720
       10360           16           0.750       331520        41440
       10360           32           0.997       663040        82880
       10360           64           1.527      1326080       165760
       10360          128           2.867      2652160       331520
       10360          256           5.253      5304320       663040
       10360          512          10.246     10608640      1326080
       10360         1024          20.163     21217280      2652160
       10360         2048          39.937     42434560      5304320
       11360            1           0.379        22720         2840
       11360            2           0.471        45440         5680
       11360            4           0.599        90880        11360
       11360            8           0.612       181760        22720
       11360           16           0.767       363520        45440
       11360           32           1.112       727040        90880
       11360           64           1.687      1454080       181760
       11360          128           2.956      2908160       363520
       11360          256           5.537      5816320       727040
       11360          512          10.659     11632640      1454080
       11360         1024          20.931     23265280      2908160
       11360         2048          41.476     46530560      5816320
       12480            1           0.396        24960         3120
       12480            2           0.573        49920         6240
       12480            4           0.683        99840        12480
       12480            8           0.841       199680        24960
       12480           16           0.972       399360        49920
       12480           32           1.205       798720        99840
       12480           64           1.897      1597440       199680
       12480          128           3.493      3194880       399360
       12480          256           6.501      6389760       798720
       12480          512          12.355     12779520      1597440
       12480         1024          24.870     25559040      3194880
       12480         2048          49.216     51118080      6389760
       13720            1           0.383        27440         3430
       13720            2           0.702        54880         6860
       13720            4           0.756       109760        13720
       13720            8           0.728       219520        27440
       13720           16           0.964       439040        54880
       13720           32           1.270       878080       109760
       13720           64           2.104      1756160       219520
       13720          128           3.843      3512320       439040
       13720          256           7.066      7024640       878080
       13720          512          13.775     14049280      1756160
       13720         1024          26.930     28098560      3512320
       13720         2048          53.659     56197120      7024640
       15080            1           0.360        30160         3770
       15080            2           0.505        60320         7540
       15080            4           0.446       120640        15080
       15080            8           0.681       241280        30160
       15080           16           0.959       482560        60320
       15080           32           1.311       965120       120640
       15080           64           2.110      1930240       241280
       15080          128           3.934      3860480       482560
       15080          256           7.397      7720960       965120
       15080          512          14.386     15441920      1930240
       15080         1024          28.209     30883840      3860480
       15080         2048          55.999     61767680      7720960
       16560            1           0.449        33120         4140
       16560            2           0.443        66240         8280
       16560            4           0.694       132480        16560
       16560            8           0.838       264960        33120
       16560           16           1.020       529920        66240
       16560           32           1.480      1059840       132480
       16560           64           2.467      2119680       264960
       16560          128           4.515      4239360       529920
       16560          256           8.655      8478720      1059840
       16560          512          17.233     16957440      2119680
       16560         1024          33.527     33914880      4239360
       18200            1           0.660        36400         4550
       18200            2           0.512        72800         9100
       18200            4           0.656       145600        18200
       18200            8           0.796       291200        36400
       18200           16           1.007       582400        72800
       18200           32           1.536      1164800       145600
       18200           64           2.657      2329600       291200
       18200          128           4.668      4659200       582400
       18200          256           8.914      9318400      1164800
       18200          512          17.242     18636800      2329600
       18200         1024          34.378     37273600      4659200
       20000            1           1.399        40000         5000
       20000            2           0.610        80000        10000
       20000            4           0.647       160000        20000
       20000            8           0.684       320000        40000
       20000           16           1.053       640000        80000
       20000           32           1.616      1280000       160000
       20000           64           2.696      2560000       320000
       20000          128           4.983      5120000       640000
       20000          256           9.484     10240000      1280000
       20000          512          18.580     20480000      2560000
       20000         1024          36.773     40960000      5120000
       22000            1           0.492        44000         5500
       22000            2           0.691        88000        11000
       22000            4           0.714       176000        22000
       22000            8           0.798       352000        44000
       22000           16           1.061       704000        88000
       22000           32           1.757      1408000       176000
       22000           64           2.940      2816000       352000
       22000          128           5.402      5632000       704000
       22000          256          10.497     11264000      1408000
       22000          512          21.969     22528000      2816000
       22000         1024          44.491     45056000      5632000
       24200            1           0.940        48400         6050
       24200            2           0.466        96800        12100
       24200            4           0.664       193600        24200
       24200            8           0.775       387200        48400
       24200           16           1.187       774400        96800
       24200           32           1.962      1548800       193600
       24200           64           3.215      3097600       387200
       24200          128           5.911      6195200       774400
       24200          256          11.358     12390400      1548800
       24200          512          22.450     24780800      3097600
       24200         1024          44.526     49561600      6195200
       26600            1           0.597        53200         6650
       26600            2           0.625       106400        13300
       26600            4           0.693       212800        26600
       26600            8           0.803       425600        53200
       26600           16           1.276       851200       106400
       26600           32           1.877      1702400       212800
       26600           64           3.457      3404800       425600
       26600          128           6.388      6809600       851200
       26600          256          12.515     13619200      1702400
       26600          512          24.553     27238400      3404800
       26600         1024          48.614     54476800      6809600
       29240            1           0.560        58480         7310
       29240            2           0.626       116960        14620
       29240            4           0.717       233920        29240
       29240            8           0.934       467840        58480
       29240           16           1.259       935680       116960
       29240           32           2.104      1871360       233920
       29240           64           3.700      3742720       467840
       29240          128           7.043      7485440       935680
       29240          256          13.555     14970880      1871360
       29240          512          26.510     29941760      3742720
       29240         1024          52.736     59883520      7485440
       32160            1           0.788        64320         8040
       32160            2           0.800       128640        16080
       32160            4           0.783       257280        32160
       32160            8           0.933       514560        64320
       32160           16           1.361      1029120       128640
       32160           32           2.365      2058240       257280
       32160           64           4.018      4116480       514560
       32160          128           7.671      8232960      1029120
       32160          256          14.794     16465920      2058240
       32160          512          29.065     32931840      4116480
       35360            1           0.605        70720         8840
       35360            2           0.783       141440        17680
       35360            4           0.786       282880        35360
       35360            8           1.088       565760        70720
       35360           16           1.468      1131520       141440
       35360           32           2.626      2263040       282880
       35360           64           4.404      4526080       565760
       35360          128           8.340      9052160      1131520
       35360          256          16.188     18104320      2263040
       35360          512          31.923     36208640      4526080
       38880            1           0.877        77760         9720
       38880            2           0.735       155520        19440
       38880            4           0.833       311040        38880
       38880            8           1.194       622080        77760
       38880           16           1.590      1244160       155520
       38880           32           2.788      2488320       311040
       38880           64           4.871      4976640       622080
       38880          128           9.200      9953280      1244160
       38880          256          17.665     19906560      2488320
       38880          512          35.007     39813120      4976640
       42760            1           2.512        85520        10690
       42760            2           0.505       171040        21380
       42760            4           0.760       342080        42760
       42760            8           1.131       684160        85520
       42760           16           1.807      1368320       171040
       42760           32           2.837      2736640       342080
       42760           64           5.215      5473280       684160
       42760          128          10.086     10946560      1368320
       42760          256          19.606     21893120      2736640
       42760          512          38.542     43786240      5473280
       47000            1           1.587        94000        11750
       47000            2           0.713       188000        23500
       47000            4           0.914       376000        47000
       47000            8           1.206       752000        94000
       47000           16           1.885      1504000       188000
       47000           32           3.192      3008000       376000
       47000           64           5.684      6016000       752000
       47000          128          10.859     12032000      1504000
       47000          256          22.846     24064000      3008000
       47000          512          45.422     48128000      6016000
       51680            1           1.216       103360        12920
       51680            2           0.618       206720        25840
       51680            4           1.055       413440        51680
       51680            8           1.247       826880       103360
       51680           16           1.966      1653760       206720
       51680           32           3.441      3307520       413440
       51680           64           6.343      6615040       826880
       51680          128          11.821     13230080      1653760
       51680          256          23.495     26460160      3307520
       51680          512          46.243     52920320      6615040
       56840            1           1.871       113680        14210
       56840            2           0.882       227360        28420
       56840            4           0.927       454720        56840
       56840            8           1.340       909440       113680
       56840           16           2.124      1818880       227360
       56840           32           3.647      3637760       454720
       56840           64           6.735      7275520       909440
       56840          128          13.158     14551040      1818880
       56840          256          26.995     29102080      3637760
       56840          512          53.557     58204160      7275520
       62520            1           1.132       125040        15630
       62520            2           0.693       250080        31260
       62520            4           0.912       500160        62520
       62520            8           1.614      1000320       125040
       62520           16           2.270      2000640       250080
       62520           32           4.103      4001280       500160
       62520           64           7.540      8002560      1000320
       62520          128          14.346     16005120      2000640
       62520          256          29.833     32010240      4001280
       68760            1           1.080       137520        17190
       68760            2           0.800       275040        34380
       68760            4           1.240       550080        68760
       68760            8           1.515      1100160       137520
       68760           16           2.588      2200320       275040
       68760           32           4.453      4400640       550080
       68760           64           8.367      8801280      1100160
       68760          128          17.708     17602560      2200320
       68760          256          36.906     35205120      4400640
       75600            1           1.228       151200        18900
       75600            2           1.080       302400        37800
       75600            4           1.178       604800        75600
       75600            8           1.598      1209600       151200
       75600           16           2.606      2419200       302400
       75600           32           4.863      4838400       604800
       75600           64           8.855      9676800      1209600
       75600          128          17.144     19353600      2419200
       75600          256          33.841     38707200      4838400
       83160            1           1.098       166320        20790
       83160            2           0.832       332640        41580
       83160            4           1.212       665280        83160
       83160            8           1.819      1330560       166320
       83160           16           2.916      2661120       332640
       83160           32           5.266      5322240       665280
       83160           64           9.783     10644480      1330560
       83160          128          19.570     21288960      2661120
       83160          256          38.661     42577920      5322240
       91440            1           1.371       182880        22860
       91440            2           0.921       365760        45720
       91440            4           1.304       731520        91440
       91440            8           1.792      1463040       182880
       91440           16           3.277      2926080       365760
       91440           32           5.709      5852160       731520
       91440           64          10.861     11704320      1463040
       91440          128          21.198     23408640      2926080
       91440          256          41.881     46817280      5852160
      100560            1           2.031       201120        25140
      100560            2           1.112       402240        50280
      100560            4           1.491       804480       100560
      100560            8           1.965      1608960       201120
      100560           16           3.460      3217920       402240
      100560           32           6.241      6435840       804480
      100560           64          11.654     12871680      1608960
      100560          128          22.750     25743360      3217920
      100560          256          44.837     51486720      6435840
      110600            1           1.959       221200        27650
      110600            2           0.936       442400        55300
      110600            4           1.466       884800       110600
      110600            8           2.210      1769600       221200
      110600           16           3.714      3539200       442400
      110600           32           6.724      7078400       884800
      110600           64          12.723     14156800      1769600
      110600          128          25.464     28313600      3539200
      110600          256          50.581     56627200      7078400
      121640            1           1.670       243280        30410
      121640            2           1.171       486560        60820
      121640            4           1.570       973120       121640
      121640            8           2.356      1946240       243280
      121640           16           4.038      3892480       486560
      121640           32           7.289      7784960       973120
      121640           64          14.187     15569920      1946240
      121640          128          27.971     31139840      3892480
      133800            1           2.421       267600        33450
      133800            2           1.210       535200        66900
      133800            4           1.770      1070400       133800
      133800            8           2.585      2140800       267600
      133800           16           4.573      4281600       535200
      133800           32           8.043      8563200      1070400
      133800           64          15.680     17126400      2140800
      133800          128          30.957     34252800      4281600
      147160            1           2.875       294320        36790
      147160            2           1.210       588640        73580
      147160            4           1.773      1177280       147160
      147160            8           2.856      2354560       294320
      147160           16           4.797      4709120       588640
      147160           32           8.837      9418240      1177280
      147160           64          16.892     18836480      2354560
      147160          128          33.109     37672960      4709120
      161840            1           3.408       323680        40460
      161840            2           1.392       647360        80920
      161840            4           2.019      1294720       161840
      161840            8           3.074      2589440       323680
      161840           16           5.379      5178880       647360
      161840           32           9.889     10357760      1294720
      161840           64          19.008     20715520      2589440
      161840          128          37.082     41431040      5178880
      178000            1           4.145       356000        44500
      178000            2           1.513       712000        89000
      178000            4           2.281      1424000       178000
      178000            8           3.738      2848000       356000
      178000           16           6.772      5696000       712000
      178000           32          13.048     11392000      1424000
      178000           64          25.140     22784000      2848000
      178000          128          49.473     45568000      5696000
      195800            1           3.481       391600        48950
      195800            2           1.735       783200        97900
      195800            4           2.985      1566400       195800
      195800            8           4.953      3132800       391600
      195800           16           8.699      6265600       783200
      195800           32          16.944     12531200      1566400
      195800           64          33.260     25062400      3132800
      195800          128          65.621     50124800      6265600
      215360            1           4.462       430720        53840
      215360            2           1.939       861440       107680
      215360            4           3.121      1722880       215360
      215360            8           5.640      3445760       430720
      215360           16          10.206      6891520       861440
      215360           32          21.876     13783040      1722880
      215360           64          38.223     27566080      3445760
      215360          128          75.615     55132160      6891520
      236880            1           3.657       473760        59220
      236880            2           2.167       947520       118440
      236880            4           3.494      1895040       236880
      236880            8           6.133      3790080       473760
      236880           16          11.299      7580160       947520
      236880           32          21.734     15160320      1895040
      236880           64          42.667     30320640      3790080
      236880          128          84.090     60641280      7580160
      260560            1           4.015       521120        65140
      260560            2           2.283      1042240       130280
      260560            4           3.840      2084480       260560
      260560            8           6.598      4168960       521120
      260560           16          12.339      8337920      1042240
      260560           32          24.033     16675840      2084480
      260560           64          46.966     33351680      4168960
      286600            1           3.810       573200        71650
      286600            2           2.498      1146400       143300
      286600            4           4.216      2292800       286600
      286600            8           7.299      4585600       573200
      286600           16          13.498      9171200      1146400
      286600           32          26.265     18342400      2292800
      286600           64          51.588     36684800      4585600
      315240            1           4.634       630480        78810
      315240            2           2.749      1260960       157620
      315240            4           4.415      2521920       315240
      315240            8           7.983      5043840       630480
      315240           16          14.912     10087680      1260960
      315240           32          28.858     20175360      2521920
      315240           64          56.426     40350720      5043840
      346760            1           5.072       693520        86690
      346760            2           3.013      1387040       173380
      346760            4           4.950      2774080       346760
      346760            8           8.739      5548160       693520
      346760           16          16.457     11096320      1387040
      346760           32          31.476     22192640      2774080
      346760           64          61.857     44385280      5548160
      381400            1           6.484       762800        95350
      381400            2           3.200      1525600       190700
      381400            4           5.246      3051200       381400
      381400            8           9.602      6102400       762800
      381400           16          17.882     12204800      1525600
      381400           32          34.733     24409600      3051200
      381400           64          68.061     48819200      6102400
      419520            1           5.980       839040       104880
      419520            2           3.507      1678080       209760
      419520            4           5.707      3356160       419520
      419520            8          10.502      6712320       839040
      419520           16          19.769     13424640      1678080
      419520           32          38.249     26849280      3356160
      419520           64          85.181     53698560      6712320
      461440            1           6.744       922880       115360
      461440            2           3.786      1845760       230720
      461440            4           6.343      3691520       461440
      461440            8          11.322      7383040       922880
      461440           16          21.664     14766080      1845760
      461440           32          41.770     29532160      3691520
      461440           64          82.480     59064320      7383040
      507560            1           7.109      1015120       126890
      507560            2           4.300      2030240       253780
      507560            4           7.039      4060480       507560
      507560            8          12.643      8120960      1015120
      507560           16          23.660     16241920      2030240
      507560           32          45.821     32483840      4060480
      558280            1           7.897      1116560       139570
      558280            2           4.744      2233120       279140
      558280            4           7.630      4466240       558280
      558280            8          13.671      8932480      1116560
      558280           16          26.003     17864960      2233120
      558280           32          50.326     35729920      4466240
      614080            1           7.889      1228160       153520
      614080            2           4.810      2456320       307040
      614080            4           8.342      4912640       614080
      614080            8          15.229      9825280      1228160
      614080           16          28.433     19650560      2456320
      614080           32          55.389     39301120      4912640
      675480            1           9.251      1350960       168870
      675480            2           5.448      2701920       337740
      675480            4           9.026      5403840       675480
      675480            8          16.459     10807680      1350960
      675480           16          31.237     21615360      2701920
      675480           32          60.808     43230720      5403840
      743000            1          10.546      1486000       185750
      743000            2           6.004      2972000       371500
      743000            4           9.908      5944000       743000
      743000            8          18.125     11888000      1486000
      743000           16          34.335     23776000      2972000
      743000           32          66.548     47552000      5944000
      817280            1          12.183      1634560       204320
      817280            2           6.705      3269120       408640
      817280            4          10.796      6538240       817280
      817280            8          19.902     13076480      1634560
      817280           16          37.652     26152960      3269120
      817280           32          73.233     52305920      6538240
      899000            1          12.831      1798000       224750
      899000            2           6.862      3596000       449500
      899000            4          11.933      7192000       899000
      899000            8          21.779     14384000      1798000
      899000           16          41.428     28768000      3596000
      899000           32          80.867     57536000      7192000
      988880            1          13.706      1977760       247220
      988880            2           7.653      3955520       494440
      988880            4          13.027      7911040       988880
      988880            8          23.903     15822080      1977760
      988880           16          45.340     31644160      3955520
     1087760            1          15.656      2175520       271940
     1087760            2           8.302      4351040       543880
     1087760            4          14.305      8702080      1087760
     1087760            8          26.040     17404160      2175520
     1087760           16          49.892     34808320      4351040
     1196520            1          16.071      2393040       299130
     1196520            2           9.114      4786080       598260
     1196520            4          15.711      9572160      1196520
     1196520            8          28.702     19144320      2393040
     1196520           16          54.918     38288640      4786080
     1316160            1          19.391      2632320       329040
     1316160            2           9.947      5264640       658080
     1316160            4          17.346     10529280      1316160
     1316160            8          31.704     21058560      2632320
     1316160           16          60.166     42117120      5264640
     1447760            1          20.439      2895520       361940
     1447760            2          11.199      5791040       723880
     1447760            4          19.030     11582080      1447760
     1447760            8          34.758     23164160      2895520
     1447760           16          66.153     46328320      5791040
     1592520            1          21.080      3185040       398130
     1592520            2          12.106      6370080       796260
     1592520            4          20.966     12740160      1592520
     1592520            8          38.271     25480320      3185040
     1592520           16          72.913     50960640      6370080
     1751760            1          23.356      3503520       437940
     1751760            2          13.466      7007040       875880
     1751760            4          23.018     14014080      1751760
     1751760            8          49.956     28028160      3503520
     1751760           16          79.858     56056320      7007040
     1926920            1          26.528      3853840       481730
     1926920            2          14.550      7707680       963460
     1926920            4          25.125     15415360      1926920
     1926920            8          46.147     30830720      3853840
     1926920           16          88.069     61661440      7707680
     2119600            1          29.003      4239200       529900
     2119600            2          16.726      8478400      1059800
     2119600            4          27.614     16956800      2119600
     2119600            8          50.795     33913600      4239200
     2331560            1          32.226      4663120       582890
     2331560            2          18.487      9326240      1165780
     2331560            4          30.269     18652480      2331560
     2331560            8          55.678     37304960      4663120
     2564680            1          35.365      5129360       641170
     2564680            2          20.262     10258720      1282340
     2564680            4          33.101     20517440      2564680
     2564680            8          61.178     41034880      5129360
     2821120            1          39.624      5642240       705280
     2821120            2          23.040     11284480      1410560
     2821120            4          36.719     22568960      2821120
     2821120            8          67.256     45137920      5642240
     3103200            1          43.403      6206400       775800
     3103200            2          27.482     12412800      1551600
     3103200            4          43.128     24825600      3103200
     3103200            8          78.987     49651200      6206400
     3413520            1          48.425      6827040       853380
     3413520            2          30.323     13654080      1706760
     3413520            4          48.168     27308160      3413520
     3413520            8          96.726     54616320      6827040
     3754840            1          52.947      7509680       938710
     3754840            2          33.529     15019360      1877420
     3754840            4          52.756     30038720      3754840
     3754840            8          95.785     60077440      7509680
     4130320            1          55.760      8260640      1032580
     4130320            2          38.348     16521280      2065160
     4130320            4          59.126     33042560      4130320
     4543320            1          61.998      9086640      1135830
     4543320            2          46.785     18173280      2271660
     4543320            4          68.975     36346560      4543320
     4997640            1          62.273      9995280      1249410
     4997640            2          56.167     19990560      2498820
     4997640            4          83.179     39981120      4997640
     5497400            1          66.182     10994800      1374350
     5497400            2          66.649     21989600      2748700
     5497400            4          96.410     43979200      5497400
     6047120            1          69.650     12094240      1511780
     6047120            2          80.261     24188480      3023560
     6047120            4         145.983     48376960      6047120
     6651800            1          73.951     13303600      1662950
     6651800            2          95.762     26607200      3325900
     6651800            4         140.093     53214400      6651800
     7316960            1          78.162     14633920      1829240
     7316960            2         112.297     29267840      3658480
     7316960            4         164.698     58535680      7316960
     8048640            1          84.993     16097280      2012160
     8048640            2         130.972     32194560      4024320
     8853480            1          90.821     17706960      2213370
     8853480            2         148.225     35413920      4426740
     9738800            1         101.302     19477600      2434700
     9738800            2         166.212     38955200      4869400
    10712680            1         110.143     21425360      2678170
    10712680            2         186.221     42850720      5356340
    11783920            1         121.976     23567840      2945980
    11783920            2         207.406     47135680      5891960
    12962280            1         137.460     25924560      3240570
    12962280            2         231.227     51849120      6481140
    14258480            1         148.732     28516960      3564620
    14258480            2         256.226     57033920      7129240
    15684320            1         166.817     31368640      3921080
    17252720            1         189.730     34505440      4313180
    18977960            1         213.652     37955920      4744490
    20875720            1         245.408     41751440      5218930
    22963280            1         278.958     45926560      5740820
    25259600            1         327.094     50519200      6314900
    27785560            1         382.195     55571120      6946390
    30564080            1         435.996     61128160      7641020

META_DATA
FLOPS          2
OPENMP_THREADS 5
ERT_VERSION  1.1.0
HOSTNAME  ('cirrus4.computing.clemson.edu', ['cirrus4'], ['127.0.1.1'])
UNAME  uname_result(system='Linux', node='cirrus4.computing.clemson.edu', release='5.4.0-81-generic', version='#91-Ubuntu SMP Thu Jul 15 19:09:17 UTC 2021', machine='x86_64', processor='x86_64')
TIMESTAMP_DATA  1632245404.4238005
CONFIG  {'ERT_RESULTS': ['Results.cs.clemson.edu'], 'ERT_DRIVER': ['driver1'], 'ERT_KERNEL': ['kernel1'], 'ERT_MPI': ['False'], 'ERT_MPI_CFLAGS': [], 'ERT_MPI_LDFLAGS': [], 'ERT_OPENMP': ['True'], 'ERT_OPENMP_CFLAGS': ['-fopenmp'], 'ERT_OPENMP_LDFLAGS': ['-fopenmp'], 'ERT_FLOPS': ['1,2,4'], 'ERT_ALIGN': ['32'], 'ERT_CC': ['g++'], 'ERT_CFLAGS': ['-O3', '-std=c++11', '-fstrict-aliasing', '-march=native'], 'ERT_LD': ['g++'], 'ERT_LDFLAGS': [], 'ERT_LDLIBS': [], 'ERT_PRECISION': ['FP64'], 'ERT_RUN': ['export', 'OMP_NUM_THREADS=ERT_OPENMP_THREADS;', 'export', 'OMP_PLACES=threads;', 'export', 'OMP_PROC_BIND=spread;', './ERT_CODE'], 'ERT_PROCS_THREADS': ['8'], 'ERT_MPI_PROCS': ['2,4,8'], 'ERT_OPENMP_THREADS': ['1-8'], 'ERT_NUM_EXPERIMENTS': ['5'], 'ERT_MEMORY_MAX': ['31000000'], 'ERT_WORKING_SET_MIN': ['1'], 'ERT_TRIALS_MIN': ['1'], 'ERT_GNUPLOT': ['gnuplot'], 'ERT_GPU': [False], 'ERT_HIP': [False], 'ERT_OCL': [False], 'ERT_SYCL': [False], 'ERT_WSS_MULT': [1.1]}
