fp64
          40            1           0.888           80           10
          40            2           0.502          160           20
          40            4           0.584          320           40
          40            8           0.566          640           80
          40           16           0.544         1280          160
          40           32           0.709         2560          320
          40           64           0.730         5120          640
          40          128           0.746        10240         1280
          40          256           1.069        20480         2560
          40          512           1.492        40960         5120
          40         1024           2.670        81920        10240
          40         2048           4.854       163840        20480
          40         4096           9.496       327680        40960
          40         8192          18.460       655360        81920
          40        16384          36.634      1310720       163840
          40        32768          73.055      2621440       327680
          40        65536         145.466      5242880       655360
          40       131072         290.534     10485760      1310720
          40       262144         580.552     20971520      2621440
          40       524288        1174.901     41943040      5242880
          80            1           0.718          160           20
          80            2           0.493          320           40
          80            4           0.517          640           80
          80            8           0.403         1280          160
          80           16           0.608         2560          320
          80           32           0.606         5120          640
          80           64           0.661        10240         1280
          80          128           0.657        20480         2560
          80          256           1.102        40960         5120
          80          512           1.559        81920        10240
          80         1024           2.824       163840        20480
          80         2048           5.250       327680        40960
          80         4096           9.810       655360        81920
          80         8192          19.200      1310720       163840
          80        16384          37.977      2621440       327680
          80        32768          77.519      5242880       655360
          80        65536         213.725     10485760      1310720
          80       131072         410.231     20971520      2621440
          80       262144         800.457     41943040      5242880
         120            1           0.603          240           30
         120            2           0.481          480           60
         120            4           0.591          960          120
         120            8           0.667         1920          240
         120           16           0.493         3840          480
         120           32           0.651         7680          960
         120           64           0.725        15360         1920
         120          128           0.870        30720         3840
         120          256           1.319        61440         7680
         120          512           1.964       122880        15360
         120         1024           3.504       245760        30720
         120         2048           6.715       491520        61440
         120         4096          12.813       983040       122880
         120         8192          25.249      1966080       245760
         120        16384          49.940      3932160       491520
         120        32768          99.385      7864320       983040
         120        65536         198.367     15728640      1966080
         120       131072         396.273     31457280      3932160
         160            1           1.197          320           40
         160            2           0.484          640           80
         160            4           0.638         1280          160
         160            8           0.544         2560          320
         160           16           0.561         5120          640
         160           32           0.704        10240         1280
         160           64           0.735        20480         2560
         160          128           0.921        40960         5120
         160          256           1.415        81920        10240
         160          512           1.983       163840        20480
         160         1024           3.617       327680        40960
         160         2048           6.909       655360        81920
         160         4096          13.382      1310720       163840
         160         8192          26.399      2621440       327680
         160        16384          52.529      5242880       655360
         160        32768         104.734     10485760      1310720
         160        65536         209.170     20971520      2621440
         160       131072         433.129     41943040      5242880
         200            1           0.518          400           50
         200            2           0.540          800          100
         200            4           0.541         1600          200
         200            8           0.509         3200          400
         200           16           0.492         6400          800
         200           32           0.564        12800         1600
         200           64           0.681        25600         3200
         200          128           0.820        51200         6400
         200          256           1.326       102400        12800
         200          512           2.085       204800        25600
         200         1024           3.734       409600        51200
         200         2048           6.862       819200       102400
         200         4096          13.555      1638400       204800
         200         8192          26.561      3276800       409600
         200        16384          52.728      6553600       819200
         200        32768         105.049     13107200      1638400
         200        65536         209.848     26214400      3276800
         200       131072         418.805     52428800      6553600
         240            1           0.784          480           60
         240            2           0.519          960          120
         240            4           0.596         1920          240
         240            8           0.597         3840          480
         240           16           0.695         7680          960
         240           32           0.573        15360         1920
         240           64           0.660        30720         3840
         240          128           0.977        61440         7680
         240          256           1.194       122880        15360
         240          512           2.071       245760        30720
         240         1024           3.568       491520        61440
         240         2048           7.066       983040       122880
         240         4096          13.624      1966080       245760
         240         8192          26.743      3932160       491520
         240        16384          53.038      7864320       983040
         240        32768         105.589     15728640      1966080
         240        65536         210.774     31457280      3932160
         280            1           1.089          560           70
         280            2           0.519         1120          140
         280            4           0.440         2240          280
         280            8           0.500         4480          560
         280           16           0.504         8960         1120
         280           32           0.697        17920         2240
         280           64           0.674        35840         4480
         280          128           0.967        71680         8960
         280          256           1.183       143360        17920
         280          512           2.261       286720        35840
         280         1024           3.707       573440        71680
         280         2048           7.159      1146880       143360
         280         4096          13.676      2293760       286720
         280         8192          26.851      4587520       573440
         280        16384          52.953      9175040      1146880
         280        32768         105.563     18350080      2293760
         280        65536         210.602     36700160      4587520
         320            1           1.119          640           80
         320            2           0.634         1280          160
         320            4           0.634         2560          320
         320            8           0.638         5120          640
         320           16           0.621        10240         1280
         320           32           0.641        20480         2560
         320           64           0.759        40960         5120
         320          128           0.817        81920        10240
         320          256           1.435       163840        20480
         320          512           2.068       327680        40960
         320         1024           3.786       655360        81920
         320         2048           7.226      1310720       163840
         320         4096          14.062      2621440       327680
         320         8192          27.940      5242880       655360
         320        16384          55.592     10485760      1310720
         320        32768         110.527     20971520      2621440
         320        65536         220.623     41943040      5242880
         360            1           0.981          720           90
         360            2           0.465         1440          180
         360            4           0.459         2880          360
         360            8           0.520         5760          720
         360           16           0.760        11520         1440
         360           32           0.806        23040         2880
         360           64           0.793        46080         5760
         360          128           0.996        92160        11520
         360          256           1.398       184320        23040
         360          512           2.157       368640        46080
         360         1024           3.806       737280        92160
         360         2048           7.381      1474560       184320
         360         4096          14.178      2949120       368640
         360         8192          27.979      5898240       737280
         360        16384          56.044     11796480      1474560
         360        32768         111.526     23592960      2949120
         360        65536         223.020     47185920      5898240
         400            1           0.606          800          100
         400            2           0.642         1600          200
         400            4           0.502         3200          400
         400            8           0.653         6400          800
         400           16           0.521        12800         1600
         400           32           0.735        25600         3200
         400           64           0.704        51200         6400
         400          128           0.819       102400        12800
         400          256           1.414       204800        25600
         400          512           2.312       409600        51200
         400         1024           4.100       819200       102400
         400         2048           7.586      1638400       204800
         400         4096          14.632      3276800       409600
         400         8192          28.017      6553600       819200
         400        16384          55.687     13107200      1638400
         400        32768         110.809     26214400      3276800
         400        65536         221.353     52428800      6553600
         440            1           0.754          880          110
         440            2           0.717         1760          220
         440            4           0.691         3520          440
         440            8           0.748         7040          880
         440           16           0.692        14080         1760
         440           32           0.562        28160         3520
         440           64           0.788        56320         7040
         440          128           0.958       112640        14080
         440          256           1.475       225280        28160
         440          512           2.218       450560        56320
         440         1024           3.929       901120       112640
         440         2048           7.533      1802240       225280
         440         4096          14.220      3604480       450560
         440         8192          28.183      7208960       901120
         440        16384          55.840     14417920      1802240
         440        32768         111.081     28835840      3604480
         440        65536         222.191     57671680      7208960
         480            1           0.596          960          120
         480            2           0.440         1920          240
         480            4           0.555         3840          480
         480            8           0.524         7680          960
         480           16           0.555        15360         1920
         480           32           0.551        30720         3840
         480           64           0.663        61440         7680
         480          128           0.641       122880        15360
         480          256           0.969       245760        30720
         480          512           1.547       491520        61440
         480         1024           2.686       983040       122880
         480         2048           4.915      1966080       245760
         480         4096           9.374      3932160       491520
         480         8192          18.329      7864320       983040
         480        16384          38.635     15728640      1966080
         480        32768          72.073     31457280      3932160
         520            1           0.470         1040          130
         520            2           0.424         2080          260
         520            4           0.516         4160          520
         520            8           0.437         8320         1040
         520           16           0.394        16640         2080
         520           32           0.463        33280         4160
         520           64           0.479        66560         8320
         520          128           0.795       133120        16640
         520          256           0.915       266240        33280
         520          512           1.539       532480        66560
         520         1024           2.609      1064960       133120
         520         2048           4.867      2129920       266240
         520         4096           9.397      4259840       532480
         520         8192          18.480      8519680      1064960
         520        16384          36.641     17039360      2129920
         520        32768          72.768     34078720      4259840
         560            1           0.646         1120          140
         560            2           0.427         2240          280
         560            4           0.640         4480          560
         560            8           0.575         8960         1120
         560           16           0.647        17920         2240
         560           32           0.469        35840         4480
         560           64           0.535        71680         8960
         560          128           0.660       143360        17920
         560          256           1.160       286720        35840
         560          512           1.596       573440        71680
         560         1024           2.763      1146880       143360
         560         2048           5.048      2293760       286720
         560         4096           9.431      4587520       573440
         560         8192          18.445      9175040      1146880
         560        16384          36.366     18350080      2293760
         560        32768          72.432     36700160      4587520
         600            1           0.916         1200          150
         600            2           0.470         2400          300
         600            4           0.576         4800          600
         600            8           0.631         9600         1200
         600           16           0.597        19200         2400
         600           32           0.639        38400         4800
         600           64           0.510        76800         9600
         600          128           0.644       153600        19200
         600          256           1.009       307200        38400
         600          512           1.612       614400        76800
         600         1024           2.927      1228800       153600
         600         2048           4.938      2457600       307200
         600         4096           9.511      4915200       614400
         600         8192          18.671      9830400      1228800
         600        16384          36.712     19660800      2457600
         600        32768          73.015     39321600      4915200
         640            1           1.016         1280          160
         640            2           0.424         2560          320
         640            4           0.429         5120          640
         640            8           0.537        10240         1280
         640           16           0.590        20480         2560
         640           32           0.484        40960         5120
         640           64           0.693        81920        10240
         640          128           0.785       163840        20480
         640          256           1.061       327680        40960
         640          512           1.660       655360        81920
         640         1024           2.699      1310720       163840
         640         2048           4.890      2621440       327680
         640         4096           9.436      5242880       655360
         640         8192          18.524     10485760      1310720
         640        16384          36.597     20971520      2621440
         640        32768          72.483     41943040      5242880
         680            1           0.583         1360          170
         680            2           0.418         2720          340
         680            4           0.423         5440          680
         680            8           0.626        10880         1360
         680           16           0.460        21760         2720
         680           32           0.452        43520         5440
         680           64           0.533        87040        10880
         680          128           0.673       174080        21760
         680          256           0.946       348160        43520
         680          512           1.524       696320        87040
         680         1024           2.878      1392640       174080
         680         2048           5.488      2785280       348160
         680         4096          10.433      5570560       696320
         680         8192          20.375     11141120      1392640
         680        16384          40.512     22282240      2785280
         680        32768          80.584     44564480      5570560
         720            1           0.507         1440          180
         720            2           0.483         2880          360
         720            4           0.472         5760          720
         720            8           0.606        11520         1440
         720           16           0.552        23040         2880
         720           32           0.522        46080         5760
         720           64           0.489        92160        11520
         720          128           0.863       184320        23040
         720          256           1.185       368640        46080
         720          512           1.623       737280        92160
         720         1024           3.087      1474560       184320
         720         2048           6.000      2949120       368640
         720         4096          11.550      5898240       737280
         720         8192          22.630     11796480      1474560
         720        16384          44.785     23592960      2949120
         720        32768          89.244     47185920      5898240
         760            1           0.972         1520          190
         760            2           0.429         3040          380
         760            4           0.579         6080          760
         760            8           0.476        12160         1520
         760           16           0.656        24320         3040
         760           32           0.690        48640         6080
         760           64           0.718        97280        12160
         760          128           0.870       194560        24320
         760          256           1.097       389120        48640
         760          512           1.812       778240        97280
         760         1024           3.292      1556480       194560
         760         2048           6.333      3112960       389120
         760         4096          12.196      6225920       778240
         760         8192          23.885     12451840      1556480
         760        16384          47.417     24903680      3112960
         760        32768          94.249     49807360      6225920
         800            1           0.327         1600          200
         800            2           0.497         3200          400
         800            4           0.585         6400          800
         800            8           0.641        12800         1600
         800           16           0.646        25600         3200
         800           32           0.487        51200         6400
         800           64           0.648       102400        12800
         800          128           0.821       204800        25600
         800          256           1.095       409600        51200
         800          512           1.630       819200       102400
         800         1024           2.896      1638400       204800
         800         2048           5.386      3276800       409600
         800         4096          10.529      6553600       819200
         800         8192          20.698     13107200      1638400
         800        16384          41.034     26214400      3276800
         800        32768          81.782     52428800      6553600
         880            1           0.285         1760          220
         880            2           0.436         3520          440
         880            4           0.599         7040          880
         880            8           0.559        14080         1760
         880           16           0.503        28160         3520
         880           32           0.489        56320         7040
         880           64           0.696       112640        14080
         880          128           0.803       225280        28160
         880          256           1.055       450560        56320
         880          512           1.822       901120       112640
         880         1024           3.245      1802240       225280
         880         2048           6.122      3604480       450560
         880         4096          12.056      7208960       901120
         880         8192          23.757     14417920      1802240
         880        16384          47.202     28835840      3604480
         880        32768          94.124     57671680      7208960
         960            1           0.732         1920          240
         960            2           0.264         3840          480
         960            4           0.553         7680          960
         960            8           0.532        15360         1920
         960           16           0.481        30720         3840
         960           32           0.503        61440         7680
         960           64           0.671       122880        15360
         960          128           0.796       245760        30720
         960          256           1.075       491520        61440
         960          512           1.920       983040       122880
         960         1024           3.344      1966080       245760
         960         2048           6.693      3932160       491520
         960         4096          12.961      7864320       983040
         960         8192          25.451     15728640      1966080
         960        16384          50.477     31457280      3932160
        1040            1           1.160         2080          260
        1040            2           0.342         4160          520
        1040            4           0.459         8320         1040
        1040            8           0.569        16640         2080
        1040           16           0.538        33280         4160
        1040           32           0.482        66560         8320
        1040           64           0.537       133120        16640
        1040          128           0.853       266240        33280
        1040          256           1.193       532480        66560
        1040          512           1.914      1064960       133120
        1040         1024           3.732      2129920       266240
        1040         2048           7.226      4259840       532480
        1040         4096          14.264      8519680      1064960
        1040         8192          28.278     17039360      2129920
        1040        16384          56.253     34078720      4259840
        1120            1           0.280         2240          280
        1120            2           0.336         4480          560
        1120            4           0.629         8960         1120
        1120            8           0.571        17920         2240
        1120           16           0.646        35840         4480
        1120           32           0.575        71680         8960
        1120           64           0.607       143360        17920
        1120          128           0.901       286720        35840
        1120          256           1.301       573440        71680
        1120          512           2.105      1146880       143360
        1120         1024           3.847      2293760       286720
        1120         2048           7.456      4587520       573440
        1120         4096          14.202      9175040      1146880
        1120         8192          28.329     18350080      2293760
        1120        16384          56.239     36700160      4587520
        1200            1           0.468         2400          300
        1200            2           0.464         4800          600
        1200            4           0.509         9600         1200
        1200            8           0.530        19200         2400
        1200           16           0.615        38400         4800
        1200           32           0.486        76800         9600
        1200           64           0.641       153600        19200
        1200          128           0.734       307200        38400
        1200          256           1.097       614400        76800
        1200          512           2.031      1228800       153600
        1200         1024           3.927      2457600       307200
        1200         2048           7.439      4915200       614400
        1200         4096          14.725      9830400      1228800
        1200         8192          28.976     19660800      2457600
        1200        16384          57.897     39321600      4915200
        1320            1           0.468         2640          330
        1320            2           0.437         5280          660
        1320            4           0.665        10560         1320
        1320            8           0.474        21120         2640
        1320           16           0.409        42240         5280
        1320           32           0.467        84480        10560
        1320           64           0.641       168960        21120
        1320          128           0.681       337920        42240
        1320          256           1.268       675840        84480
        1320          512           2.244      1351680       168960
        1320         1024           4.312      2703360       337920
        1320         2048           8.015      5406720       675840
        1320         4096          15.826     10813440      1351680
        1320         8192          31.192     21626880      2703360
        1320        16384          62.021     43253760      5406720
        1440            1           0.445         2880          360
        1440            2           0.691         5760          720
        1440            4           0.590        11520         1440
        1440            8           0.491        23040         2880
        1440           16           0.464        46080         5760
        1440           32           0.558        92160        11520
        1440           64           0.597       184320        23040
        1440          128           1.078       368640        46080
        1440          256           1.396       737280        92160
        1440          512           2.461      1474560       184320
        1440         1024           4.592      2949120       368640
        1440         2048           8.885      5898240       737280
        1440         4096          17.368     11796480      1474560
        1440         8192          34.369     23592960      2949120
        1440        16384          68.481     47185920      5898240
        1560            1           0.733         3120          390
        1560            2           0.449         6240          780
        1560            4           0.513        12480         1560
        1560            8           0.485        24960         3120
        1560           16           0.444        49920         6240
        1560           32           0.616        99840        12480
        1560           64           0.626       199680        24960
        1560          128           0.792       399360        49920
        1560          256           1.494       798720        99840
        1560          512           2.480      1597440       199680
        1560         1024           4.659      3194880       399360
        1560         2048           8.892      6389760       798720
        1560         4096          17.321     12779520      1597440
        1560         8192          34.337     25559040      3194880
        1560        16384          68.291     51118080      6389760
        1680            1           0.473         3360          420
        1680            2           0.274         6720          840
        1680            4           0.475        13440         1680
        1680            8           0.637        26880         3360
        1680           16           0.482        53760         6720
        1680           32           0.552       107520        13440
        1680           64           0.629       215040        26880
        1680          128           0.864       430080        53760
        1680          256           1.402       860160       107520
        1680          512           2.474      1720320       215040
        1680         1024           4.821      3440640       430080
        1680         2048           9.309      6881280       860160
        1680         4096          18.416     13762560      1720320
        1680         8192          36.271     27525120      3440640
        1680        16384          72.354     55050240      6881280
        1840            1           0.677         3680          460
        1840            2           0.258         7360          920
        1840            4           0.509        14720         1840
        1840            8           0.518        29440         3680
        1840           16           0.587        58880         7360
        1840           32           0.498       117760        14720
        1840           64           0.654       235520        29440
        1840          128           0.847       471040        58880
        1840          256           1.468       942080       117760
        1840          512           2.744      1884160       235520
        1840         1024           5.407      3768320       471040
        1840         2048          10.000      7536640       942080
        1840         4096          19.533     15073280      1884160
        1840         8192          38.637     30146560      3768320
        1840        16384          76.920     60293120      7536640
        2000            1           0.423         4000          500
        2000            2           0.357         8000         1000
        2000            4           0.533        16000         2000
        2000            8           0.543        32000         4000
        2000           16           0.504        64000         8000
        2000           32           0.630       128000        16000
        2000           64           0.726       256000        32000
        2000          128           1.023       512000        64000
        2000          256           1.522      1024000       128000
        2000          512           2.802      2048000       256000
        2000         1024           5.438      4096000       512000
        2000         2048          10.573      8192000      1024000
        2000         4096          20.866     16384000      2048000
        2000         8192          41.306     32768000      4096000
        2200            1           0.852         4400          550
        2200            2           0.509         8800         1100
        2200            4           0.380        17600         2200
        2200            8           0.601        35200         4400
        2200           16           0.678        70400         8800
        2200           32           0.623       140800        17600
        2200           64           0.788       281600        35200
        2200          128           0.949       563200        70400
        2200          256           1.763      1126400       140800
        2200          512           3.011      2252800       281600
        2200         1024           5.878      4505600       563200
        2200         2048          11.335      9011200      1126400
        2200         4096          22.272     18022400      2252800
        2200         8192          44.031     36044800      4505600
        2400            1           0.595         4800          600
        2400            2           0.417         9600         1200
        2400            4           0.386        19200         2400
        2400            8           0.534        38400         4800
        2400           16           0.511        76800         9600
        2400           32           0.505       153600        19200
        2400           64           0.609       307200        38400
        2400          128           1.013       614400        76800
        2400          256           1.583      1228800       153600
        2400          512           2.850      2457600       307200
        2400         1024           5.246      4915200       614400
        2400         2048          10.200      9830400      1228800
        2400         4096          20.376     19660800      2457600
        2400         8192          40.410     39321600      4915200
        2640            1           0.531         5280          660
        2640            2           0.397        10560         1320
        2640            4           0.647        21120         2640
        2640            8           0.516        42240         5280
        2640           16           0.458        84480        10560
        2640           32           0.747       168960        21120
        2640           64           0.726       337920        42240
        2640          128           1.193       675840        84480
        2640          256           1.808      1351680       168960
        2640          512           3.552      2703360       337920
        2640         1024           6.497      5406720       675840
        2640         2048          12.700     10813440      1351680
        2640         4096          25.108     21626880      2703360
        2640         8192          50.069     43253760      5406720
        2880            1           0.440         5760          720
        2880            2           0.400        11520         1440
        2880            4           0.570        23040         2880
        2880            8           0.466        46080         5760
        2880           16           0.574        92160        11520
        2880           32           0.655       184320        23040
        2880           64           0.868       368640        46080
        2880          128           1.033       737280        92160
        2880          256           1.788      1474560       184320
        2880          512           3.407      2949120       368640
        2880         1024           6.305      5898240       737280
        2880         2048          12.248     11796480      1474560
        2880         4096          24.363     23592960      2949120
        2880         8192          48.240     47185920      5898240
        3160            1           0.713         6320          790
        3160            2           0.382        12640         1580
        3160            4           0.588        25280         3160
        3160            8           0.524        50560         6320
        3160           16           0.519       101120        12640
        3160           32           0.634       202240        25280
        3160           64           0.895       404480        50560
        3160          128           1.139       808960       101120
        3160          256           2.013      1617920       202240
        3160          512           3.722      3235840       404480
        3160         1024           7.365      6471680       808960
        3160         2048          14.358     12943360      1617920
        3160         4096          28.548     25886720      3235840
        3160         8192          56.456     51773440      6471680
        3440            1           0.856         6880          860
        3440            2           0.417        13760         1720
        3440            4           0.428        27520         3440
        3440            8           0.587        55040         6880
        3440           16           0.676       110080        13760
        3440           32           0.636       220160        27520
        3440           64           0.907       440320        55040
        3440          128           1.317       880640       110080
        3440          256           2.141      1761280       220160
        3440          512           3.936      3522560       440320
        3440         1024           7.586      7045120       880640
        3440         2048          14.936     14090240      1761280
        3440         4096          29.712     28180480      3522560
        3440         8192          59.032     56360960      7045120
        3760            1           0.295         7520          940
        3760            2           0.418        15040         1880
        3760            4           0.582        30080         3760
        3760            8           0.610        60160         7520
        3760           16           0.694       120320        15040
        3760           32           0.630       240640        30080
        3760           64           0.772       481280        60160
        3760          128           1.230       962560       120320
        3760          256           2.181      1925120       240640
        3760          512           4.151      3850240       481280
        3760         1024           8.039      7700480       962560
        3760         2048          15.843     15400960      1925120
        3760         4096          31.465     30801920      3850240
        3760         8192          62.782     61603840      7700480
        4120            1           0.308         8240         1030
        4120            2           0.598        16480         2060
        4120            4           0.555        32960         4120
        4120            8           0.690        65920         8240
        4120           16           0.501       131840        16480
        4120           32           0.629       263680        32960
        4120           64           0.848       527360        65920
        4120          128           1.359      1054720       131840
        4120          256           2.341      2109440       263680
        4120          512           4.506      4218880       527360
        4120         1024           8.796      8437760      1054720
        4120         2048          17.075     16875520      2109440
        4120         4096          33.919     33751040      4218880
        4520            1           0.926         9040         1130
        4520            2           0.494        18080         2260
        4520            4           0.404        36160         4520
        4520            8           0.560        72320         9040
        4520           16           0.615       144640        18080
        4520           32           0.735       289280        36160
        4520           64           0.907       578560        72320
        4520          128           1.367      1157120       144640
        4520          256           2.468      2314240       289280
        4520          512           4.653      4628480       578560
        4520         1024           9.267      9256960      1157120
        4520         2048          18.198     18513920      2314240
        4520         4096          35.937     37027840      4628480
        4960            1           0.337         9920         1240
        4960            2           0.288        19840         2480
        4960            4           0.551        39680         4960
        4960            8           0.492        79360         9920
        4960           16           0.641       158720        19840
        4960           32           0.658       317440        39680
        4960           64           0.898       634880        79360
        4960          128           1.402      1269760       158720
        4960          256           2.722      2539520       317440
        4960          512           5.042      5079040       634880
        4960         1024           9.564     10158080      1269760
        4960         2048          19.208     20316160      2539520
        4960         4096          37.863     40632320      5079040
        5440            1           0.842        10880         1360
        5440            2           0.430        21760         2720
        5440            4           0.484        43520         5440
        5440            8           0.620        87040        10880
        5440           16           0.727       174080        21760
        5440           32           0.718       348160        43520
        5440           64           1.169       696320        87040
        5440          128           2.069      1392640       174080
        5440          256           3.478      2785280       348160
        5440          512           6.826      5570560       696320
        5440         1024          13.114     11141120      1392640
        5440         2048          25.746     22282240      2785280
        5440         4096          50.193     44564480      5570560
        5960            1           1.602        11920         1490
        5960            2           0.559        23840         2980
        5960            4           0.499        47680         5960
        5960            8           0.496        95360        11920
        5960           16           0.587       190720        23840
        5960           32           0.751       381440        47680
        5960           64           1.173       762880        95360
        5960          128           1.898      1525760       190720
        5960          256           3.155      3051520       381440
        5960          512           5.974      6103040       762880
        5960         1024          11.505     12206080      1525760
        5960         2048          22.630     24412160      3051520
        5960         4096          44.807     48824320      6103040
        6520            1           0.872        13040         1630
        6520            2           0.408        26080         3260
        6520            4           0.449        52160         6520
        6520            8           0.536       104320        13040
        6520           16           0.587       208640        26080
        6520           32           0.802       417280        52160
        6520           64           1.301       834560       104320
        6520          128           2.263      1669120       208640
        6520          256           3.942      3338240       417280
        6520          512           7.517      6676480       834560
        6520         1024          14.659     13352960      1669120
        6520         2048          29.145     26705920      3338240
        6520         4096          58.143     53411840      6676480
        7160            1           1.214        14320         1790
        7160            2           0.372        28640         3580
        7160            4           0.588        57280         7160
        7160            8           0.656       114560        14320
        7160           16           0.604       229120        28640
        7160           32           0.908       458240        57280
        7160           64           1.497       916480       114560
        7160          128           2.313      1832960       229120
        7160          256           4.188      3665920       458240
        7160          512           8.199      7331840       916480
        7160         1024          15.726     14663680      1832960
        7160         2048          31.292     29327360      3665920
        7160         4096          61.627     58654720      7331840
        7840            1           1.070        15680         1960
        7840            2           0.443        31360         3920
        7840            4           0.400        62720         7840
        7840            8           0.563       125440        15680
        7840           16           0.639       250880        31360
        7840           32           0.875       501760        62720
        7840           64           1.312      1003520       125440
        7840          128           2.324      2007040       250880
        7840          256           4.133      4014080       501760
        7840          512           7.796      8028160      1003520
        7840         1024          15.210     16056320      2007040
        7840         2048          30.096     32112640      4014080
        8600            1           0.951        17200         2150
        8600            2           0.522        34400         4300
        8600            4           0.616        68800         8600
        8600            8           0.733       137600        17200
        8600           16           0.666       275200        34400
        8600           32           0.893       550400        68800
        8600           64           1.417      1100800       137600
        8600          128           2.472      2201600       275200
        8600          256           4.545      4403200       550400
        8600          512           8.705      8806400      1100800
        8600         1024          17.141     17612800      2201600
        8600         2048          34.075     35225600      4403200
        9440            1           1.058        18880         2360
        9440            2           0.590        37760         4720
        9440            4           0.534        75520         9440
        9440            8           0.647       151040        18880
        9440           16           0.821       302080        37760
        9440           32           1.095       604160        75520
        9440           64           1.461      1208320       151040
        9440          128           2.469      2416640       302080
        9440          256           4.726      4833280       604160
        9440          512           9.005      9666560      1208320
        9440         1024          17.607     19333120      2416640
        9440         2048          34.959     38666240      4833280
       10360            1           1.095        20720         2590
       10360            2           0.517        41440         5180
       10360            4           0.531        82880        10360
       10360            8           0.743       165760        20720
       10360           16           0.794       331520        41440
       10360           32           1.127       663040        82880
       10360           64           1.700      1326080       165760
       10360          128           2.840      2652160       331520
       10360          256           5.237      5304320       663040
       10360          512          10.279     10608640      1326080
       10360         1024          20.170     21217280      2652160
       10360         2048          39.852     42434560      5304320
       11360            1           0.592        22720         2840
       11360            2           0.531        45440         5680
       11360            4           0.676        90880        11360
       11360            8           0.721       181760        22720
       11360           16           0.854       363520        45440
       11360           32           1.140       727040        90880
       11360           64           2.029      1454080       181760
       11360          128           2.899      2908160       363520
       11360          256           5.520      5816320       727040
       11360          512          10.699     11632640      1454080
       11360         1024          20.912     23265280      2908160
       11360         2048          41.371     46530560      5816320
       12480            1           0.696        24960         3120
       12480            2           0.366        49920         6240
       12480            4           0.628        99840        12480
       12480            8           0.665       199680        24960
       12480           16           0.817       399360        49920
       12480           32           1.146       798720        99840
       12480           64           1.968      1597440       199680
       12480          128           3.451      3194880       399360
       12480          256           6.622      6389760       798720
       12480          512          12.537     12779520      1597440
       12480         1024          24.643     25559040      3194880
       12480         2048          48.852     51118080      6389760
       13720            1           0.797        27440         3430
       13720            2           0.480        54880         6860
       13720            4           0.716       109760        13720
       13720            8           0.734       219520        27440
       13720           16           0.892       439040        54880
       13720           32           1.388       878080       109760
       13720           64           2.098      1756160       219520
       13720          128           3.660      3512320       439040
       13720          256           7.136      7024640       878080
       13720          512          13.827     14049280      1756160
       13720         1024          26.696     28098560      3512320
       13720         2048          54.111     56197120      7024640
       15080            1           0.846        30160         3770
       15080            2           0.518        60320         7540
       15080            4           0.653       120640        15080
       15080            8           0.632       241280        30160
       15080           16           0.882       482560        60320
       15080           32           1.385       965120       120640
       15080           64           2.104      1930240       241280
       15080          128           3.799      3860480       482560
       15080          256           7.081      7720960       965120
       15080          512          13.726     15441920      1930240
       15080         1024          27.329     30883840      3860480
       15080         2048          54.185     61767680      7720960
       16560            1           1.330        33120         4140
       16560            2           0.580        66240         8280
       16560            4           0.666       132480        16560
       16560            8           0.825       264960        33120
       16560           16           0.952       529920        66240
       16560           32           1.394      1059840       132480
       16560           64           2.368      2119680       264960
       16560          128           4.275      4239360       529920
       16560          256           8.194      8478720      1059840
       16560          512          16.068     16957440      2119680
       16560         1024          31.783     33914880      4239360
       18200            1           0.431        36400         4550
       18200            2           0.482        72800         9100
       18200            4           0.654       145600        18200
       18200            8           0.778       291200        36400
       18200           16           0.999       582400        72800
       18200           32           1.571      1164800       145600
       18200           64           2.624      2329600       291200
       18200          128           4.631      4659200       582400
       18200          256           9.157      9318400      1164800
       18200          512          17.639     18636800      2329600
       18200         1024          34.911     37273600      4659200
       20000            1           0.635        40000         5000
       20000            2           0.416        80000        10000
       20000            4           0.540       160000        20000
       20000            8           0.689       320000        40000
       20000           16           1.062       640000        80000
       20000           32           1.673      1280000       160000
       20000           64           2.853      2560000       320000
       20000          128           5.102      5120000       640000
       20000          256           9.789     10240000      1280000
       20000          512          19.453     20480000      2560000
       20000         1024          37.501     40960000      5120000
       22000            1           1.032        44000         5500
       22000            2           0.562        88000        11000
       22000            4           0.651       176000        22000
       22000            8           0.849       352000        44000
       22000           16           1.095       704000        88000
       22000           32           1.796      1408000       176000
       22000           64           2.955      2816000       352000
       22000          128           5.491      5632000       704000
       22000          256          10.668     11264000      1408000
       22000          512          20.852     22528000      2816000
       22000         1024          41.272     45056000      5632000
       24200            1           0.697        48400         6050
       24200            2           0.486        96800        12100
       24200            4           0.731       193600        24200
       24200            8           0.829       387200        48400
       24200           16           1.216       774400        96800
       24200           32           1.832      1548800       193600
       24200           64           3.206      3097600       387200
       24200          128           6.031      6195200       774400
       24200          256          11.895     12390400      1548800
       24200          512          23.650     24780800      3097600
       24200         1024          44.911     49561600      6195200
       26600            1           0.505        53200         6650
       26600            2           0.580       106400        13300
       26600            4           0.646       212800        26600
       26600            8           0.962       425600        53200
       26600           16           1.194       851200       106400
       26600           32           1.923      1702400       212800
       26600           64           3.393      3404800       425600
       26600          128           6.819      6809600       851200
       26600          256          12.552     13619200      1702400
       26600          512          24.749     27238400      3404800
       26600         1024          52.572     54476800      6809600
       29240            1           1.435        58480         7310
       29240            2           0.772       116960        14620
       29240            4           0.687       233920        29240
       29240            8           0.860       467840        58480
       29240           16           1.309       935680       116960
       29240           32           2.217      1871360       233920
       29240           64           3.991      3742720       467840
       29240          128           7.734      7485440       935680
       29240          256          13.831     14970880      1871360
       29240          512          27.116     29941760      3742720
       29240         1024          53.880     59883520      7485440
       32160            1           1.496        64320         8040
       32160            2           0.647       128640        16080
       32160            4           0.869       257280        32160
       32160            8           0.957       514560        64320
       32160           16           1.433      1029120       128640
       32160           32           2.252      2058240       257280
       32160           64           4.083      4116480       514560
       32160          128           7.642      8232960      1029120
       32160          256          15.093     16465920      2058240
       32160          512          29.525     32931840      4116480
       35360            1           0.863        70720         8840
       35360            2           0.502       141440        17680
       35360            4           0.782       282880        35360
       35360            8           1.019       565760        70720
       35360           16           1.593      1131520       141440
       35360           32           2.451      2263040       282880
       35360           64           4.502      4526080       565760
       35360          128           8.552      9052160      1131520
       35360          256          16.579     18104320      2263040
       35360          512          32.685     36208640      4526080
       38880            1           1.054        77760         9720
       38880            2           0.496       155520        19440
       38880            4           0.844       311040        38880
       38880            8           1.085       622080        77760
       38880           16           1.595      1244160       155520
       38880           32           2.682      2488320       311040
       38880           64           5.028      4976640       622080
       38880          128           9.707      9953280      1244160
       38880          256          17.999     19906560      2488320
       38880          512          35.524     39813120      4976640
       42760            1           1.165        85520        10690
       42760            2           0.493       171040        21380
       42760            4           0.851       342080        42760
       42760            8           1.497       684160        85520
       42760           16           1.926      1368320       171040
       42760           32           3.305      2736640       342080
       42760           64           6.369      5473280       684160
       42760          128          12.800     10946560      1368320
       42760          256          19.914     21893120      2736640
       42760          512          39.637     43786240      5473280
       47000            1           1.181        94000        11750
       47000            2           0.570       188000        23500
       47000            4           0.851       376000        47000
       47000            8           1.209       752000        94000
       47000           16           1.789      1504000       188000
       47000           32           3.202      3008000       376000
       47000           64           5.781      6016000       752000
       47000          128          11.174     12032000      1504000
       47000          256          21.863     24064000      3008000
       47000          512          42.994     48128000      6016000
       51680            1           1.025       103360        12920
       51680            2           0.618       206720        25840
       51680            4           0.951       413440        51680
       51680            8           1.299       826880       103360
       51680           16           2.039      1653760       206720
       51680           32           3.454      3307520       413440
       51680           64           6.367      6615040       826880
       51680          128          12.057     13230080      1653760
       51680          256          23.751     26460160      3307520
       51680          512          46.689     52920320      6615040
       56840            1           0.931       113680        14210
       56840            2           0.760       227360        28420
       56840            4           1.001       454720        56840
       56840            8           1.426       909440       113680
       56840           16           2.136      1818880       227360
       56840           32           3.652      3637760       454720
       56840           64           6.905      7275520       909440
       56840          128          13.090     14551040      1818880
       56840          256          25.877     29102080      3637760
       56840          512          51.364     58204160      7275520
       62520            1           0.996       125040        15630
       62520            2           1.014       250080        31260
       62520            4           1.069       500160        62520
       62520            8           1.510      1000320       125040
       62520           16           2.373      2000640       250080
       62520           32           4.227      4001280       500160
       62520           64           7.641      8002560      1000320
       62520          128          14.604     16005120      2000640
       62520          256          29.476     32010240      4001280
       68760            1           1.754       137520        17190
       68760            2           0.874       275040        34380
       68760            4           1.038       550080        68760
       68760            8           1.604      1100160       137520
       68760           16           2.501      2200320       275040
       68760           32           4.478      4400640       550080
       68760           64           8.349      8801280      1100160
       68760          128          16.432     17602560      2200320
       68760          256          32.106     35205120      4400640
       75600            1           1.879       151200        18900
       75600            2           0.882       302400        37800
       75600            4           1.231       604800        75600
       75600            8           1.651      1209600       151200
       75600           16           2.853      2419200       302400
       75600           32           4.843      4838400       604800
       75600           64           9.182      9676800      1209600
       75600          128          17.916     19353600      2419200
       75600          256          35.233     38707200      4838400
       83160            1           1.956       166320        20790
       83160            2           0.900       332640        41580
       83160            4           1.209       665280        83160
       83160            8           1.833      1330560       166320
       83160           16           3.059      2661120       332640
       83160           32           5.406      5322240       665280
       83160           64          10.227     10644480      1330560
       83160          128          19.612     21288960      2661120
       83160          256          38.572     42577920      5322240
       91440            1           2.237       182880        22860
       91440            2           0.961       365760        45720
       91440            4           1.275       731520        91440
       91440            8           1.839      1463040       182880
       91440           16           3.153      2926080       365760
       91440           32           5.759      5852160       731520
       91440           64          10.928     11704320      1463040
       91440          128          21.242     23408640      2926080
       91440          256          41.891     46817280      5852160
      100560            1           2.322       201120        25140
      100560            2           0.829       402240        50280
      100560            4           1.395       804480       100560
      100560            8           2.078      1608960       201120
      100560           16           3.576      3217920       402240
      100560           32           6.328      6435840       804480
      100560           64          12.096     12871680      1608960
      100560          128          23.938     25743360      3217920
      100560          256          47.212     51486720      6435840
      110600            1           1.901       221200        27650
      110600            2           1.093       442400        55300
      110600            4           1.365       884800       110600
      110600            8           2.163      1769600       221200
      110600           16           3.670      3539200       442400
      110600           32           6.790      7078400       884800
      110600           64          12.913     14156800      1769600
      110600          128          25.872     28313600      3539200
      110600          256          51.028     56627200      7078400
      121640            1           2.344       243280        30410
      121640            2           0.953       486560        60820
      121640            4           1.603       973120       121640
      121640            8           2.398      1946240       243280
      121640           16           4.049      3892480       486560
      121640           32           7.402      7784960       973120
      121640           64          14.060     15569920      1946240
      121640          128          27.531     31139840      3892480
      133800            1           2.449       267600        33450
      133800            2           1.121       535200        66900
      133800            4           1.731      1070400       133800
      133800            8           2.583      2140800       267600
      133800           16           4.482      4281600       535200
      133800           32           8.162      8563200      1070400
      133800           64          16.133     17126400      2140800
      133800          128          31.119     34252800      4281600
      147160            1           2.754       294320        36790
      147160            2           1.187       588640        73580
      147160            4           1.768      1177280       147160
      147160            8           2.791      2354560       294320
      147160           16           4.842      4709120       588640
      147160           32           8.925      9418240      1177280
      147160           64          17.103     18836480      2354560
      147160          128          33.661     37672960      4709120
      161840            1           2.861       323680        40460
      161840            2           1.419       647360        80920
      161840            4           2.091      1294720       161840
      161840            8           3.146      2589440       323680
      161840           16           5.347      5178880       647360
      161840           32           9.823     10357760      1294720
      161840           64          18.828     20715520      2589440
      161840          128          36.784     41431040      5178880
      178000            1           2.691       356000        44500
      178000            2           1.590       712000        89000
      178000            4           2.424      1424000       178000
      178000            8           4.209      2848000       356000
      178000           16           7.736      5696000       712000
      178000           32          14.873     11392000      1424000
      178000           64          29.238     22784000      2848000
      178000          128          57.616     45568000      5696000
      195800            1           3.736       391600        48950
      195800            2           1.775       783200        97900
      195800            4           2.919      1566400       195800
      195800            8           4.678      3132800       391600
      195800           16           8.738      6265600       783200
      195800           32          17.194     12531200      1566400
      195800           64          33.214     25062400      3132800
      195800          128          65.641     50124800      6265600
      215360            1           3.678       430720        53840
      215360            2           1.959       861440       107680
      215360            4           3.449      1722880       215360
      215360            8           5.673      3445760       430720
      215360           16          10.349      6891520       861440
      215360           32          19.771     13783040      1722880
      215360           64          38.801     27566080      3445760
      215360          128          76.760     55132160      6891520
      236880            1           4.707       473760        59220
      236880            2           2.234       947520       118440
      236880            4           3.422      1895040       236880
      236880            8           6.133      3790080       473760
      236880           16          11.311      7580160       947520
      236880           32          21.797     15160320      1895040
      236880           64          42.688     30320640      3790080
      236880          128          84.137     60641280      7580160
      260560            1           4.569       521120        65140
      260560            2           2.445      1042240       130280
      260560            4           3.865      2084480       260560
      260560            8           6.728      4168960       521120
      260560           16          12.262      8337920      1042240
      260560           32          23.795     16675840      2084480
      260560           64          46.694     33351680      4168960
      286600            1           5.372       573200        71650
      286600            2           2.343      1146400       143300
      286600            4           4.215      2292800       286600
      286600            8           7.331      4585600       573200
      286600           16          13.461      9171200      1146400
      286600           32          26.103     18342400      2292800
      286600           64          51.490     36684800      4585600
      315240            1           5.783       630480        78810
      315240            2           2.677      1260960       157620
      315240            4           4.575      2521920       315240
      315240            8           8.021      5043840       630480
      315240           16          14.721     10087680      1260960
      315240           32          28.631     20175360      2521920
      315240           64          56.360     40350720      5043840
      346760            1           5.798       693520        86690
      346760            2           3.066      1387040       173380
      346760            4           4.868      2774080       346760
      346760            8           8.834      5548160       693520
      346760           16          16.372     11096320      1387040
      346760           32          31.670     22192640      2774080
      346760           64          62.009     44385280      5548160
      381400            1           5.771       762800        95350
      381400            2           3.223      1525600       190700
      381400            4           5.448      3051200       381400
      381400            8           9.508      6102400       762800
      381400           16          17.827     12204800      1525600
      381400           32          34.865     24409600      3051200
      381400           64          75.654     48819200      6102400
      419520            1           9.710       839040       104880
      419520            2           5.569      1678080       209760
      419520            4           9.036      3356160       419520
      419520            8          13.922      6712320       839040
      419520           16          25.871     13424640      1678080
      419520           32          46.057     26849280      3356160
      419520           64          95.044     53698560      6712320
      461440            1          10.369       922880       115360
      461440            2           3.664      1845760       230720
      461440            4           6.330      3691520       461440
      461440            8          11.592      7383040       922880
      461440           16          27.811     14766080      1845760
      461440           32          53.687     29532160      3691520
      461440           64         102.037     59064320      7383040
      507560            1           9.740      1015120       126890
      507560            2           6.116      2030240       253780
      507560            4           9.828      4060480       507560
      507560            8          16.913      8120960      1015120
      507560           16          30.973     16241920      2030240
      507560           32          58.196     32483840      4060480
      558280            1          10.541      1116560       139570
      558280            2           6.374      2233120       279140
      558280            4          10.885      4466240       558280
      558280            8          18.553      8932480      1116560
      558280           16          33.526     17864960      2233120
      558280           32          62.378     35729920      4466240
      614080            1          12.824      1228160       153520
      614080            2           7.419      2456320       307040
      614080            4          10.874      4912640       614080
      614080            8          21.662      9825280      1228160
      614080           16          39.192     19650560      2456320
      614080           32          74.761     39301120      4912640
      675480            1          13.362      1350960       168870
      675480            2           9.455      2701920       337740
      675480            4          14.951      5403840       675480
      675480            8          27.536     10807680      1350960
      675480           16          41.084     21615360      2701920
      675480           32          81.995     43230720      5403840
      743000            1          11.221      1486000       185750
      743000            2           5.820      2972000       371500
      743000            4          10.067      5944000       743000
      743000            8          18.098     11888000      1486000
      743000           16          34.451     23776000      2972000
      743000           32          66.918     47552000      5944000
      817280            1          12.288      1634560       204320
      817280            2           6.564      3269120       408640
      817280            4          10.879      6538240       817280
      817280            8          19.966     13076480      1634560
      817280           16          37.616     26152960      3269120
      817280           32          73.399     52305920      6538240
      899000            1          14.225      1798000       224750
      899000            2           6.871      3596000       449500
      899000            4          12.098      7192000       899000
      899000            8          21.786     14384000      1798000
      899000           16          41.466     28768000      3596000
      899000           32          80.784     57536000      7192000
      988880            1          13.017      1977760       247220
      988880            2           7.559      3955520       494440
      988880            4          13.019      7911040       988880
      988880            8          23.929     15822080      1977760
      988880           16          45.602     31644160      3955520
     1087760            1          15.410      2175520       271940
     1087760            2           8.308      4351040       543880
     1087760            4          14.510      8702080      1087760
     1087760            8          26.345     17404160      2175520
     1087760           16          50.146     34808320      4351040
     1196520            1          18.471      2393040       299130
     1196520            2           9.146      4786080       598260
     1196520            4          15.794      9572160      1196520
     1196520            8          28.911     19144320      2393040
     1196520           16          54.996     38288640      4786080
     1316160            1          19.049      2632320       329040
     1316160            2          10.003      5264640       658080
     1316160            4          17.192     10529280      1316160
     1316160            8          31.642     21058560      2632320
     1316160           16          60.294     42117120      5264640
     1447760            1          21.419      2895520       361940
     1447760            2          10.904      5791040       723880
     1447760            4          19.042     11582080      1447760
     1447760            8          34.837     23164160      2895520
     1447760           16          66.447     46328320      5791040
     1592520            1          21.272      3185040       398130
     1592520            2          12.008      6370080       796260
     1592520            4          20.873     12740160      1592520
     1592520            8          38.181     25480320      3185040
     1592520           16          73.103     50960640      6370080
     1751760            1          24.265      3503520       437940
     1751760            2          13.348      7007040       875880
     1751760            4          22.940     14014080      1751760
     1751760            8          42.079     28028160      3503520
     1751760           16          80.207     56056320      7007040
     1926920            1          29.981      3853840       481730
     1926920            2          14.534      7707680       963460
     1926920            4          25.322     15415360      1926920
     1926920            8          46.071     30830720      3853840
     1926920           16          88.198     61661440      7707680
     2119600            1          29.878      4239200       529900
     2119600            2          16.073      8478400      1059800
     2119600            4          27.614     16956800      2119600
     2119600            8          50.828     33913600      4239200
     2331560            1          32.335      4663120       582890
     2331560            2          17.864      9326240      1165780
     2331560            4          30.258     18652480      2331560
     2331560            8          55.570     37304960      4663120
     2564680            1          35.598      5129360       641170
     2564680            2          19.776     10258720      1282340
     2564680            4          33.168     20517440      2564680
     2564680            8          61.245     41034880      5129360
     2821120            1          39.131      5642240       705280
     2821120            2          22.517     11284480      1410560
     2821120            4          36.730     22568960      2821120
     2821120            8          67.286     45137920      5642240
     3103200            1          41.819      6206400       775800
     3103200            2          25.130     12412800      1551600
     3103200            4          55.719     24825600      3103200
     3103200            8          75.104     49651200      6206400
     3413520            1          47.313      6827040       853380
     3413520            2          28.600     13654080      1706760
     3413520            4          44.745     27308160      3413520
     3413520            8          82.231     54616320      6827040
     3754840            1          52.328      7509680       938710
     3754840            2          37.125     15019360      1877420
     3754840            4          51.745     30038720      3754840
     3754840            8          92.906     60077440      7509680
     4130320            1          53.846      8260640      1032580
     4130320            2          39.970     16521280      2065160
     4130320            4          61.956     33042560      4130320
     4543320            1          57.411      9086640      1135830
     4543320            2          53.507     18173280      2271660
     4543320            4          78.745     36346560      4543320
     4997640            1          61.833      9995280      1249410
     4997640            2          60.199     19990560      2498820
     4997640            4          90.434     39981120      4997640
     5497400            1          64.994     10994800      1374350
     5497400            2          68.260     21989600      2748700
     5497400            4         100.087     43979200      5497400
     6047120            1          82.284     12094240      1511780
     6047120            2          84.378     24188480      3023560
     6047120            4         118.921     48376960      6047120
     6651800            1          74.755     13303600      1662950
     6651800            2          98.909     26607200      3325900
     6651800            4         144.393     53214400      6651800
     7316960            1          77.746     14633920      1829240
     7316960            2         115.597     29267840      3658480
     7316960            4         170.153     58535680      7316960
     8048640            1          85.079     16097280      2012160
     8048640            2         132.577     32194560      4024320
     8853480            1          92.868     17706960      2213370
     8853480            2         150.686     35413920      4426740
     9738800            1          99.639     19477600      2434700
     9738800            2         168.623     38955200      4869400
    10712680            1         113.027     21425360      2678170
    10712680            2         188.078     42850720      5356340
    11783920            1         123.158     23567840      2945980
    11783920            2         207.135     47135680      5891960
    12962280            1         133.310     25924560      3240570
    12962280            2         228.135     51849120      6481140
    14258480            1         154.070     28516960      3564620
    14258480            2         256.241     57033920      7129240
    15684320            1         165.939     31368640      3921080
    17252720            1         199.570     34505440      4313180
    18977960            1         215.172     37955920      4744490
    20875720            1         248.185     41751440      5218930
    22963280            1         276.183     45926560      5740820
    25259600            1         324.761     50519200      6314900
    27785560            1         380.332     55571120      6946390
    30564080            1         452.292     61128160      7641020

META_DATA
FLOPS          2
OPENMP_THREADS 5
ERT_VERSION  1.1.0
HOSTNAME  ('cirrus4.computing.clemson.edu', ['cirrus4'], ['127.0.1.1'])
UNAME  uname_result(system='Linux', node='cirrus4.computing.clemson.edu', release='5.4.0-81-generic', version='#91-Ubuntu SMP Thu Jul 15 19:09:17 UTC 2021', machine='x86_64', processor='x86_64')
TIMESTAMP_DATA  1632245404.5231495
CONFIG  {'ERT_RESULTS': ['Results.cs.clemson.edu'], 'ERT_DRIVER': ['driver1'], 'ERT_KERNEL': ['kernel1'], 'ERT_MPI': ['False'], 'ERT_MPI_CFLAGS': [], 'ERT_MPI_LDFLAGS': [], 'ERT_OPENMP': ['True'], 'ERT_OPENMP_CFLAGS': ['-fopenmp'], 'ERT_OPENMP_LDFLAGS': ['-fopenmp'], 'ERT_FLOPS': ['1,2,4'], 'ERT_ALIGN': ['32'], 'ERT_CC': ['g++'], 'ERT_CFLAGS': ['-O3', '-std=c++11', '-fstrict-aliasing', '-march=native'], 'ERT_LD': ['g++'], 'ERT_LDFLAGS': [], 'ERT_LDLIBS': [], 'ERT_PRECISION': ['FP64'], 'ERT_RUN': ['export', 'OMP_NUM_THREADS=ERT_OPENMP_THREADS;', 'export', 'OMP_PLACES=threads;', 'export', 'OMP_PROC_BIND=spread;', './ERT_CODE'], 'ERT_PROCS_THREADS': ['8'], 'ERT_MPI_PROCS': ['2,4,8'], 'ERT_OPENMP_THREADS': ['1-8'], 'ERT_NUM_EXPERIMENTS': ['5'], 'ERT_MEMORY_MAX': ['31000000'], 'ERT_WORKING_SET_MIN': ['1'], 'ERT_TRIALS_MIN': ['1'], 'ERT_GNUPLOT': ['gnuplot'], 'ERT_GPU': [False], 'ERT_HIP': [False], 'ERT_OCL': [False], 'ERT_SYCL': [False], 'ERT_WSS_MULT': [1.1]}
