fp64
          40            1           1.555           80           10
          40            2           0.649          160           20
          40            4           0.757          320           40
          40            8           0.705          640           80
          40           16           0.814         1280          160
          40           32           0.754         2560          320
          40           64           1.025         5120          640
          40          128           1.356        10240         1280
          40          256           2.162        20480         2560
          40          512           3.636        40960         5120
          40         1024           6.672        81920        10240
          40         2048          12.643       163840        20480
          40         4096          24.653       327680        40960
          40         8192          48.980       655360        81920
          40        16384          97.251      1310720       163840
          40        32768         193.840      2621440       327680
          40        65536         387.257      5242880       655360
          40       131072         773.976     10485760      1310720
          40       262144        1579.931     20971520      2621440
          40       524288        3103.922     41943040      5242880
          80            1           1.706          160           20
          80            2           0.647          320           40
          80            4           0.581          640           80
          80            8           0.860         1280          160
          80           16           0.927         2560          320
          80           32           0.750         5120          640
          80           64           1.063        10240         1280
          80          128           1.167        20480         2560
          80          256           2.032        40960         5120
          80          512           3.500        81920        10240
          80         1024           6.694       163840        20480
          80         2048          13.017       327680        40960
          80         4096          25.404       655360        81920
          80         8192          50.636      1310720       163840
          80        16384         109.127      2621440       327680
          80        32768         213.053      5242880       655360
          80        65536         406.355     10485760      1310720
          80       131072         800.749     20971520      2621440
          80       262144        1569.568     41943040      5242880
         120            1           0.438          240           30
         120            2           0.581          480           60
         120            4           0.519          960          120
         120            8           0.555         1920          240
         120           16           0.597         3840          480
         120           32           0.712         7680          960
         120           64           0.781        15360         1920
         120          128           1.072        30720         3840
         120          256           1.442        61440         7680
         120          512           2.447       122880        15360
         120         1024           4.417       245760        30720
         120         2048           8.181       491520        61440
         120         4096          16.206       983040       122880
         120         8192          31.839      1966080       245760
         120        16384          63.126      3932160       491520
         120        32768         125.461      7864320       983040
         120        65536         262.906     15728640      1966080
         120       131072         500.577     31457280      3932160
         160            1           0.359          320           40
         160            2           0.701          640           80
         160            4           0.699         1280          160
         160            8           0.540         2560          320
         160           16           0.793         5120          640
         160           32           0.613        10240         1280
         160           64           0.782        20480         2560
         160          128           0.926        40960         5120
         160          256           1.583        81920        10240
         160          512           2.642       163840        20480
         160         1024           4.814       327680        40960
         160         2048           9.417       655360        81920
         160         4096          18.303      1310720       163840
         160         8192          36.417      2621440       327680
         160        16384          72.049      5242880       655360
         160        32768         140.117     10485760      1310720
         160        65536         280.661     20971520      2621440
         160       131072         545.578     41943040      5242880
         200            1           0.367          400           50
         200            2           0.466          800          100
         200            4           0.585         1600          200
         200            8           0.504         3200          400
         200           16           0.591         6400          800
         200           32           0.663        12800         1600
         200           64           0.838        25600         3200
         200          128           1.051        51200         6400
         200          256           1.546       102400        12800
         200          512           2.407       204800        25600
         200         1024           4.662       409600        51200
         200         2048           8.865       819200       102400
         200         4096          16.927      1638400       204800
         200         8192          33.991      3276800       409600
         200        16384          72.835      6553600       819200
         200        32768         148.298     13107200      1638400
         200        65536         305.648     26214400      3276800
         200       131072         669.607     52428800      6553600
         240            1           0.757          480           60
         240            2           0.518          960          120
         240            4           0.767         1920          240
         240            8           0.763         3840          480
         240           16           0.725         7680          960
         240           32           0.683        15360         1920
         240           64           0.885        30720         3840
         240          128           1.153        61440         7680
         240          256           1.700       122880        15360
         240          512           2.900       245760        30720
         240         1024           5.423       491520        61440
         240         2048          10.523       983040       122880
         240         4096          20.925      1966080       245760
         240         8192          38.468      3932160       491520
         240        16384          87.952      7864320       983040
         240        32768         153.567     15728640      1966080
         240        65536         285.639     31457280      3932160
         280            1           0.847          560           70
         280            2           0.490         1120          140
         280            4           0.815         2240          280
         280            8           0.572         4480          560
         280           16           0.592         8960         1120
         280           32           0.721        17920         2240
         280           64           0.768        35840         4480
         280          128           1.019        71680         8960
         280          256           2.239       143360        17920
         280          512           2.725       286720        35840
         280         1024           5.359       573440        71680
         280         2048          10.707      1146880       143360
         280         4096          20.417      2293760       286720
         280         8192          42.508      4587520       573440
         280        16384          81.553      9175040      1146880
         280        32768         162.811     18350080      2293760
         280        65536         326.518     36700160      4587520
         320            1           1.367          640           80
         320            2           0.517         1280          160
         320            4           0.635         2560          320
         320            8           0.662         5120          640
         320           16           0.682        10240         1280
         320           32           0.715        20480         2560
         320           64           0.835        40960         5120
         320          128           1.029        81920        10240
         320          256           1.934       163840        20480
         320          512           2.616       327680        40960
         320         1024           5.397       655360        81920
         320         2048          24.082      1310720       163840
         320         4096          29.963      2621440       327680
         320         8192          45.346      5242880       655360
         320        16384          91.300     10485760      1310720
         320        32768         154.537     20971520      2621440
         320        65536         278.817     41943040      5242880
         360            1           0.376          720           90
         360            2           0.510         1440          180
         360            4           0.609         2880          360
         360            8           0.519         5760          720
         360           16           0.681        11520         1440
         360           32           0.581        23040         2880
         360           64           0.544        46080         5760
         360          128           0.749        92160        11520
         360          256           1.087       184320        23040
         360          512           1.810       368640        46080
         360         1024           3.444       737280        92160
         360         2048           6.432      1474560       184320
         360         4096          12.186      2949120       368640
         360         8192          30.621      5898240       737280
         360        16384          48.216     11796480      1474560
         360        32768          95.260     23592960      2949120
         360        65536         190.523     47185920      5898240
         400            1           0.383          800          100
         400            2           0.532         1600          200
         400            4           0.678         3200          400
         400            8           0.581         6400          800
         400           16           0.729        12800         1600
         400           32           0.564        25600         3200
         400           64           0.558        51200         6400
         400          128           0.898       102400        12800
         400          256           1.243       204800        25600
         400          512           1.871       409600        51200
         400         1024           3.473       819200       102400
         400         2048          16.198      1638400       204800
         400         4096          21.379      3276800       409600
         400         8192          24.162      6553600       819200
         400        16384          47.940     13107200      1638400
         400        32768          95.045     26214400      3276800
         400        65536         189.617     52428800      6553600
         440            1           0.307          880          110
         440            2           0.492         1760          220
         440            4           0.510         3520          440
         440            8           0.479         7040          880
         440           16           0.484        14080         1760
         440           32           0.740        28160         3520
         440           64           0.809        56320         7040
         440          128           0.973       112640        14080
         440          256           1.126       225280        28160
         440          512           1.861       450560        56320
         440         1024           3.480       901120       112640
         440         2048           6.411      1802240       225280
         440         4096          12.394      3604480       450560
         440         8192          24.169      7208960       901120
         440        16384          47.849     14417920      1802240
         440        32768          95.491     28835840      3604480
         440        65536         190.662     57671680      7208960
         480            1           0.287          960          120
         480            2           0.523         1920          240
         480            4           0.510         3840          480
         480            8           0.608         7680          960
         480           16           0.615        15360         1920
         480           32           0.522        30720         3840
         480           64           0.761        61440         7680
         480          128           1.014       122880        15360
         480          256           1.127       245760        30720
         480          512           1.919       491520        61440
         480         1024           3.405       983040       122880
         480         2048          21.770      1966080       245760
         480         4096          12.253      3932160       491520
         480         8192          24.062      7864320       983040
         480        16384          62.144     15728640      1966080
         480        32768          95.002     31457280      3932160
         520            1           0.291         1040          130
         520            2           0.421         2080          260
         520            4           0.645         4160          520
         520            8           0.699         8320         1040
         520           16           0.741        16640         2080
         520           32           0.615        33280         4160
         520           64           0.814        66560         8320
         520          128           0.956       133120        16640
         520          256           1.226       266240        33280
         520          512           2.017       532480        66560
         520         1024           3.383      1064960       133120
         520         2048           6.481      2129920       266240
         520         4096          12.548      4259840       532480
         520         8192          24.461      8519680      1064960
         520        16384          48.506     17039360      2129920
         520        32768         102.094     34078720      4259840
         560            1           0.364         1120          140
         560            2           0.573         2240          280
         560            4           0.626         4480          560
         560            8           0.662         8960         1120
         560           16           0.684        17920         2240
         560           32           0.587        35840         4480
         560           64           0.726        71680         8960
         560          128           0.789       143360        17920
         560          256           1.239       286720        35840
         560          512           1.891       573440        71680
         560         1024           3.474      1146880       143360
         560         2048           6.477      2293760       286720
         560         4096          12.293      4587520       573440
         560         8192          24.296      9175040      1146880
         560        16384          47.910     18350080      2293760
         560        32768          95.579     36700160      4587520
         600            1           0.366         1200          150
         600            2           0.717         2400          300
         600            4           0.711         4800          600
         600            8           0.592         9600         1200
         600           16           0.716        19200         2400
         600           32           0.684        38400         4800
         600           64           0.600        76800         9600
         600          128           0.783       153600        19200
         600          256           1.214       307200        38400
         600          512           2.066       614400        76800
         600         1024           3.441      1228800       153600
         600         2048           6.488      2457600       307200
         600         4096          12.413      4915200       614400
         600         8192          24.371      9830400      1228800
         600        16384          48.534     19660800      2457600
         600        32768          96.505     39321600      4915200
         640            1           0.330         1280          160
         640            2           0.673         2560          320
         640            4           0.515         5120          640
         640            8           0.682        10240         1280
         640           16           0.693        20480         2560
         640           32           0.766        40960         5120
         640           64           0.700        81920        10240
         640          128           0.862       163840        20480
         640          256           1.149       327680        40960
         640          512           1.830       655360        81920
         640         1024           3.375      1310720       163840
         640         2048           6.497      2621440       327680
         640         4096          12.372      5242880       655360
         640         8192          24.413     10485760      1310720
         640        16384          48.027     20971520      2621440
         640        32768          95.939     41943040      5242880
         680            1           1.277         1360          170
         680            2           0.474         2720          340
         680            4           0.698         5440          680
         680            8           0.708        10880         1360
         680           16           0.467        21760         2720
         680           32           0.541        43520         5440
         680           64           0.620        87040        10880
         680          128           0.968       174080        21760
         680          256           1.342       348160        43520
         680          512           1.914       696320        87040
         680         1024           3.753      1392640       174080
         680         2048           7.121      2785280       348160
         680         4096          13.702      5570560       696320
         680         8192          26.906     11141120      1392640
         680        16384          53.392     22282240      2785280
         680        32768         106.344     44564480      5570560
         720            1           0.339         1440          180
         720            2           0.520         2880          360
         720            4           0.512         5760          720
         720            8           0.541        11520         1440
         720           16           0.730        23040         2880
         720           32           0.608        46080         5760
         720           64           0.678        92160        11520
         720          128           0.790       184320        23040
         720          256           1.180       368640        46080
         720          512           2.105       737280        92160
         720         1024           4.013      1474560       184320
         720         2048           7.610      2949120       368640
         720         4096          15.112      5898240       737280
         720         8192          29.682     11796480      1474560
         720        16384          59.149     23592960      2949120
         720        32768         117.656     47185920      5898240
         760            1           0.284         1520          190
         760            2           0.683         3040          380
         760            4           0.513         6080          760
         760            8           0.531        12160         1520
         760           16           0.710        24320         3040
         760           32           0.483        48640         6080
         760           64           0.683        97280        12160
         760          128           0.827       194560        24320
         760          256           1.432       389120        48640
         760          512           2.306       778240        97280
         760         1024           4.334      1556480       194560
         760         2048           8.114      3112960       389120
         760         4096          15.792      6225920       778240
         760         8192          31.580     12451840      1556480
         760        16384          62.553     24903680      3112960
         760        32768         124.644     49807360      6225920
         800            1           1.013         1600          200
         800            2           0.466         3200          400
         800            4           0.681         6400          800
         800            8           0.606        12800         1600
         800           16           0.508        25600         3200
         800           32           0.560        51200         6400
         800           64           0.776       102400        12800
         800          128           0.913       204800        25600
         800          256           1.363       409600        51200
         800          512           2.406       819200       102400
         800         1024           4.506      1638400       204800
         800         2048           8.367      3276800       409600
         800         4096          16.368      6553600       819200
         800         8192          32.120     13107200      1638400
         800        16384          64.763     26214400      3276800
         800        32768         128.397     52428800      6553600
         880            1           1.266         1760          220
         880            2           0.277         3520          440
         880            4           0.583         7040          880
         880            8           0.552        14080         1760
         880           16           0.636        28160         3520
         880           32           0.707        56320         7040
         880           64           0.694       112640        14080
         880          128           0.806       225280        28160
         880          256           1.242       450560        56320
         880          512           2.228       901120       112640
         880         1024           4.270      1802240       225280
         880         2048           8.062      3604480       450560
         880         4096          15.766      7208960       901120
         880         8192          31.358     14417920      1802240
         880        16384          62.412     28835840      3604480
         880        32768         122.182     57671680      7208960
         960            1           0.649         1920          240
         960            2           0.638         3840          480
         960            4           0.676         7680          960
         960            8           0.549        15360         1920
         960           16           0.686        30720         3840
         960           32           0.651        61440         7680
         960           64           0.642       122880        15360
         960          128           0.918       245760        30720
         960          256           1.108       491520        61440
         960          512           1.830       983040       122880
         960         1024           3.368      1966080       245760
         960         2048           6.406      3932160       491520
         960         4096          12.604      7864320       983040
         960         8192          24.790     15728640      1966080
         960        16384          49.273     31457280      3932160
        1040            1           0.277         2080          260
        1040            2           0.642         4160          520
        1040            4           0.606         8320         1040
        1040            8           0.667        16640         2080
        1040           16           0.566        33280         4160
        1040           32           0.641        66560         8320
        1040           64           0.654       133120        16640
        1040          128           0.734       266240        33280
        1040          256           1.159       532480        66560
        1040          512           1.936      1064960       133120
        1040         1024           3.723      2129920       266240
        1040         2048           7.235      4259840       532480
        1040         4096          14.264      8519680      1064960
        1040         8192          28.386     17039360      2129920
        1040        16384          56.211     34078720      4259840
        1120            1           1.098         2240          280
        1120            2           0.410         4480          560
        1120            4           0.506         8960         1120
        1120            8           0.581        17920         2240
        1120           16           0.451        35840         4480
        1120           32           0.636        71680         8960
        1120           64           0.652       143360        17920
        1120          128           1.007       286720        35840
        1120          256           1.900       573440        71680
        1120          512           3.085      1146880       143360
        1120         1024           5.473      2293760       286720
        1120         2048          11.292      4587520       573440
        1120         4096          22.802      9175040      1146880
        1120         8192          43.609     18350080      2293760
        1120        16384          86.295     36700160      4587520
        1200            1           0.830         2400          300
        1200            2           0.261         4800          600
        1200            4           0.671         9600         1200
        1200            8           0.723        19200         2400
        1200           16           0.727        38400         4800
        1200           32           0.724        76800         9600
        1200           64           0.993       153600        19200
        1200          128           1.436       307200        38400
        1200          256           2.586       614400        76800
        1200          512           4.559      1228800       153600
        1200         1024           8.594      2457600       307200
        1200         2048          20.593      4915200       614400
        1200         4096          25.464      9830400      1228800
        1200         8192          37.426     19660800      2457600
        1200        16384          74.804     39321600      4915200
        1320            1           0.538         2640          330
        1320            2           0.411         5280          660
        1320            4           0.557        10560         1320
        1320            8           0.525        21120         2640
        1320           16           0.630        42240         5280
        1320           32           0.760        84480        10560
        1320           64           0.961       168960        21120
        1320          128           1.349       337920        42240
        1320          256           2.444       675840        84480
        1320          512           4.355      1351680       168960
        1320         1024          14.372      2703360       337920
        1320         2048           9.226      5406720       675840
        1320         4096          26.313     10813440      1351680
        1320         8192          43.690     21626880      2703360
        1320        16384          88.496     43253760      5406720
        1440            1           9.889         2880          360
        1440            2           0.275         5760          720
        1440            4           0.573        11520         1440
        1440            8           0.591        23040         2880
        1440           16           0.641        46080         5760
        1440           32           0.660        92160        11520
        1440           64           1.112       184320        23040
        1440          128           1.502       368640        46080
        1440          256           2.321       737280        92160
        1440          512           4.474      1474560       184320
        1440         1024          14.914      2949120       368640
        1440         2048          18.850      5898240       737280
        1440         4096          19.259     11796480      1474560
        1440         8192          36.801     23592960      2949120
        1440        16384          72.534     47185920      5898240
        1560            1           0.633         3120          390
        1560            2           0.541         6240          780
        1560            4           0.708        12480         1560
        1560            8           0.685        24960         3120
        1560           16           0.528        49920         6240
        1560           32           0.592        99840        12480
        1560           64           0.734       199680        24960
        1560          128          11.514       399360        49920
        1560          256           3.065       798720        99840
        1560          512           5.787      1597440       199680
        1560         1024           7.511      3194880       399360
        1560         2048          19.911      6389760       798720
        1560         4096          25.024     12779520      1597440
        1560         8192          49.066     25559040      3194880
        1560        16384          96.790     51118080      6389760
        1680            1           1.363         3360          420
        1680            2           0.442         6720          840
        1680            4           0.563        13440         1680
        1680            8           0.631        26880         3360
        1680           16           0.647        53760         6720
        1680           32           0.726       107520        13440
        1680           64           1.015       215040        26880
        1680          128           1.807       430080        53760
        1680          256           3.107       860160       107520
        1680          512           5.804      1720320       215040
        1680         1024          11.278      3440640       430080
        1680         2048          39.256      6881280       860160
        1680         4096          41.272     13762560      1720320
        1680         8192          49.309     27525120      3440640
        1680        16384         100.187     55050240      6881280
        1840            1           1.140         3680          460
        1840            2           0.484         7360          920
        1840            4           0.692        14720         1840
        1840            8           0.600        29440         3680
        1840           16           0.670        58880         7360
        1840           32           0.709       117760        14720
        1840           64           1.021       235520        29440
        1840          128           1.703       471040        58880
        1840          256           3.387       942080       117760
        1840          512           6.357      1884160       235520
        1840         1024          12.228      3768320       471040
        1840         2048          20.925      7536640       942080
        1840         4096          21.156     15073280      1884160
        1840         8192          53.540     30146560      3768320
        1840        16384          93.795     60293120      7536640
        2000            1           1.417         4000          500
        2000            2           0.417         8000         1000
        2000            4           0.468        16000         2000
        2000            8           0.520        32000         4000
        2000           16           0.507        64000         8000
        2000           32           0.635       128000        16000
        2000           64           0.735       256000        32000
        2000          128           0.906       512000        64000
        2000          256           1.598      1024000       128000
        2000          512           2.835      2048000       256000
        2000         1024           5.454      4096000       512000
        2000         2048          10.682      8192000      1024000
        2000         4096          21.033     16384000      2048000
        2000         8192          41.632     32768000      4096000
        2200            1           1.107         4400          550
        2200            2           0.413         8800         1100
        2200            4           0.573        17600         2200
        2200            8           0.453        35200         4400
        2200           16           0.576        70400         8800
        2200           32           0.642       140800        17600
        2200           64           0.720       281600        35200
        2200          128           1.081       563200        70400
        2200          256           1.651      1126400       140800
        2200          512           3.105      2252800       281600
        2200         1024           5.868      4505600       563200
        2200         2048          11.451      9011200      1126400
        2200         4096          22.274     18022400      2252800
        2200         8192          44.044     36044800      4505600
        2400            1           0.721         4800          600
        2400            2           0.695         9600         1200
        2400            4           0.601        19200         2400
        2400            8           0.488        38400         4800
        2400           16           0.597        76800         9600
        2400           32           0.601       153600        19200
        2400           64           0.737       307200        38400
        2400          128           1.091       614400        76800
        2400          256           1.658      1228800       153600
        2400          512           2.899      2457600       307200
        2400         1024           5.344      4915200       614400
        2400         2048          10.336      9830400      1228800
        2400         4096          20.337     19660800      2457600
        2400         8192          40.461     39321600      4915200
        2640            1           0.675         5280          660
        2640            2           0.408        10560         1320
        2640            4           0.498        21120         2640
        2640            8           0.444        42240         5280
        2640           16           0.568        84480        10560
        2640           32           0.712       168960        21120
        2640           64           0.725       337920        42240
        2640          128           1.133       675840        84480
        2640          256           1.852      1351680       168960
        2640          512           3.476      2703360       337920
        2640         1024           6.630      5406720       675840
        2640         2048          12.839     10813440      1351680
        2640         4096          25.204     21626880      2703360
        2640         8192          49.949     43253760      5406720
        2880            1           1.136         5760          720
        2880            2           0.602        11520         1440
        2880            4           0.527        23040         2880
        2880            8           0.767        46080         5760
        2880           16           0.626        92160        11520
        2880           32           0.576       184320        23040
        2880           64           0.785       368640        46080
        2880          128           1.108       737280        92160
        2880          256           1.975      1474560       184320
        2880          512           3.324      2949120       368640
        2880         1024           6.283      5898240       737280
        2880         2048          12.311     11796480      1474560
        2880         4096          24.380     23592960      2949120
        2880         8192          48.158     47185920      5898240
        3160            1           0.331         6320          790
        3160            2           0.612        12640         1580
        3160            4           0.479        25280         3160
        3160            8           0.645        50560         6320
        3160           16           0.692       101120        12640
        3160           32           0.653       202240        25280
        3160           64           0.804       404480        50560
        3160          128           1.248       808960       101120
        3160          256           2.083      1617920       202240
        3160          512           3.828      3235840       404480
        3160         1024           7.381      6471680       808960
        3160         2048          14.314     12943360      1617920
        3160         4096          28.458     25886720      3235840
        3160         8192          56.526     51773440      6471680
        3440            1           0.344         6880          860
        3440            2           0.452        13760         1720
        3440            4           0.502        27520         3440
        3440            8           0.501        55040         6880
        3440           16           0.630       110080        13760
        3440           32           0.642       220160        27520
        3440           64           0.831       440320        55040
        3440          128           1.204       880640       110080
        3440          256           2.127      1761280       220160
        3440          512           4.033      3522560       440320
        3440         1024           7.650      7045120       880640
        3440         2048          14.977     14090240      1761280
        3440         4096          29.680     28180480      3522560
        3440         8192          59.073     56360960      7045120
        3760            1           0.568         7520          940
        3760            2           0.691        15040         1880
        3760            4           0.765        30080         3760
        3760            8           0.602        60160         7520
        3760           16           0.543       120320        15040
        3760           32           0.658       240640        30080
        3760           64           0.917       481280        60160
        3760          128           1.605       962560       120320
        3760          256           2.724      1925120       240640
        3760          512           5.332      3850240       481280
        3760         1024          10.128      7700480       962560
        3760         2048          19.458     15400960      1925120
        3760         4096          43.670     30801920      3850240
        3760         8192          66.315     61603840      7700480
        4120            1           0.395         8240         1030
        4120            2           0.472        16480         2060
        4120            4           0.427        32960         4120
        4120            8           0.590        65920         8240
        4120           16           0.629       131840        16480
        4120           32           0.753       263680        32960
        4120           64           0.901       527360        65920
        4120          128           1.361      1054720       131840
        4120          256           2.378      2109440       263680
        4120          512           4.576      4218880       527360
        4120         1024           8.737      8437760      1054720
        4120         2048          32.581     16875520      2109440
        4120         4096          34.096     33751040      4218880
        4520            1           0.429         9040         1130
        4520            2           0.542        18080         2260
        4520            4           0.536        36160         4520
        4520            8           0.648        72320         9040
        4520           16           0.695       144640        18080
        4520           32           0.817       289280        36160
        4520           64           0.829       578560        72320
        4520          128           1.630      1157120       144640
        4520          256           2.508      2314240       289280
        4520          512           4.823      4628480       578560
        4520         1024           9.364      9256960      1157120
        4520         2048          18.300     18513920      2314240
        4520         4096          36.078     37027840      4628480
        4960            1           0.417         9920         1240
        4960            2           0.586        19840         2480
        4960            4           0.649        39680         4960
        4960            8           0.713        79360         9920
        4960           16           0.655       158720        19840
        4960           32           0.717       317440        39680
        4960           64           0.957       634880        79360
        4960          128           1.472      1269760       158720
        4960          256           2.630      2539520       317440
        4960          512           4.991      5079040       634880
        4960         1024           9.832     10158080      1269760
        4960         2048          19.168     20316160      2539520
        4960         4096          38.048     40632320      5079040
        5440            1           0.321        10880         1360
        5440            2           0.443        21760         2720
        5440            4           0.670        43520         5440
        5440            8           0.633        87040        10880
        5440           16           0.691       174080        21760
        5440           32           0.776       348160        43520
        5440           64           1.205       696320        87040
        5440          128           2.047      1392640       174080
        5440          256           3.512      2785280       348160
        5440          512           6.681      5570560       696320
        5440         1024          12.921     11141120      1392640
        5440         2048          25.047     22282240      2785280
        5440         4096          50.328     44564480      5570560
        5960            1           1.243        11920         1490
        5960            2           0.470        23840         2980
        5960            4           0.523        47680         5960
        5960            8           0.527        95360        11920
        5960           16           0.518       190720        23840
        5960           32           0.813       381440        47680
        5960           64           1.048       762880        95360
        5960          128           1.662      1525760       190720
        5960          256           3.158      3051520       381440
        5960          512           5.830      6103040       762880
        5960         1024          11.336     12206080      1525760
        5960         2048          22.582     24412160      3051520
        5960         4096          53.907     48824320      6103040
        6520            1           1.838        13040         1630
        6520            2           0.502        26080         3260
        6520            4           0.604        52160         6520
        6520            8           0.637       104320        13040
        6520           16           0.689       208640        26080
        6520           32           1.054       417280        52160
        6520           64           1.547       834560       104320
        6520          128           3.055      1669120       208640
        6520          256           6.122      3338240       417280
        6520          512          13.977      6676480       834560
        6520         1024          23.791     13352960      1669120
        6520         2048          47.072     26705920      3338240
        6520         4096          92.519     53411840      6676480
        7160            1           1.095        14320         1790
        7160            2           0.544        28640         3580
        7160            4           0.890        57280         7160
        7160            8           0.951       114560        14320
        7160           16           1.366       229120        28640
        7160           32           2.096       458240        57280
        7160           64           3.567       916480       114560
        7160          128           6.559      1832960       229120
        7160          256           8.212      3665920       458240
        7160          512          28.342      7331840       916480
        7160         1024          23.908     14663680      1832960
        7160         2048          45.628     29327360      3665920
        7160         4096          90.844     58654720      7331840
        7840            1           1.124        15680         1960
        7840            2           0.562        31360         3920
        7840            4           0.657        62720         7840
        7840            8           0.600       125440        15680
        7840           16           0.694       250880        31360
        7840           32           0.892       501760        62720
        7840           64           1.493      1003520       125440
        7840          128           2.296      2007040       250880
        7840          256           4.077      4014080       501760
        7840          512          10.697      8028160      1003520
        7840         1024          20.030     16056320      2007040
        7840         2048          32.695     32112640      4014080
        8600            1           0.991        17200         2150
        8600            2           0.561        34400         4300
        8600            4           0.515        68800         8600
        8600            8           0.615       137600        17200
        8600           16           0.882       275200        34400
        8600           32           1.183       550400        68800
        8600           64           2.101      1100800       137600
        8600          128           3.824      2201600       275200
        8600          256           6.081      4403200       550400
        8600          512          10.322      8806400      1100800
        8600         1024          27.018     17612800      2201600
        8600         2048          43.097     35225600      4403200
        9440            1           1.598        18880         2360
        9440            2           0.313        37760         4720
        9440            4           0.581        75520         9440
        9440            8           0.496       151040        18880
        9440           16           0.784       302080        37760
        9440           32           1.075       604160        75520
        9440           64           1.755      1208320       151040
        9440          128           3.288      2416640       302080
        9440          256           6.446      4833280       604160
        9440          512          14.207      9666560      1208320
        9440         1024          26.408     19333120      2416640
        9440         2048          52.142     38666240      4833280
       10360            1           1.446        20720         2590
       10360            2           0.422        41440         5180
       10360            4           0.723        82880        10360
       10360            8           0.641       165760        20720
       10360           16           0.833       331520        41440
       10360           32           1.242       663040        82880
       10360           64           2.017      1326080       165760
       10360          128           3.668      2652160       331520
       10360          256           6.550      5304320       663040
       10360          512          12.779     10608640      1326080
       10360         1024          25.558     21217280      2652160
       10360         2048          53.246     42434560      5304320
       11360            1           0.871        22720         2840
       11360            2           0.326        45440         5680
       11360            4           0.612        90880        11360
       11360            8           0.820       181760        22720
       11360           16           0.945       363520        45440
       11360           32           1.462       727040        90880
       11360           64           2.512      1454080       181760
       11360          128           4.114      2908160       363520
       11360          256           9.004      5816320       727040
       11360          512          14.425     11632640      1454080
       11360         1024          26.553     23265280      2908160
       11360         2048          55.689     46530560      5816320
       12480            1           1.089        24960         3120
       12480            2           0.404        49920         6240
       12480            4           0.606        99840        12480
       12480            8           0.634       199680        24960
       12480           16           0.864       399360        49920
       12480           32           1.371       798720        99840
       12480           64           2.711      1597440       199680
       12480          128           4.762      3194880       399360
       12480          256           9.845      6389760       798720
       12480          512          17.493     12779520      1597440
       12480         1024          25.561     25559040      3194880
       12480         2048          67.172     51118080      6389760
       13720            1           0.597        27440         3430
       13720            2           0.513        54880         6860
       13720            4           0.638       109760        13720
       13720            8           0.782       219520        27440
       13720           16           1.047       439040        54880
       13720           32           1.786       878080       109760
       13720           64           3.089      1756160       219520
       13720          128           5.720      3512320       439040
       13720          256          11.086      7024640       878080
       13720          512          21.925     14049280      1756160
       13720         1024          43.708     28098560      3512320
       13720         2048          84.861     56197120      7024640
       15080            1           2.522        30160         3770
       15080            2           0.590        60320         7540
       15080            4           1.056       120640        15080
       15080            8           1.321       241280        30160
       15080           16           1.807       482560        60320
       15080           32           3.435       965120       120640
       15080           64          12.155      1930240       241280
       15080          128           7.894      3860480       482560
       15080          256          20.677      7720960       965120
       15080          512          31.658     15441920      1930240
       15080         1024          57.303     30883840      3860480
       15080         2048          71.697     61767680      7720960
       16560            1           2.295        33120         4140
       16560            2           0.502        66240         8280
       16560            4           0.865       132480        16560
       16560            8           0.930       264960        33120
       16560           16           1.209       529920        66240
       16560           32           2.054      1059840       132480
       16560           64           3.818      2119680       264960
       16560          128           7.260      4239360       529920
       16560          256          13.730      8478720      1059840
       16560          512          26.613     16957440      2119680
       16560         1024          48.535     33914880      4239360
       18200            1           1.296        36400         4550
       18200            2           0.652        72800         9100
       18200            4           1.153       145600        18200
       18200            8           1.481       291200        36400
       18200           16           2.537       582400        72800
       18200           32           4.227      1164800       145600
       18200           64          12.778      2329600       291200
       18200          128           7.487      4659200       582400
       18200          256          21.922      9318400      1164800
       18200          512          19.920     18636800      2329600
       18200         1024          42.728     37273600      4659200
       20000            1           1.722        40000         5000
       20000            2           0.380        80000        10000
       20000            4           0.690       160000        20000
       20000            8           0.956       320000        40000
       20000           16           1.292       640000        80000
       20000           32           2.691      1280000       160000
       20000           64           4.552      2560000       320000
       20000          128           8.533      5120000       640000
       20000          256          16.021     10240000      1280000
       20000          512          32.624     20480000      2560000
       20000         1024          64.280     40960000      5120000
       22000            1           1.433        44000         5500
       22000            2           0.581        88000        11000
       22000            4           0.776       176000        22000
       22000            8           0.885       352000        44000
       22000           16           1.089       704000        88000
       22000           32           1.811      1408000       176000
       22000           64           3.779      2816000       352000
       22000          128           7.023      5632000       704000
       22000          256          15.078     11264000      1408000
       22000          512          32.214     22528000      2816000
       22000         1024          66.875     45056000      5632000
       24200            1           0.577        48400         6050
       24200            2           0.391        96800        12100
       24200            4           0.651       193600        24200
       24200            8           0.918       387200        48400
       24200           16           1.155       774400        96800
       24200           32           1.902      1548800       193600
       24200           64           3.435      3097600       387200
       24200          128           6.010      6195200       774400
       24200          256          11.592     12390400      1548800
       24200          512          22.681     24780800      3097600
       24200         1024          44.856     49561600      6195200
       26600            1           0.594        53200         6650
       26600            2           0.648       106400        13300
       26600            4           0.649       212800        26600
       26600            8           1.006       425600        53200
       26600           16           1.252       851200       106400
       26600           32           2.097      1702400       212800
       26600           64           3.440      3404800       425600
       26600          128           6.603      6809600       851200
       26600          256          12.629     13619200      1702400
       26600          512          24.722     27238400      3404800
       26600         1024          49.118     54476800      6809600
       29240            1           1.238        58480         7310
       29240            2           0.805       116960        14620
       29240            4           0.692       233920        29240
       29240            8           0.947       467840        58480
       29240           16           1.340       935680       116960
       29240           32           2.157      1871360       233920
       29240           64           3.953      3742720       467840
       29240          128           7.774      7485440       935680
       29240          256          15.082     14970880      1871360
       29240          512          29.543     29941760      3742720
       29240         1024          59.309     59883520      7485440
       32160            1           0.620        64320         8040
       32160            2           0.766       128640        16080
       32160            4           0.728       257280        32160
       32160            8           1.038       514560        64320
       32160           16           1.375      1029120       128640
       32160           32           2.358      2058240       257280
       32160           64           4.101      4116480       514560
       32160          128           7.672      8232960      1029120
       32160          256          15.034     16465920      2058240
       32160          512          29.498     32931840      4116480
       35360            1           0.682        70720         8840
       35360            2           0.691       141440        17680
       35360            4           0.759       282880        35360
       35360            8           0.948       565760        70720
       35360           16           1.541      1131520       141440
       35360           32           2.621      2263040       282880
       35360           64           4.764      4526080       565760
       35360          128           8.965      9052160      1131520
       35360          256          17.559     18104320      2263040
       35360          512          34.422     36208640      4526080
       38880            1           1.606        77760         9720
       38880            2           0.644       155520        19440
       38880            4           0.784       311040        38880
       38880            8           1.051       622080        77760
       38880           16           1.652      1244160       155520
       38880           32           2.729      2488320       311040
       38880           64           5.044      4976640       622080
       38880          128           9.854      9953280      1244160
       38880          256          19.476     19906560      2488320
       38880          512          38.571     39813120      4976640
       42760            1           1.727        85520        10690
       42760            2           0.690       171040        21380
       42760            4           0.845       342080        42760
       42760            8           1.259       684160        85520
       42760           16           1.734      1368320       171040
       42760           32           2.934      2736640       342080
       42760           64           5.398      5473280       684160
       42760          128          10.150     10946560      1368320
       42760          256          20.849     21893120      2736640
       42760          512          40.996     43786240      5473280
       47000            1           1.497        94000        11750
       47000            2           0.559       188000        23500
       47000            4           0.788       376000        47000
       47000            8           1.170       752000        94000
       47000           16           1.888      1504000       188000
       47000           32           3.179      3008000       376000
       47000           64           6.063      6016000       752000
       47000          128          11.690     12032000      1504000
       47000          256          22.566     24064000      3008000
       47000          512          44.867     48128000      6016000
       51680            1           1.510       103360        12920
       51680            2           0.611       206720        25840
       51680            4           0.953       413440        51680
       51680            8           1.381       826880       103360
       51680           16           2.083      1653760       206720
       51680           32           3.494      3307520       413440
       51680           64           6.270      6615040       826880
       51680          128          12.396     13230080      1653760
       51680          256          24.516     26460160      3307520
       51680          512          48.205     52920320      6615040
       56840            1           3.183       113680        14210
       56840            2           0.585       227360        28420
       56840            4           0.915       454720        56840
       56840            8           1.352       909440       113680
       56840           16           2.198      1818880       227360
       56840           32           3.594      3637760       454720
       56840           64           7.088      7275520       909440
       56840          128          13.534     14551040      1818880
       56840          256          26.871     29102080      3637760
       56840          512          53.116     58204160      7275520
       62520            1           1.725       125040        15630
       62520            2           0.668       250080        31260
       62520            4           0.993       500160        62520
       62520            8           1.514      1000320       125040
       62520           16           2.414      2000640       250080
       62520           32           4.064      4001280       500160
       62520           64           7.700      8002560      1000320
       62520          128          14.943     16005120      2000640
       62520          256          29.461     32010240      4001280
       68760            1           1.608       137520        17190
       68760            2           0.663       275040        34380
       68760            4           1.020       550080        68760
       68760            8           1.532      1100160       137520
       68760           16           2.527      2200320       275040
       68760           32           4.431      4400640       550080
       68760           64           8.229      8801280      1100160
       68760          128          16.162     17602560      2200320
       68760          256          31.680     35205120      4400640
       75600            1           2.405       151200        18900
       75600            2           0.886       302400        37800
       75600            4           1.223       604800        75600
       75600            8           1.687      1209600       151200
       75600           16           2.742      2419200       302400
       75600           32           4.913      4838400       604800
       75600           64           9.405      9676800      1209600
       75600          128          17.696     19353600      2419200
       75600          256          35.373     38707200      4838400
       83160            1           1.867       166320        20790
       83160            2           0.982       332640        41580
       83160            4           1.238       665280        83160
       83160            8           1.829      1330560       166320
       83160           16           2.938      2661120       332640
       83160           32           5.286      5322240       665280
       83160           64           9.933     10644480      1330560
       83160          128          19.483     21288960      2661120
       83160          256          38.304     42577920      5322240
       91440            1           2.405       182880        22860
       91440            2           0.851       365760        45720
       91440            4           1.286       731520        91440
       91440            8           2.039      1463040       182880
       91440           16           3.146      2926080       365760
       91440           32           5.644      5852160       731520
       91440           64          10.694     11704320      1463040
       91440          128          25.798     23408640      2926080
       91440          256          50.803     46817280      5852160
      100560            1           1.959       201120        25140
      100560            2           0.889       402240        50280
      100560            4           1.358       804480       100560
      100560            8           2.038      1608960       201120
      100560           16           3.417      3217920       402240
      100560           32           6.193      6435840       804480
      100560           64          11.908     12871680      1608960
      100560          128          23.358     25743360      3217920
      100560          256          45.736     51486720      6435840
      110600            1           3.323       221200        27650
      110600            2           1.055       442400        55300
      110600            4           1.348       884800       110600
      110600            8           2.119      1769600       221200
      110600           16           3.742      3539200       442400
      110600           32           6.954      7078400       884800
      110600           64          13.207     14156800      1769600
      110600          128          25.976     28313600      3539200
      110600          256          51.027     56627200      7078400
      121640            1           1.868       243280        30410
      121640            2           1.105       486560        60820
      121640            4           1.504       973120       121640
      121640            8           2.444      1946240       243280
      121640           16           3.976      3892480       486560
      121640           32           7.442      7784960       973120
      121640           64          14.489     15569920      1946240
      121640          128          28.233     31139840      3892480
      133800            1           3.077       267600        33450
      133800            2           1.067       535200        66900
      133800            4           1.689      1070400       133800
      133800            8           2.557      2140800       267600
      133800           16           4.363      4281600       535200
      133800           32           8.369      8563200      1070400
      133800           64          15.885     17126400      2140800
      133800          128          31.129     34252800      4281600
      147160            1           2.599       294320        36790
      147160            2           1.183       588640        73580
      147160            4           1.970      1177280       147160
      147160            8           2.816      2354560       294320
      147160           16           5.020      4709120       588640
      147160           32           8.977      9418240      1177280
      147160           64          17.465     18836480      2354560
      147160          128          34.118     37672960      4709120
      161840            1           2.774       323680        40460
      161840            2           1.385       647360        80920
      161840            4           2.101      1294720       161840
      161840            8           3.335      2589440       323680
      161840           16           5.369      5178880       647360
      161840           32          10.035     10357760      1294720
      161840           64          19.158     20715520      2589440
      161840          128          37.450     41431040      5178880
      178000            1           3.196       356000        44500
      178000            2           1.480       712000        89000
      178000            4           2.378      1424000       178000
      178000            8           4.307      2848000       356000
      178000           16           7.780      5696000       712000
      178000           32          14.619     11392000      1424000
      178000           64          28.605     22784000      2848000
      178000          128          56.535     45568000      5696000
      195800            1           3.337       391600        48950
      195800            2           1.847       783200        97900
      195800            4           2.789      1566400       195800
      195800            8           5.065      3132800       391600
      195800           16           9.360      6265600       783200
      195800           32          17.711     12531200      1566400
      195800           64          34.848     25062400      3132800
      195800          128          69.246     50124800      6265600
      215360            1           5.166       430720        53840
      215360            2           1.997       861440       107680
      215360            4           3.269      1722880       215360
      215360            8           5.546      3445760       430720
      215360           16          10.422      6891520       861440
      215360           32          19.771     13783040      1722880
      215360           64          38.665     27566080      3445760
      215360          128          76.847     55132160      6891520
      236880            1           4.010       473760        59220
      236880            2           2.106       947520       118440
      236880            4           3.644      1895040       236880
      236880            8           6.177      3790080       473760
      236880           16          11.327      7580160       947520
      236880           32          21.853     15160320      1895040
      236880           64          42.631     30320640      3790080
      236880          128          84.642     60641280      7580160
      260560            1           5.217       521120        65140
      260560            2           2.324      1042240       130280
      260560            4           3.806      2084480       260560
      260560            8           6.598      4168960       521120
      260560           16          12.422      8337920      1042240
      260560           32          23.846     16675840      2084480
      260560           64          46.937     33351680      4168960
      286600            1           4.420       573200        71650
      286600            2           2.652      1146400       143300
      286600            4           4.061      2292800       286600
      286600            8           7.355      4585600       573200
      286600           16          13.679      9171200      1146400
      286600           32          26.240     18342400      2292800
      286600           64          51.380     36684800      4585600
      315240            1           5.771       630480        78810
      315240            2           2.722      1260960       157620
      315240            4           4.596      2521920       315240
      315240            8           8.040      5043840       630480
      315240           16          14.981     10087680      1260960
      315240           32          28.766     20175360      2521920
      315240           64          56.497     40350720      5043840
      346760            1           7.405       693520        86690
      346760            2           2.848      1387040       173380
      346760            4           4.943      2774080       346760
      346760            8           8.652      5548160       693520
      346760           16          16.313     11096320      1387040
      346760           32          31.545     22192640      2774080
      346760           64          62.095     44385280      5548160
      381400            1           6.506       762800        95350
      381400            2           3.243      1525600       190700
      381400            4           5.665      3051200       381400
      381400            8           9.627      6102400       762800
      381400           16          17.873     12204800      1525600
      381400           32          35.015     24409600      3051200
      381400           64          68.673     48819200      6102400
      419520            1           7.864       839040       104880
      419520            2           3.471      1678080       209760
      419520            4           5.888      3356160       419520
      419520            8          10.435      6712320       839040
      419520           16          19.717     13424640      1678080
      419520           32          38.095     26849280      3356160
      419520           64          74.886     53698560      6712320
      461440            1           8.403       922880       115360
      461440            2           3.835      1845760       230720
      461440            4           6.262      3691520       461440
      461440            8          11.517      7383040       922880
      461440           16          21.644     14766080      1845760
      461440           32          41.747     29532160      3691520
      461440           64          82.389     59064320      7383040
      507560            1           7.647      1015120       126890
      507560            2           4.090      2030240       253780
      507560            4           6.955      4060480       507560
      507560            8          12.530      8120960      1015120
      507560           16          23.781     16241920      2030240
      507560           32          45.952     32483840      4060480
      558280            1           9.508      1116560       139570
      558280            2           4.368      2233120       279140
      558280            4           7.494      4466240       558280
      558280            8          13.596      8932480      1116560
      558280           16          26.141     17864960      2233120
      558280           32          50.637     35729920      4466240
      614080            1           9.313      1228160       153520
      614080            2           4.806      2456320       307040
      614080            4           8.532      4912640       614080
      614080            8          15.134      9825280      1228160
      614080           16          28.486     19650560      2456320
      614080           32          55.716     39301120      4912640
      675480            1          11.360      1350960       168870
      675480            2           5.283      2701920       337740
      675480            4           9.133      5403840       675480
      675480            8          16.636     10807680      1350960
      675480           16          31.459     21615360      2701920
      675480           32          60.903     43230720      5403840
      743000            1          11.096      1486000       185750
      743000            2           6.012      2972000       371500
      743000            4          10.029      5944000       743000
      743000            8          18.153     11888000      1486000
      743000           16          34.442     23776000      2972000
      743000           32          66.971     47552000      5944000
      817280            1          12.128      1634560       204320
      817280            2           6.537      3269120       408640
      817280            4          10.892      6538240       817280
      817280            8          19.925     13076480      1634560
      817280           16          37.737     26152960      3269120
      817280           32          73.439     52305920      6538240
      899000            1          13.188      1798000       224750
      899000            2           7.145      3596000       449500
      899000            4          11.910      7192000       899000
      899000            8          21.759     14384000      1798000
      899000           16          41.323     28768000      3596000
      899000           32          80.745     57536000      7192000
      988880            1          15.626      1977760       247220
      988880            2           7.958      3955520       494440
      988880            4          13.006      7911040       988880
      988880            8          23.992     15822080      1977760
      988880           16          45.585     31644160      3955520
     1087760            1          15.697      2175520       271940
     1087760            2           8.510      4351040       543880
     1087760            4          14.517      8702080      1087760
     1087760            8          26.323     17404160      2175520
     1087760           16          49.811     34808320      4351040
     1196520            1          24.257      2393040       299130
     1196520            2           9.430      4786080       598260
     1196520            4          15.805      9572160      1196520
     1196520            8          28.983     19144320      2393040
     1196520           16          55.010     38288640      4786080
     1316160            1          26.147      2632320       329040
     1316160            2          10.039      5264640       658080
     1316160            4          17.319     10529280      1316160
     1316160            8          31.563     21058560      2632320
     1316160           16          61.033     42117120      5264640
     1447760            1          23.788      2895520       361940
     1447760            2          11.770      5791040       723880
     1447760            4          18.939     11582080      1447760
     1447760            8          42.555     23164160      2895520
     1447760           16          75.405     46328320      5791040
     1592520            1          32.612      3185040       398130
     1592520            2          19.188      6370080       796260
     1592520            4          25.990     12740160      1592520
     1592520            8          41.439     25480320      3185040
     1592520           16          79.266     50960640      6370080
     1751760            1          27.774      3503520       437940
     1751760            2          13.270      7007040       875880
     1751760            4          32.979     14014080      1751760
     1751760            8          49.729     28028160      3503520
     1751760           16          89.347     56056320      7007040
     1926920            1          40.172      3853840       481730
     1926920            2          17.226      7707680       963460
     1926920            4          29.533     15415360      1926920
     1926920            8          51.585     30830720      3853840
     1926920           16          96.563     61661440      7707680
     2119600            1          39.638      4239200       529900
     2119600            2          21.191      8478400      1059800
     2119600            4          29.369     16956800      2119600
     2119600            8          60.828     33913600      4239200
     2331560            1          33.758      4663120       582890
     2331560            2          24.980      9326240      1165780
     2331560            4          35.117     18652480      2331560
     2331560            8          68.722     37304960      4663120
     2564680            1          45.857      5129360       641170
     2564680            2          29.711     10258720      1282340
     2564680            4          39.197     20517440      2564680
     2564680            8          71.698     41034880      5129360
     2821120            1          40.816      5642240       705280
     2821120            2          22.730     11284480      1410560
     2821120            4          36.558     22568960      2821120
     2821120            8          67.130     45137920      5642240
     3103200            1          50.240      6206400       775800
     3103200            2          27.758     12412800      1551600
     3103200            4          42.420     24825600      3103200
     3103200            8          89.012     49651200      6206400
     3413520            1          47.104      6827040       853380
     3413520            2          32.159     13654080      1706760
     3413520            4          46.327     27308160      3413520
     3413520            8          83.357     54616320      6827040
     3754840            1          48.991      7509680       938710
     3754840            2          32.929     15019360      1877420
     3754840            4          50.483     30038720      3754840
     3754840            8          92.251     60077440      7509680
     4130320            1          56.671      8260640      1032580
     4130320            2          40.198     16521280      2065160
     4130320            4          59.844     33042560      4130320
     4543320            1          60.622      9086640      1135830
     4543320            2          49.757     18173280      2271660
     4543320            4          70.709     36346560      4543320
     4997640            1          69.961      9995280      1249410
     4997640            2          58.098     19990560      2498820
     4997640            4          84.328     39981120      4997640
     5497400            1          68.524     10994800      1374350
     5497400            2          69.813     21989600      2748700
     5497400            4         102.001     43979200      5497400
     6047120            1          68.735     12094240      1511780
     6047120            2          84.021     24188480      3023560
     6047120            4         121.814     48376960      6047120
     6651800            1          89.169     13303600      1662950
     6651800            2          98.476     26607200      3325900
     6651800            4         145.826     53214400      6651800
     7316960            1          82.223     14633920      1829240
     7316960            2         117.021     29267840      3658480
     7316960            4         171.337     58535680      7316960
     8048640            1          82.539     16097280      2012160
     8048640            2         137.002     32194560      4024320
     8853480            1          94.424     17706960      2213370
     8853480            2         152.575     35413920      4426740
     9738800            1         102.001     19477600      2434700
     9738800            2         170.788     38955200      4869400
    10712680            1         111.229     21425360      2678170
    10712680            2         199.807     42850720      5356340
    11783920            1         128.523     23567840      2945980
    11783920            2         236.256     47135680      5891960
    12962280            1         139.477     25924560      3240570
    12962280            2         232.706     51849120      6481140
    14258480            1         154.123     28516960      3564620
    14258480            2         262.306     57033920      7129240
    15684320            1         171.275     31368640      3921080
    17252720            1         239.789     34505440      4313180
    18977960            1         219.007     37955920      4744490
    20875720            1         253.224     41751440      5218930
    22963280            1         287.048     45926560      5740820
    25259600            1         337.563     50519200      6314900
    27785560            1         392.123     55571120      6946390
    30564080            1         464.773     61128160      7641020

META_DATA
FLOPS          2
OPENMP_THREADS 5
ERT_VERSION  1.1.0
HOSTNAME  ('cirrus4.computing.clemson.edu', ['cirrus4'], ['127.0.1.1'])
UNAME  uname_result(system='Linux', node='cirrus4.computing.clemson.edu', release='5.4.0-81-generic', version='#91-Ubuntu SMP Thu Jul 15 19:09:17 UTC 2021', machine='x86_64', processor='x86_64')
TIMESTAMP_DATA  1632245404.6226532
CONFIG  {'ERT_RESULTS': ['Results.cs.clemson.edu'], 'ERT_DRIVER': ['driver1'], 'ERT_KERNEL': ['kernel1'], 'ERT_MPI': ['False'], 'ERT_MPI_CFLAGS': [], 'ERT_MPI_LDFLAGS': [], 'ERT_OPENMP': ['True'], 'ERT_OPENMP_CFLAGS': ['-fopenmp'], 'ERT_OPENMP_LDFLAGS': ['-fopenmp'], 'ERT_FLOPS': ['1,2,4'], 'ERT_ALIGN': ['32'], 'ERT_CC': ['g++'], 'ERT_CFLAGS': ['-O3', '-std=c++11', '-fstrict-aliasing', '-march=native'], 'ERT_LD': ['g++'], 'ERT_LDFLAGS': [], 'ERT_LDLIBS': [], 'ERT_PRECISION': ['FP64'], 'ERT_RUN': ['export', 'OMP_NUM_THREADS=ERT_OPENMP_THREADS;', 'export', 'OMP_PLACES=threads;', 'export', 'OMP_PROC_BIND=spread;', './ERT_CODE'], 'ERT_PROCS_THREADS': ['8'], 'ERT_MPI_PROCS': ['2,4,8'], 'ERT_OPENMP_THREADS': ['1-8'], 'ERT_NUM_EXPERIMENTS': ['5'], 'ERT_MEMORY_MAX': ['31000000'], 'ERT_WORKING_SET_MIN': ['1'], 'ERT_TRIALS_MIN': ['1'], 'ERT_GNUPLOT': ['gnuplot'], 'ERT_GPU': [False], 'ERT_HIP': [False], 'ERT_OCL': [False], 'ERT_SYCL': [False], 'ERT_WSS_MULT': [1.1]}
