fp64
 56 524288 1160.825 3109.941 3120.653 18.816656642055367 18.881469455529864 50.58493399091163 1.1760410401284604 1.1800918409706165 3.161558374431977
 112 262144 674.62 1600.885 1688.08 34.78523292734941 36.67987144610637 87.04197325901988 2.1740770579593383 2.292491965381648 5.440123328688743
 168 131072 380.442 561.61 792.335 55.58279263190443 78.41774897170633 115.76059425615469 3.473924539494027 4.901109310731646 7.235037141009668
 224 131072 401.369 538.786 773.948 75.87106110488043 108.98623201048282 146.29992849472677 4.741941319055027 6.811639500655176 9.143745530920423
 280 65536 201.191 264.766 279.441 131.33419934798405 138.6135682073982 182.41452152432268 8.208387459249003 8.663348012962388 11.400907595270168
 336 65536 217.801 266.176 280.914 156.7746427732331 165.45515748978121 202.2038098998627 9.798415173327069 10.340947343111326 12.637738118741419
 392 65536 202.419 266.248 280.771 182.9969049510099 192.97881674228537 253.8310336480271 11.437306559438118 12.061176046392836 15.864439603001694
 448 65536 211.984 278.685 294.411 199.44993903081067 210.70475985431582 277.00324552796434 12.465621189425667 13.169047490894739 17.31270284549777
 504 32768 106.565 140.283 152.487 216.60957327509882 235.453647270161 309.9530239759771 13.538098329693677 14.715852954385063 19.372063998498568
 560 32768 106.442 140.135 147.749 248.3953190884541 261.89146180468833 344.790214389057 15.524707443028381 16.36821636279302 21.54938839931606
 616 32768 107.075 140.502 148.421 271.99773616941 287.32812344308263 377.0270931590007 16.999858510588126 17.958007715192664 23.564193322437543
 672 32768 95.467 133.184 147.558 298.4602122555199 330.67179240749635 461.3132496045754 18.653763265969992 20.666987025468522 28.832078100285962
 728 32768 101.883 134.826 149.462 319.21296383027124 353.86504086748846 468.2842868780856 19.950810239391952 22.11656505421803 29.26776792988035
 784 32768 96.044 110.42 140.792 364.9370986987897 465.3162832820141 534.9654741576778 22.808568668674358 29.082267705125883 33.435342134854864
 840 32768 71.437 130.401 142.103 387.3967474296813 422.1611797455541 770.6124277335274 24.21229671435508 26.38507373409713 48.16327673334546
 896 32768 71.013 110.318 141.617 414.6412930650981 532.2817309958484 826.8944559446861 25.915080816568633 33.267608187240526 51.68090349654288
 952 16384 35.914 50.41 68.174 457.58113063631293 618.8283277127555 868.6065601158322 28.59882066476956 38.67677048204722 54.28791000723951
 1008 16384 36.019 47.001 88.937 371.388106187526 702.7540690623604 917.0200172131375 23.211756636720374 43.92212931639752 57.313751075821095
 1064 16384 37.757 49.357 80.182 434.8251727320347 706.3871791235287 923.408957279445 27.176573295752167 44.14919869522054 57.71305982996531
 1120 16384 36.069 47.222 66.282 553.6972330346098 777.1835161577231 1017.4986830796529 34.60607706466311 48.5739697598577 63.593667692478306
 1232 16384 37.868 49.686 78.29 515.6492016860391 812.5060580445196 1066.0762649202493 32.22807510537744 50.781628627782474 66.62976655751558
 1344 16384 45.526 55.288 69.514 633.5442069223466 796.5596874547823 967.3635285331458 39.59651293264666 49.784980465923894 60.46022053332161
 1456 16384 56.275 66.959 84.39 565.3538096930915 712.5286817306112 847.804673478454 35.33461310581822 44.5330426081632 52.987792092403375
 1568 16384 54.671 64.949 74.725 687.5908196721311 791.0856826125113 939.8076493936456 42.9744262295082 49.442855163281955 58.73797808710285
 1680 16384 53.938 63.969 100.104 549.9304723087988 860.5768419077991 1020.6207126701026 34.370654519299926 53.786052619237445 63.788794541881416
 1848 16384 111.425 141.71 163.3 370.8221922841396 427.3182132524169 543.4620955799866 23.176387017758724 26.707388328276057 33.96638097374916
 2016 8192 56.774 60.119 74.274 444.70668066887464 549.4127314160248 581.782928805439 27.794167541804665 34.33829571350155 36.36143305033994
 2184 8192 56.278 63.512 73.771 485.0504398747476 563.399924423731 635.8196097942358 30.315652492171726 35.21249527648319 39.73872561213974
 2352 8192 56.538 56.894 82.974 464.42461493961963 677.3151474672197 681.5799639180728 29.026538433726227 42.33219671670123 42.59874774487955
 2576 8192 55.893 56.06 73.323 575.6063445303657 752.8573671066714 755.1067933372694 35.97539653314786 47.05358544416696 47.19417458357934
 2800 8192 55.935 56.057 73.309 625.7785537928494 818.367019283943 820.1519620988647 39.111159612053086 51.14793870524644 51.259497631179045
 3080 8192 56.171 56.309 73.723 684.4908644520706 896.1750341863645 898.3767424471703 42.78067902825441 56.010939636647784 56.14854640294814
 3360 8192 55.927 56.074 73.466 749.3294857485096 981.7426971501944 984.3231355159404 46.83309285928185 61.35891857188715 61.520195969746275
 3696 8192 58.189 58.241 84.687 715.0479294342697 1039.7359935440668 1040.6651428964237 44.690495589641856 64.98349959650417 65.04157143102648
 4032 4096 28.935 37.894 66.505 496.6565521389369 871.6457486673352 1141.5290824261274 31.041034508683556 54.47785929170845 71.34556765163296
 4424 4096 32.461 32.517 41.91 864.7436888570749 1114.5372574345727 1116.4599981516283 54.04648055356718 69.65857858966079 69.77874988447677
 4816 4096 34.925 35.036 40.372 977.2285742593878 1126.0609658636831 1129.6398568360776 61.076785891211735 70.3788103664802 70.60249105225485
 5264 4096 36.058 36.226 36.583 1178.7630320094033 1190.3795064318444 1195.925675300904 73.67268950058771 74.39871915199028 74.7453547063065
 5768 4096 40.408 40.525 41.581 1136.3713234409945 1165.9828747686613 1169.358938823995 71.02320771506216 72.87392967304133 73.08493367649969
 6328 4096 41.868 41.905 42.381 1223.165475094972 1237.059443980432 1238.1526702971244 76.44784219343575 77.316215248777 77.38454189357027
 6944 4096 41.701 41.842 42.062 1352.4142456373925 1359.525070503322 1364.1219155415938 84.52589035233703 84.97031690645763 85.25761972134961
 7616 2048 25.186 25.375 40.781 764.9428900713567 1229.3649655172412 1238.5903279599777 47.808930629459795 76.83531034482758 77.4118954974986
 8344 2048 24.444 24.641 25.052 1364.2433338655596 1386.9982549409522 1398.176403207331 85.26520836659748 86.68739093380951 87.38602520045819
 9128 2048 29.377 29.701 30.21 1237.6129758358159 1258.8225312279048 1272.706130646424 77.35081098973849 78.67640820174405 79.5441331654015
 10024 2048 30.35 30.441 31.206 1315.7182593091072 1348.783022896751 1352.8271499176274 82.2323912068192 84.29893893104693 84.55169686985171
 10976 2048 30.047 30.222 38.191 1177.1803828127045 1487.5817616306 1496.2457483276198 73.57377392579403 92.9738601019125 93.51535927047624
 12040 2048 34.252 34.48 46.278 1065.6432862267168 1430.2737819025524 1439.794464556814 66.6027053891698 89.39211136890953 89.98715403480088
 13216 2048 34.894 34.914 35.882 1508.6320717908702 1550.4592999942718 1551.347968132057 94.28950448692939 96.90370624964198 96.95924800825357
 14504 2048 38.797 38.948 39.842 1491.0994427990565 1525.3256649892164 1531.262314096451 93.19371517494103 95.33285406182603 95.70389463102819
 15904 1024 21.079 21.117 21.249 1532.8435220480962 1542.4251550883173 1545.2057497983774 95.80272012800602 96.40157219301983 96.57535936239859
 17472 1024 24.891 24.98 25.37 1410.4318486401262 1432.4522017614092 1437.5740629143065 88.15199054000789 89.52826261008808 89.84837893214416
 19208 1024 26.852 27.169 27.516 1429.6403547027185 1447.8995914461334 1464.992700729927 89.3525221689199 90.49372446538334 91.56204379562044
 21112 1024 27.345 27.619 27.798 1555.4131951938991 1565.4938991274123 1581.1803254708357 97.2133246996187 97.84336869546327 98.82377034192723
 23184 1024 31.191 31.32 32.575 1457.5850191864924 1515.9908045977013 1522.260652111186 91.09906369915578 94.74942528735633 95.14129075694912
 25480 1024 34.607 35.055 35.356 1475.9316664781084 1488.6047639423762 1507.875285346895 92.24572915488177 93.03779774639851 94.24220533418094
 28000 1024 36.311 37.102 39.904 1437.0489174017641 1545.5770578405477 1579.2459585249649 89.81555733761026 96.59856611503423 98.7028724078103
 30800 512 20.623 20.916 21.185 1488.751475100307 1507.8982597054887 1529.321631188479 93.04696719376919 94.24364123159305 95.58260194927993
 33880 512 22.265 22.434 23.303 1488.783418443977 1546.4527057145403 1558.190882551089 93.04896365274857 96.65329410715877 97.38693015944307
 37240 512 24.642 24.776 24.997 1525.5334640156818 1539.1411042944785 1547.5107539972407 95.34584150098011 96.1963190184049 96.71942212482755
 40936 512 26.815 27.304 27.46 1526.5281864530225 1535.2499267506594 1563.2468394555287 95.4080116533139 95.95312042191621 97.70292746597055
 45024 512 29.278 29.67 30.202 1526.5404940070193 1553.9122345803842 1574.7173987294213 95.40878087543871 97.11951466127401 98.41983742058883
 49504 512 32.123 32.4 35.476 1428.9123914759275 1564.5708641975307 1578.0623229461758 89.30702446724547 97.78567901234567 98.62889518413598
 54432 512 34.938 35.053 36.523 1526.1169126303973 1590.11690868114 1595.3508500772798 95.38230703939983 99.38230679257126 99.70942812982999
 59864 512 38.497 38.803 39.552 1549.877022653722 1579.7937272891274 1592.3509883887057 96.86731391585762 98.73710795557047 99.5219367742941
 65800 256 21.4 21.604 21.761 1548.1641468682506 1559.4149231623774 1574.280373831776 96.76025917926566 97.46343269764859 98.392523364486
 72352 256 23.24 23.732 24.862 1489.9937253640096 1560.9398280802293 1593.9855421686748 93.1246078352506 97.55873925501433 99.62409638554217
 79576 256 25.584 25.952 26.74 1523.669109947644 1569.9334155363747 1592.5153220762975 95.22931937172775 98.12083847102342 99.53220762976859
 87528 256 28.183 28.278 29.732 1507.27620072649 1584.7774241459795 1590.1194337011675 94.20476254540563 99.04858900912372 99.38246460632297
 96264 256 31.045 31.338 32.968 1495.0002426595483 1572.7604824813322 1587.6040586245772 93.43751516622177 98.29753015508327 99.22525366403607
 105840 256 33.706 33.996 35.279 1536.0435386490544 1594.013413342746 1607.7280009493857 96.0027211655659 99.62583833392162 100.4830000593366
 116424 256 37.181 37.401 38.582 1544.9973562801306 1593.7832678270634 1603.2136844087036 96.56233476750816 99.61145423919146 100.20085527554397
 128016 128 20.635 20.874 21.333 1536.2160033750529 1569.9959758551308 1588.1800823842984 96.0135002109408 98.12474849094568 99.26125514901865
 140784 128 22.566 23.248 23.761 1516.8008080467994 1550.2711631108052 1597.1241691039618 94.80005050292496 96.89194769442533 99.82026056899761
 154840 128 24.833 24.973 25.32 1565.5229067930488 1587.2758579265608 1596.224378850723 97.84518167456555 99.20474112041005 99.76402367817019
 170296 128 27.312 27.767 28.639 1522.2520339397327 1570.0571181618468 1596.2132396016402 95.14075212123329 98.12856988511543 99.76332747510251
 187320 128 30.124 30.528 31.015 1546.1525068515234 1570.8176100628932 1591.8842119240473 96.63453167822021 98.17610062893083 99.49276324525296
 206024 128 33.246 33.261 33.369 1580.57310677575 1585.7053005020891 1586.4207423449436 98.78581917348437 99.10658128138057 99.15129639655898
 226576 128 36.375 36.67 37.75 1536.5153907284769 1581.768639214617 1594.5967285223367 96.0322119205298 98.86053995091356 99.66229553264604
 249200 64 25.324 28.261 29.193 1092.6454972082347 1128.679098404161 1259.5798452061285 68.29034357551467 70.54244365026007 78.72374032538303
 274120 64 32.999 33.199 100.681 348.5003128693597 1056.8800265068226 1063.2855541077001 21.78126955433498 66.05500165667641 66.45534713173126
 301504 64 38.76 38.958 49.092 786.1262934897744 990.61840956928 995.6788441692469 49.1328933431109 61.91365059808 62.22992776057793
 331632 64 42.798 42.961 60.142 705.8111802068438 988.0797933009009 991.8429833169774 44.11319876292774 61.754987081306304 61.99018645731109
 364784 64 46.831 46.99 55.951 834.5222069310647 993.6657161098105 997.0393969806323 52.157637933191545 62.10410725686316 62.31496231128952
 401240 64 50.826 51.602 66.601 771.1403732676687 995.2854540521685 1010.4812497540629 48.19627332922929 62.20534087826053 63.15507810962893
 441336 64 56.416 56.621 67.585 835.8512687726567 997.7041733632398 1001.3295519001703 52.24070429829104 62.356510835202485 62.58309699376064
 485464 32 31.62 31.741 37.945 818.8086967979971 978.8505718156329 982.5963314358002 51.17554354987482 61.178160738477054 61.41227071473751
 533960 32 34.894 34.92 43.537 784.9286813514941 978.6208476517753 979.3500315240442 49.05804258446838 61.16380297823596 61.20937697025276
 587328 32 38.156 38.265 51.352 731.9869138495093 982.3335162681302 985.1397421113325 45.74918211559433 61.39584476675814 61.57123388195828
 646016 32 41.459 41.889 50.74 814.840835632637 987.0138699897346 997.2508743577991 50.92755222703981 61.688366874358415 62.32817964736245
 710584 32 45.71 46.151 50.034 908.9294479753768 985.4039132413164 994.9108728943338 56.80809049846105 61.58774457758228 62.18192955589586
 781592 32 50.203 50.568 55.841 895.7914077469959 989.2004429678848 996.3924068282772 55.986962984187244 61.8250276854928 62.274525426767326
 859712 32 55.217 55.635 86.612 635.2649517387891 988.9739911925947 996.4606552329899 39.70405948367432 61.81087444953717 62.27879095206187
 945672 32 60.684 61.097 69.829 866.7317017285083 990.6052342995565 997.3470437017996 54.170731358031766 61.91282714372228 62.33419023136248
 1040200 16 34.171 34.316 34.673 960.0092290831482 969.9965030889381 974.1125515788241 60.00057681769676 60.62478144305863 60.882034473676505
 1144192 16 37.614 37.922 38.07 961.7584449697925 965.5119455724911 973.4179826660287 60.109902810612034 60.34449659828069 60.838623916626794
 1258600 16 41.323 41.635 47.897 840.8710357642441 967.3399783835715 974.6436609152288 52.554439735265255 60.45874864897322 60.9152288072018
 1384432 16 45.465 45.591 45.735 968.663474363179 971.7230155074465 974.4160123171669 60.54146714769869 60.732688469215404 60.90100076982293
 1522864 16 49.878 50.017 50.191 970.9240302046184 974.3016974228761 977.016881190104 60.68275188778865 60.89385608892976 61.0635550743815
 1675128 16 54.779 55.017 55.162 971.757659258185 974.3187741970662 978.5519268332754 60.73485370363656 60.89492338731664 61.15949542707971
 1842624 16 60.234 60.324 60.439 975.5946987872069 977.4545454545454 978.9150313776272 60.97466867420043 61.090909090909086 61.1821894611017
 2026864 8 34.826 34.877 34.896 929.3278312700597 929.8341027037875 931.1957732728422 58.08298945437873 58.11463141898672 58.19973582955264
 2229528 8 38.12 38.343 38.504 926.4608352378975 930.3509897504108 935.7934942287516 57.903802202368595 58.146936859400675 58.48709338929697
 2452464 8 41.981 42.12 42.284 927.9969728502508 931.6102564102565 934.6948381410638 57.999810803140676 58.22564102564103 58.418427383816486
 2697688 8 46.188 46.202 46.247 933.3147663632236 934.2237998355051 934.5069715077509 58.332172897701476 58.38898748971907 58.40668571923443
 2967440 8 50.678 50.742 61.231 775.4085348924565 935.695084939498 936.8767512530093 48.46303343077853 58.48094280871862 58.55479695331308
 3264184 8 55.741 55.801 55.863 934.9111934554177 935.9499650543896 936.9574281049855 58.431949590963605 58.49687281589935 58.559839256561595
 3590552 8 61.223 61.284 61.499 934.1425389030716 937.4197506690163 938.3537559413946 58.38390868144197 58.588734416813516 58.647109746337165
 3949568 4 36.675 36.851 41.371 763.7365304198593 857.4134758893924 861.5281254260395 47.733533151241204 53.58834224308703 53.84550783912747
 4344480 4 41.144 41.914 43.177 804.9619010121131 829.2179224125591 844.7365350962474 50.31011881325707 51.826120150784945 52.79603344351546
 4778928 4 46.756 48.353 49.075 779.0407335710647 790.673257088495 817.679527761143 48.690045848191545 49.41707856803094 51.10497048507144
 5256776 4 51.439 54.075 55.321 760.1852461090725 777.7014886731392 817.554929139369 47.51157788181703 48.6063430420712 51.097183071210566
 5782448 4 58.239 59.403 61.429 753.0577414576178 778.7415450398128 794.3059461872629 47.06610884110111 48.6713465649883 49.64412163670393
 6360648 4 67.996 68.541 77.872 653.4464762687487 742.4050422374929 748.35555032649 40.840404766796794 46.40031513984331 46.77222189540562
 6996696 4 79.095 84.107 95.561 585.7365243143123 665.5042743172388 707.675175421961 36.60853276964452 41.594017144827426 44.22969846387256
 7696360 4 95.713 103.781 104.687 588.1425582928158 593.2769967527774 643.2864919081003 36.75890989330099 37.07981229704859 40.20540574425627
 8465968 2 81.871 85.573 89.13 379.9379782340402 395.73080294017984 413.62475113287985 23.746123639627513 24.73317518376124 25.85154694580499
 9312520 2 100.138 101.68 105.711 352.376573866485 366.34618410700233 371.98745730891363 22.023535866655312 22.896636506687646 23.249216081807102
 10243744 2 114.89 120.473 133.008 308.0639961506075 340.1175035070099 356.6452780920881 19.25399975941297 21.25734396918812 22.290329880755507
 11268096 2 133.109 138.21 142.946 315.31056482867655 326.1152159756891 338.61259569225217 19.706910301792284 20.38220099848057 21.16328723076576
 12394872 2 154.767 157.86 162.413 305.26797731708666 314.0725199543899 320.34922173331523 19.079248582317916 19.62953249714937 20.021826358332202
 13634320 2 175.096 177.011 182.856 298.252614078838 308.10107846405026 311.47073605336504 18.640788379927375 19.25631740400314 19.466921003335315
 14997752 2 197.629 199.777 205.166 292.40228887827413 300.2898631974652 303.55366874294765 18.275143054892133 18.768116449841575 18.972104296434228
 16497488 1 136.858 138.615 140.115 235.48496592085073 238.03322872704976 241.08912887810723 14.71781037005317 14.87707679544061 15.068070554881702
 18147192 1 157.269 158.484 159.368 227.7394709100949 229.0097675475127 230.77900921351315 14.233716931880931 14.313110471719543 14.423688075844572
 19961872 1 178.97 182.61 225.488 177.05484992549492 218.62846503477354 223.07506285969714 11.065928120343433 13.664279064673346 13.942191428731071
 21958048 1 207.852 209.846 223.193 196.76287338760625 209.27773700713857 211.28541462194252 12.29767958672539 13.07985856294616 13.205338413871408
 24153808 1 239.338 242.829 255.107 189.36217351934675 198.93676620173042 201.83847111616208 11.835135844959172 12.433547887608151 12.61490444476013
 26569144 1 279.44 280.891 283.746 187.27413954734166 189.17760982017933 190.15991983967936 11.704633721708854 11.823600613761208 11.88499498997996
 29226008 1 329.332 342.35 360.448 162.16490589488637 170.7375960274573 177.4865971117292 10.135306618430398 10.671099751716081 11.092912319483075
 
META_DATA
 FLOPS          1
 OPENMP_THREADS 7
 ERT_VERSION  1.1.0
 HOSTNAME  ('cirrus4.computing.clemson.edu', ['cirrus4'], ['127.0.1.1'])
 UNAME  uname_result(system='Linux', node='cirrus4.computing.clemson.edu', release='5.4.0-81-generic', version='#91-Ubuntu SMP Thu Jul 15 19:09:17 UTC 2021', machine='x86_64', processor='x86_64')
 TIMESTAMP_DATA  1632245393.1432626
 CONFIG  {'ERT_RESULTS': ['Results.cs.clemson.edu'], 'ERT_DRIVER': ['driver1'], 'ERT_KERNEL': ['kernel1'], 'ERT_MPI': ['False'], 'ERT_MPI_CFLAGS': [], 'ERT_MPI_LDFLAGS': [], 'ERT_OPENMP': ['True'], 'ERT_OPENMP_CFLAGS': ['-fopenmp'], 'ERT_OPENMP_LDFLAGS': ['-fopenmp'], 'ERT_FLOPS': ['1,2,4'], 'ERT_ALIGN': ['32'], 'ERT_CC': ['g++'], 'ERT_CFLAGS': ['-O3', '-std=c++11', '-fstrict-aliasing', '-march=native'], 'ERT_LD': ['g++'], 'ERT_LDFLAGS': [], 'ERT_LDLIBS': [], 'ERT_PRECISION': ['FP64'], 'ERT_RUN': ['export', 'OMP_NUM_THREADS=ERT_OPENMP_THREADS;', 'export', 'OMP_PLACES=threads;', 'export', 'OMP_PROC_BIND=spread;', './ERT_CODE'], 'ERT_PROCS_THREADS': ['8'], 'ERT_MPI_PROCS': ['2,4,8'], 'ERT_OPENMP_THREADS': ['1-8'], 'ERT_NUM_EXPERIMENTS': ['5'], 'ERT_MEMORY_MAX': ['31000000'], 'ERT_WORKING_SET_MIN': ['1'], 'ERT_TRIALS_MIN': ['1'], 'ERT_GNUPLOT': ['gnuplot'], 'ERT_GPU': [False], 'ERT_HIP': [False], 'ERT_OCL': [False], 'ERT_SYCL': [False], 'ERT_WSS_MULT': [1.1]}
 TIMESTAMP_DATA  1632245393.247557
 TIMESTAMP_DATA  1632245393.3286927
 TIMESTAMP_DATA  1632245393.4216175
 TIMESTAMP_DATA  1632245393.521999
 