fp64
          56            1           0.854          112            7
          56            2           0.518          224           14
          56            4           0.780          448           28
          56            8           0.784          896           56
          56           16           0.789         1792          112
          56           32           0.856         3584          224
          56           64           0.857         7168          448
          56          128           0.871        14336          896
          56          256           1.013        28672         1792
          56          512           1.589        57344         3584
          56         1024           2.815       114688         7168
          56         2048           5.153       229376        14336
          56         4096           9.642       458752        28672
          56         8192          18.693       917504        57344
          56        16384          36.813      1835008       114688
          56        32768          87.433      3670016       229376
          56        65536         145.594      7340032       458752
          56       131072         290.636     14680064       917504
          56       262144         580.601     29360128      1835008
          56       524288        1160.825     58720256      3670016
         112            1           0.523          224           14
         112            2           0.631          448           28
         112            4           0.713          896           56
         112            8           0.593         1792          112
         112           16           0.440         3584          224
         112           32           0.765         7168          448
         112           64           0.591        14336          896
         112          128           1.059        28672         1792
         112          256           1.189        57344         3584
         112          512           1.641       114688         7168
         112         1024           2.863       229376        14336
         112         2048           5.068       458752        28672
         112         4096           9.891       917504        57344
         112         8192          19.203      1835008       114688
         112        16384          37.762      3670016       229376
         112        32768          75.293      7340032       458752
         112        65536         150.282     14680064       917504
         112       131072         300.296     29360128      1835008
         112       262144         674.620     58720256      3670016
         168            1           0.594          336           21
         168            2           0.473          672           42
         168            4           0.612         1344           84
         168            8           0.480         2688          168
         168           16           0.605         5376          336
         168           32           0.681        10752          672
         168           64           0.637        21504         1344
         168          128           0.909        43008         2688
         168          256           1.304        86016         5376
         168          512           2.147       172032        10752
         168         1024           3.621       344064        21504
         168         2048           6.436       688128        43008
         168         4096          12.469      1376256        86016
         168         8192          24.338      2752512       172032
         168        16384          48.081      5505024       344064
         168        32768          95.548     11010048       688128
         168        65536         190.515     22020096      1376256
         168       131072         380.442     44040192      2752512
         224            1           0.524          448           28
         224            2           0.516          896           56
         224            4           0.726         1792          112
         224            8           0.663         3584          224
         224           16           0.679         7168          448
         224           32           0.798        14336          896
         224           64           0.862        28672         1792
         224          128           1.020        57344         3584
         224          256           1.514       114688         7168
         224          512           2.203       229376        14336
         224         1024           3.398       458752        28672
         224         2048           6.845       917504        57344
         224         4096          12.939      1835008       114688
         224         8192          25.500      3670016       229376
         224        16384          50.509      7340032       458752
         224        32768         100.772     14680064       917504
         224        65536         201.015     29360128      1835008
         224       131072         401.369     58720256      3670016
         280            1           0.693          560           35
         280            2           0.598         1120           70
         280            4           0.700         2240          140
         280            8           0.912         4480          280
         280           16           0.689         8960          560
         280           32           0.656        17920         1120
         280           64           0.880        35840         2240
         280          128           0.995        71680         4480
         280          256           1.470       143360         8960
         280          512           1.954       286720        17920
         280         1024           3.742       573440        35840
         280         2048           6.641      1146880        71680
         280         4096          13.149      2293760       143360
         280         8192          25.715      4587520       286720
         280        16384          50.714      9175040       573440
         280        32768         100.887     18350080      1146880
         280        65536         201.191     36700160      2293760
         336            1           0.821          672           42
         336            2           0.639         1344           84
         336            4           0.703         2688          168
         336            8           0.777         5376          336
         336           16           0.636        10752          672
         336           32           0.954        21504         1344
         336           64           0.931        43008         2688
         336          128           1.024        86016         5376
         336          256           1.562       172032        10752
         336          512           2.164       344064        21504
         336         1024           3.605       688128        43008
         336         2048           7.263      1376256        86016
         336         4096          13.876      2752512       172032
         336         8192          25.786      5505024       344064
         336        16384          51.096     11010048       688128
         336        32768         116.531     22020096      1376256
         336        65536         217.801     44040192      2752512
         392            1           0.439          784           49
         392            2           0.411         1568           98
         392            4           0.771         3136          196
         392            8           0.649         6272          392
         392           16           0.759        12544          784
         392           32           0.813        25088         1568
         392           64           0.686        50176         3136
         392          128           1.050       100352         6272
         392          256           1.503       200704        12544
         392          512           2.279       401408        25088
         392         1024           3.650       802816        50176
         392         2048           6.975      1605632       100352
         392         4096          13.246      3211264       200704
         392         8192          25.884      6422528       401408
         392        16384          51.045     12845056       802816
         392        32768         104.030     25690112      1605632
         392        65536         202.419     51380224      3211264
         448            1           0.625          896           56
         448            2           0.408         1792          112
         448            4           0.513         3584          224
         448            8           0.704         7168          448
         448           16           0.701        14336          896
         448           32           0.653        28672         1792
         448           64           0.856        57344         3584
         448          128           0.965       114688         7168
         448          256           1.405       229376        14336
         448          512           2.427       458752        28672
         448         1024           3.966       917504        57344
         448         2048           7.031      1835008       114688
         448         4096          13.709      3670016       229376
         448         8192          27.025      7340032       458752
         448        16384          53.259     14680064       917504
         448        32768         106.283     29360128      1835008
         448        65536         211.984     58720256      3670016
         504            1           0.686         1008           63
         504            2           0.662         2016          126
         504            4           0.749         4032          252
         504            8           0.683         8064          504
         504           16           0.812        16128         1008
         504           32           0.629        32256         2016
         504           64           0.920        64512         4032
         504          128           1.058       129024         8064
         504          256           1.271       258048        16128
         504          512           2.257       516096        32256
         504         1024           3.671      1032192        64512
         504         2048           7.314      2064384       129024
         504         4096          13.799      4128768       258048
         504         8192          27.026      8257536       516096
         504        16384          53.469     16515072      1032192
         504        32768         106.565     33030144      2064384
         560            1           0.874         1120           70
         560            2           0.507         2240          140
         560            4           0.847         4480          280
         560            8           0.822         8960          560
         560           16           0.823        17920         1120
         560           32           0.691        35840         2240
         560           64           0.949        71680         4480
         560          128           0.895       143360         8960
         560          256           1.502       286720        17920
         560          512           2.139       573440        35840
         560         1024           3.817      1146880        71680
         560         2048           7.288      2293760       143360
         560         4096          13.705      4587520       286720
         560         8192          27.037      9175040       573440
         560        16384          53.387     18350080      1146880
         560        32768         106.442     36700160      2293760
         616            1           0.864         1232           77
         616            2           0.816         2464          154
         616            4           0.508         4928          308
         616            8           0.589         9856          616
         616           16           0.737        19712         1232
         616           32           0.904        39424         2464
         616           64           0.647        78848         4928
         616          128           1.042       157696         9856
         616          256           1.454       315392        19712
         616          512           2.716       630784        39424
         616         1024           4.230      1261568        78848
         616         2048           7.176      2523136       157696
         616         4096          13.761      5046272       315392
         616         8192          27.008     10092544       630784
         616        16384          53.540     20185088      1261568
         616        32768         107.075     40370176      2523136
         672            1           0.895         1344           84
         672            2           0.487         2688          168
         672            4           0.814         5376          336
         672            8           0.927        10752          672
         672           16           0.614        21504         1344
         672           32           0.839        43008         2688
         672           64           0.861        86016         5376
         672          128           1.117       172032        10752
         672          256           1.481       344064        21504
         672          512           2.325       688128        43008
         672         1024           3.817      1376256        86016
         672         2048           7.150      2752512       172032
         672         4096          13.612      5505024       344064
         672         8192          27.063     11010048       688128
         672        16384          69.481     22020096      1376256
         672        32768         106.336     44040192      2752512
         728            1           1.035         1456           91
         728            2           0.614         2912          182
         728            4           0.919         5824          364
         728            8           0.934        11648          728
         728           16           0.725        23296         1456
         728           32           0.852        46592         2912
         728           64           0.864        93184         5824
         728          128           1.014       186368        11648
         728          256           1.552       372736        23296
         728          512           2.158       745472        46592
         728         1024           3.773      1490944        93184
         728         2048           7.261      2981888       186368
         728         4096          14.693      5963776       372736
         728         8192          27.304     11927552       745472
         728        16384          54.117     23855104      1490944
         728        32768         107.708     47710208      2981888
         784            1           1.042         1568           98
         784            2           0.774         3136          196
         784            4           0.710         6272          392
         784            8           0.777        12544          784
         784           16           0.738        25088         1568
         784           32           0.741        50176         3136
         784           64           0.780       100352         6272
         784          128           1.190       200704        12544
         784          256           1.293       401408        25088
         784          512           2.349       802816        50176
         784         1024           3.931      1605632       100352
         784         2048           7.169      3211264       200704
         784         4096          13.831      6422528       401408
         784         8192          27.071     12845056       802816
         784        16384          53.754     25690112      1605632
         784        32768         110.420     51380224      3211264
         840            1           0.474         1680          105
         840            2           0.371         3360          210
         840            4           0.733         6720          420
         840            8           0.837        13440          840
         840           16           0.572        26880         1680
         840           32           0.715        53760         3360
         840           64           0.846       107520         6720
         840          128           0.991       215040        13440
         840          256           1.204       430080        26880
         840          512           1.724       860160        53760
         840         1024           2.829      1720320       107520
         840         2048           5.076      3440640       215040
         840         4096           9.503      6881280       430080
         840         8192          18.156     13762560       860160
         840        16384          36.090     27525120      1720320
         840        32768          71.437     55050240      3440640
         896            1           0.556         1792          112
         896            2           0.451         3584          224
         896            4           0.711         7168          448
         896            8           0.724        14336          896
         896           16           0.551        28672         1792
         896           32           0.709        57344         3584
         896           64           0.811       114688         7168
         896          128           0.915       229376        14336
         896          256           1.108       458752        28672
         896          512           1.598       917504        57344
         896         1024           2.768      1835008       114688
         896         2048           5.172      3670016       229376
         896         4096           9.869      7340032       458752
         896         8192          20.765     14680064       917504
         896        16384          36.854     29360128      1835008
         896        32768          71.013     58720256      3670016
         952            1           0.282         1904          119
         952            2           0.695         3808          238
         952            4           0.707         7616          476
         952            8           0.610        15232          952
         952           16           0.575        30464         1904
         952           32           0.626        60928         3808
         952           64           0.836       121856         7616
         952          128           0.996       243712        15232
         952          256           1.205       487424        30464
         952          512           1.703       974848        60928
         952         1024           2.896      1949696       121856
         952         2048           4.898      3899392       243712
         952         4096           9.324      7798784       487424
         952         8192          18.450     15597568       974848
         952        16384          35.914     31195136      1949696
        1008            1           0.304         2016          126
        1008            2           0.650         4032          252
        1008            4           0.651         8064          504
        1008            8           0.647        16128         1008
        1008           16           0.759        32256         2016
        1008           32           0.680        64512         4032
        1008           64           0.752       129024         8064
        1008          128           0.743       258048        16128
        1008          256           1.149       516096        32256
        1008          512           1.791      1032192        64512
        1008         1024           2.758      2064384       129024
        1008         2048           4.971      4128768       258048
        1008         4096           9.542      8257536       516096
        1008         8192          18.349     16515072      1032192
        1008        16384          36.019     33030144      2064384
        1064            1           0.285         2128          133
        1064            2           0.740         4256          266
        1064            4           0.727         8512          532
        1064            8           0.685        17024         1064
        1064           16           0.609        34048         2128
        1064           32           0.717        68096         4256
        1064           64           0.826       136192         8512
        1064          128           0.833       272384        17024
        1064          256           1.041       544768        34048
        1064          512           1.538      1089536        68096
        1064         1024           3.058      2179072       136192
        1064         2048           5.293      4358144       272384
        1064         4096          10.011      8716288       544768
        1064         8192          19.157     17432576      1089536
        1064        16384          37.757     34865152      2179072
        1120            1           0.760         2240          140
        1120            2           0.623         4480          280
        1120            4           0.837         8960          560
        1120            8           0.723        17920         1120
        1120           16           0.559        35840         2240
        1120           32           0.701        71680         4480
        1120           64           0.823       143360         8960
        1120          128           0.930       286720        17920
        1120          256           1.063       573440        35840
        1120          512           1.567      1146880        71680
        1120         1024           2.680      2293760       143360
        1120         2048           5.022      4587520       286720
        1120         4096           9.528      9175040       573440
        1120         8192          18.373     18350080      1146880
        1120        16384          36.069     36700160      2293760
        1232            1           0.758         2464          154
        1232            2           0.749         4928          308
        1232            4           0.606         9856          616
        1232            8           0.530        19712         1232
        1232           16           0.735        39424         2464
        1232           32           0.714        78848         4928
        1232           64           0.841       157696         9856
        1232          128           0.900       315392        19712
        1232          256           1.379       630784        39424
        1232          512           1.903      1261568        78848
        1232         1024           2.838      2523136       157696
        1232         2048           5.321      5046272       315392
        1232         4096           9.944     10092544       630784
        1232         8192          19.357     20185088      1261568
        1232        16384          37.868     40370176      2523136
        1344            1           0.277         2688          168
        1344            2           0.848         5376          336
        1344            4           0.719        10752          672
        1344            8           0.671        21504         1344
        1344           16           0.552        43008         2688
        1344           32           0.888        86016         5376
        1344           64           0.802       172032        10752
        1344          128           0.805       344064        21504
        1344          256           1.102       688128        43008
        1344          512           1.782      1376256        86016
        1344         1024           3.161      2752512       172032
        1344         2048           5.886      5505024       344064
        1344         4096          11.620     11010048       688128
        1344         8192          23.046     22020096      1376256
        1344        16384          45.526     44040192      2752512
        1456            1           0.281         2912          182
        1456            2           0.811         5824          364
        1456            4           0.755        11648          728
        1456            8           0.766        23296         1456
        1456           16           0.556        46592         2912
        1456           32           0.822        93184         5824
        1456           64           0.916       186368        11648
        1456          128           0.973       372736        23296
        1456          256           1.144       745472        46592
        1456          512           1.921      1490944        93184
        1456         1024           3.665      2981888       186368
        1456         2048           7.249      5963776       372736
        1456         4096          14.308     11927552       745472
        1456         8192          28.280     23855104      1490944
        1456        16384          56.275     47710208      2981888
        1568            1           0.281         3136          196
        1568            2           0.615         6272          392
        1568            4           0.762        12544          784
        1568            8           0.552        25088         1568
        1568           16           0.814        50176         3136
        1568           32           0.673       100352         6272
        1568           64           0.786       200704        12544
        1568          128           0.964       401408        25088
        1568          256           1.187       802816        50176
        1568          512           1.928      1605632       100352
        1568         1024           3.585      3211264       200704
        1568         2048           6.999      6422528       401408
        1568         4096          13.886     12845056       802816
        1568         8192          27.479     25690112      1605632
        1568        16384          54.671     51380224      3211264
        1680            1           0.306         3360          210
        1680            2           0.671         6720          420
        1680            4           0.680        13440          840
        1680            8           0.627        26880         1680
        1680           16           0.774        53760         3360
        1680           32           0.735       107520         6720
        1680           64           0.709       215040        13440
        1680          128           0.832       430080        26880
        1680          256           1.079       860160        53760
        1680          512           1.868      1720320       107520
        1680         1024           3.570      3440640       215040
        1680         2048           6.964      6881280       430080
        1680         4096          13.685     13762560       860160
        1680         8192          27.284     27525120      1720320
        1680        16384          53.938     55050240      3440640
        1848            1           0.279         3696          231
        1848            2           0.597         7392          462
        1848            4           0.881        14784          924
        1848            8           0.841        29568         1848
        1848           16           0.579        59136         3696
        1848           32           0.571       118272         7392
        1848           64           0.736       236544        14784
        1848          128           1.166       473088        29568
        1848          256           2.087       946176        59136
        1848          512           3.785      1892352       118272
        1848         1024           7.195      3784704       236544
        1848         2048          14.175      7569408       473088
        1848         4096          28.141     15138816       946176
        1848         8192          56.178     30277632      1892352
        1848        16384         112.183     60555264      3784704
        2016            1           0.293         4032          252
        2016            2           0.806         8064          504
        2016            4           0.667        16128         1008
        2016            8           0.773        32256         2016
        2016           16           0.536        64512         4032
        2016           32           0.654       129024         8064
        2016           64           0.693       258048        16128
        2016          128           1.314       516096        32256
        2016          256           2.229      1032192        64512
        2016          512           3.941      2064384       129024
        2016         1024           7.423      4128768       258048
        2016         2048          14.472      8257536       516096
        2016         4096          28.613     16515072      1032192
        2016         8192          56.774     33030144      2064384
        2184            1           0.292         4368          273
        2184            2           0.674         8736          546
        2184            4           0.757        17472         1092
        2184            8           0.615        34944         2184
        2184           16           0.564        69888         4368
        2184           32           0.572       139776         8736
        2184           64           0.819       279552        17472
        2184          128           1.322       559104        34944
        2184          256           2.008      1118208        69888
        2184          512           3.878      2236416       139776
        2184         1024           7.519      4472832       279552
        2184         2048          14.388      8945664       559104
        2184         4096          28.379     17891328      1118208
        2184         8192          63.512     35782656      2236416
        2352            1           0.611         4704          294
        2352            2           0.468         9408          588
        2352            4           0.655        18816         1176
        2352            8           0.792        37632         2352
        2352           16           0.672        75264         4704
        2352           32           0.664       150528         9408
        2352           64           0.733       301056        18816
        2352          128           1.168       602112        37632
        2352          256           2.067      1204224        75264
        2352          512           3.819      2408448       150528
        2352         1024           7.504      4816896       301056
        2352         2048          14.489      9633792       602112
        2352         4096          28.547     19267584      1204224
        2352         8192          56.809     38535168      2408448
        2576            1           0.736         5152          322
        2576            2           0.439        10304          644
        2576            4           0.537        20608         1288
        2576            8           0.809        41216         2576
        2576           16           0.680        82432         5152
        2576           32           0.814       164864        10304
        2576           64           0.764       329728        20608
        2576          128           1.127       659456        41216
        2576          256           2.032      1318912        82432
        2576          512           3.768      2637824       164864
        2576         1024           7.304      5275648       329728
        2576         2048          14.380     10551296       659456
        2576         4096          28.198     21102592      1318912
        2576         8192          55.893     42205184      2637824
        2800            1           0.638         5600          350
        2800            2           0.641        11200          700
        2800            4           0.471        22400         1400
        2800            8           0.698        44800         2800
        2800           16           0.669        89600         5600
        2800           32           0.743       179200        11200
        2800           64           0.856       358400        22400
        2800          128           1.132       716800        44800
        2800          256           2.129      1433600        89600
        2800          512           3.789      2867200       179200
        2800         1024           7.403      5734400       358400
        2800         2048          14.342     11468800       716800
        2800         4096          28.347     22937600      1433600
        2800         8192          56.057     45875200      2867200
        3080            1           0.277         6160          385
        3080            2           0.594        12320          770
        3080            4           0.744        24640         1540
        3080            8           0.631        49280         3080
        3080           16           0.722        98560         6160
        3080           32           0.725       197120        12320
        3080           64           0.966       394240        24640
        3080          128           1.223       788480        49280
        3080          256           2.131      1576960        98560
        3080          512           3.852      3153920       197120
        3080         1024           7.340      6307840       394240
        3080         2048          14.301     12615680       788480
        3080         4096          28.220     25231360      1576960
        3080         8192          56.187     50462720      3153920
        3360            1           1.069         6720          420
        3360            2           0.648        13440          840
        3360            4           0.924        26880         1680
        3360            8           0.577        53760         3360
        3360           16           0.567       107520         6720
        3360           32           0.703       215040        13440
        3360           64           0.840       430080        26880
        3360          128           1.358       860160        53760
        3360          256           2.051      1720320       107520
        3360          512           3.762      3440640       215040
        3360         1024           7.245      6881280       430080
        3360         2048          14.269     13762560       860160
        3360         4096          28.340     27525120      1720320
        3360         8192          55.927     55050240      3440640
        3696            1           0.583         7392          462
        3696            2           0.519        14784          924
        3696            4           0.628        29568         1848
        3696            8           0.622        59136         3696
        3696           16           0.633       118272         7392
        3696           32           0.759       236544        14784
        3696           64           0.928       473088        29568
        3696          128           1.182       946176        59136
        3696          256           1.998      1892352       118272
        3696          512           3.894      3784704       236544
        3696         1024           7.544      7569408       473088
        3696         2048          14.788     15138816       946176
        3696         4096          29.230     30277632      1892352
        3696         8192          58.237     60555264      3784704
        4032            1           0.283         8064          504
        4032            2           0.613        16128         1008
        4032            4           0.549        32256         2016
        4032            8           0.843        64512         4032
        4032           16           0.694       129024         8064
        4032           32           0.626       258048        16128
        4032           64           0.784       516096        32256
        4032          128           1.145      1032192        64512
        4032          256           2.202      2064384       129024
        4032          512           3.881      4128768       258048
        4032         1024           7.916      8257536       516096
        4032         2048          14.524     16515072      1032192
        4032         4096          28.936     33030144      2064384
        4424            1           0.456         8848          553
        4424            2           0.473        17696         1106
        4424            4           0.700        35392         2212
        4424            8           0.759        70784         4424
        4424           16           0.613       141568         8848
        4424           32           0.795       283136        17696
        4424           64           0.858       566272        35392
        4424          128           1.478      1132544        70784
        4424          256           2.321      2265088       141568
        4424          512           4.442      4530176       283136
        4424         1024           8.618      9060352       566272
        4424         2048          16.444     18120704      1132544
        4424         4096          32.517     36241408      2265088
        4816            1           0.708         9632          602
        4816            2           0.470        19264         1204
        4816            4           0.855        38528         2408
        4816            8           0.748        77056         4816
        4816           16           0.768       154112         9632
        4816           32           0.791       308224        19264
        4816           64           0.851       616448        38528
        4816          128           1.435      1232896        77056
        4816          256           2.527      2465792       154112
        4816          512           4.781      4931584       308224
        4816         1024           9.104      9863168       616448
        4816         2048          17.587     19726336      1232896
        4816         4096          34.925     39452672      2465792
        5264            1           0.375        10528          658
        5264            2           0.835        21056         1316
        5264            4           0.533        42112         2632
        5264            8           0.854        84224         5264
        5264           16           0.717       168448        10528
        5264           32           0.908       336896        21056
        5264           64           1.010       673792        42112
        5264          128           1.468      1347584        84224
        5264          256           2.579      2695168       168448
        5264          512           4.857      5390336       336896
        5264         1024           9.364     10780672       673792
        5264         2048          18.515     21561344      1347584
        5264         4096          36.175     43122688      2695168
        5768            1           0.610        11536          721
        5768            2           0.499        23072         1442
        5768            4           0.653        46144         2884
        5768            8           0.957        92288         5768
        5768           16           0.592       184576        11536
        5768           32           0.869       369152        23072
        5768           64           0.984       738304        46144
        5768          128           1.724      1476608        92288
        5768          256           2.707      2953216       184576
        5768          512           5.278      5906432       369152
        5768         1024          10.430     11812864       738304
        5768         2048          20.441     23625728      1476608
        5768         4096          40.523     47251456      2953216
        6328            1           0.599        12656          791
        6328            2           0.652        25312         1582
        6328            4           0.618        50624         3164
        6328            8           0.672       101248         6328
        6328           16           0.632       202496        12656
        6328           32           1.184       404992        25312
        6328           64           1.095       809984        50624
        6328          128           1.675      1619968       101248
        6328          256           2.912      3239936       202496
        6328          512           5.502      6479872       404992
        6328         1024          10.670     12959744       809984
        6328         2048          21.164     25919488      1619968
        6328         4096          41.875     51838976      3239936
        6944            1           0.890        13888          868
        6944            2           0.764        27776         1736
        6944            4           0.674        55552         3472
        6944            8           0.645       111104         6944
        6944           16           0.616       222208        13888
        6944           32           0.766       444416        27776
        6944           64           1.032       888832        55552
        6944          128           1.617      1777664       111104
        6944          256           2.939      3555328       222208
        6944          512           5.581      7110656       444416
        6944         1024          10.718     14221312       888832
        6944         2048          21.336     28442624      1777664
        6944         4096          42.062     56885248      3555328
        7616            1           0.572        15232          952
        7616            2           0.440        30464         1904
        7616            4           0.692        60928         3808
        7616            8           0.545       121856         7616
        7616           16           0.754       243712        15232
        7616           32           1.050       487424        30464
        7616           64           1.514       974848        60928
        7616          128           2.148      1949696       121856
        7616          256           3.705      3899392       243712
        7616          512           6.791      7798784       487424
        7616         1024          13.221     15597568       974848
        7616         2048          25.901     31195136      1949696
        8344            1           0.334        16688         1043
        8344            2           0.792        33376         2086
        8344            4           0.624        66752         4172
        8344            8           0.658       133504         8344
        8344           16           0.779       267008        16688
        8344           32           0.944       534016        33376
        8344           64           1.234      1068032        66752
        8344          128           1.831      2136064       133504
        8344          256           3.483      4272128       267008
        8344          512           6.376      8544256       534016
        8344         1024          12.365     17088512      1068032
        8344         2048          24.525     34177024      2136064
        9128            1           0.558        18256         1141
        9128            2           0.889        36512         2282
        9128            4           0.867        73024         4564
        9128            8           0.759       146048         9128
        9128           16           0.581       292096        18256
        9128           32           1.095       584192        36512
        9128           64           1.405      1168384        73024
        9128          128           2.320      2336768       146048
        9128          256           3.919      4673536       292096
        9128          512           7.602      9347072       584192
        9128         1024          14.964     18694144      1168384
        9128         2048          29.701     37388288      2336768
       10024            1           0.353        20048         1253
       10024            2           0.741        40096         2506
       10024            4           0.682        80192         5012
       10024            8           0.723       160384        10024
       10024           16           0.730       320768        20048
       10024           32           1.143       641536        40096
       10024           64           1.526      1283072        80192
       10024          128           2.408      2566144       160384
       10024          256           4.439      5132288       320768
       10024          512           8.238     10264576       641536
       10024         1024          15.942     20529152      1283072
       10024         2048          30.350     41058304      2566144
       10976            1           0.769        21952         1372
       10976            2           0.447        43904         2744
       10976            4           0.588        87808         5488
       10976            8           0.672       175616        10976
       10976           16           0.764       351232        21952
       10976           32           0.907       702464        43904
       10976           64           1.618      1404928        87808
       10976          128           3.017      2809856       175616
       10976          256           5.776      5619712       351232
       10976          512          10.172     11239424       702464
       10976         1024          15.366     22478848      1404928
       10976         2048          30.211     44957696      2809856
       12040            1           0.483        24080         1505
       12040            2           0.766        48160         3010
       12040            4           0.550        96320         6020
       12040            8           0.700       192640        12040
       12040           16           0.768       385280        24080
       12040           32           1.057       770560        48160
       12040           64           1.594      1541120        96320
       12040          128           2.442      3082240       192640
       12040          256           4.550      6164480       385280
       12040          512           8.851     12328960       770560
       12040         1024          17.363     24657920      1541120
       12040         2048          34.252     49315840      3082240
       13216            1           0.958        26432         1652
       13216            2           0.584        52864         3304
       13216            4           0.627       105728         6608
       13216            8           0.645       211456        13216
       13216           16           0.809       422912        26432
       13216           32           0.962       845824        52864
       13216           64           1.574      1691648       105728
       13216          128           2.676      3383296       211456
       13216          256           4.812      6766592       422912
       13216          512           9.299     13533184       845824
       13216         1024          17.796     27066368      1691648
       13216         2048          34.914     54132736      3383296
       14504            1           0.422        29008         1813
       14504            2           0.529        58016         3626
       14504            4           0.911       116032         7252
       14504            8           0.822       232064        14504
       14504           16           0.797       464128        29008
       14504           32           1.017       928256        58016
       14504           64           1.796      1856512       116032
       14504          128           2.851      3713024       232064
       14504          256           5.229      7426048       464128
       14504          512           9.960     14852096       928256
       14504         1024          19.849     29704192      1856512
       14504         2048          38.797     59408384      3713024
       15904            1           0.874        31808         1988
       15904            2           0.488        63616         3976
       15904            4           0.929       127232         7952
       15904            8           0.749       254464        15904
       15904           16           0.951       508928        31808
       15904           32           1.188      1017856        63616
       15904           64           1.941      2035712       127232
       15904          128           3.146      4071424       254464
       15904          256           5.599      8142848       508928
       15904          512          10.701     16285696      1017856
       15904         1024          21.249     32571392      2035712
       17472            1           0.806        34944         2184
       17472            2           0.552        69888         4368
       17472            4           0.723       139776         8736
       17472            8           0.732       279552        17472
       17472           16           0.981       559104        34944
       17472           32           1.279      1118208        69888
       17472           64           2.143      2236416       139776
       17472          128           3.458      4472832       279552
       17472          256           6.571      8945664       559104
       17472          512          12.685     17891328      1118208
       17472         1024          24.891     35782656      2236416
       19208            1           0.810        38416         2401
       19208            2           0.505        76832         4802
       19208            4           0.754       153664         9604
       19208            8           0.884       307328        19208
       19208           16           0.856       614656        38416
       19208           32           1.421      1229312        76832
       19208           64           2.100      2458624       153664
       19208          128           3.923      4917248       307328
       19208          256           7.256      9834496       614656
       19208          512          13.570     19668992      1229312
       19208         1024          27.169     39337984      2458624
       21112            1           0.616        42224         2639
       21112            2           0.632        84448         5278
       21112            4           0.832       168896        10556
       21112            8           0.782       337792        21112
       21112           16           1.037       675584        42224
       21112           32           1.450      1351168        84448
       21112           64           2.215      2702336       168896
       21112          128           3.913      5404672       337792
       21112          256           7.213     10809344       675584
       21112          512          13.819     21618688      1351168
       21112         1024          27.420     43237376      2702336
       23184            1           1.545        46368         2898
       23184            2           0.648        92736         5796
       23184            4           0.815       185472        11592
       23184            8           0.985       370944        23184
       23184           16           1.010       741888        46368
       23184           32           1.480      1483776        92736
       23184           64           2.390      2967552       185472
       23184          128           4.304      5935104       370944
       23184          256           8.169     11870208       741888
       23184          512          15.873     23740416      1483776
       23184         1024          31.320     47480832      2967552
       25480            1           0.702        50960         3185
       25480            2           0.888       101920         6370
       25480            4           0.782       203840        12740
       25480            8           0.738       407680        25480
       25480           16           1.183       815360        50960
       25480           32           1.697      1630720       101920
       25480           64           2.583      3261440       203840
       25480          128           4.693      6522880       407680
       25480          256           9.070     13045760       815360
       25480          512          17.614     26091520      1630720
       25480         1024          35.055     52183040      3261440
       28000            1           1.039        56000         3500
       28000            2           0.608       112000         7000
       28000            4           0.712       224000        14000
       28000            8           0.964       448000        28000
       28000           16           1.211       896000        56000
       28000           32           1.670      1792000       112000
       28000           64           2.851      3584000       224000
       28000          128           4.863      7168000       448000
       28000          256           9.407     14336000       896000
       28000          512          18.423     28672000      1792000
       28000         1024          36.311     57344000      3584000
       30800            1           1.040        61600         3850
       30800            2           0.850       123200         7700
       30800            4           0.824       246400        15400
       30800            8           1.012       492800        30800
       30800           16           1.223       985600        61600
       30800           32           1.847      1971200       123200
       30800           64           3.113      3942400       246400
       30800          128           5.568      7884800       492800
       30800          256          10.797     15769600       985600
       30800          512          20.826     31539200      1971200
       33880            1           0.766        67760         4235
       33880            2           0.735       135520         8470
       33880            4           0.964       271040        16940
       33880            8           1.020       542080        33880
       33880           16           1.212      1084160        67760
       33880           32           1.920      2168320       135520
       33880           64           3.327      4336640       271040
       33880          128           6.019      8673280       542080
       33880          256          11.462     17346560      1084160
       33880          512          22.396     34693120      2168320
       37240            1           0.551        74480         4655
       37240            2           0.788       148960         9310
       37240            4           0.888       297920        18620
       37240            8           1.136       595840        37240
       37240           16           1.388      1191680        74480
       37240           32           2.064      2383360       148960
       37240           64           3.569      4766720       297920
       37240          128           6.642      9533440       595840
       37240          256          12.498     19066880      1191680
       37240          512          24.978     38133760      2383360
       40936            1           1.016        81872         5117
       40936            2           0.651       163744        10234
       40936            4           0.909       327488        20468
       40936            8           0.952       654976        40936
       40936           16           1.437      1309952        81872
       40936           32           2.253      2619904       163744
       40936           64           3.932      5239808       327488
       40936          128           7.138     10479616       654976
       40936          256          13.805     20959232      1309952
       40936          512          27.340     41918464      2619904
       45024            1           1.381        90048         5628
       45024            2           0.469       180096        11256
       45024            4           0.864       360192        22512
       45024            8           1.182       720384        45024
       45024           16           1.450      1440768        90048
       45024           32           2.395      2881536       180096
       45024           64           4.111      5763072       360192
       45024          128           7.800     11526144       720384
       45024          256          14.937     23052288      1440768
       45024          512          29.278     46104576      2881536
       49504            1           1.138        99008         6188
       49504            2           0.502       198016        12376
       49504            4           0.872       396032        24752
       49504            8           1.127       792064        49504
       49504           16           1.734      1584128        99008
       49504           32           2.576      3168256       198016
       49504           64           4.468      6336512       396032
       49504          128           8.373     12673024       792064
       49504          256          16.271     25346048      1584128
       49504          512          32.123     50692096      3168256
       54432            1           1.040       108864         6804
       54432            2           0.739       217728        13608
       54432            4           1.068       435456        27216
       54432            8           1.123       870912        54432
       54432           16           1.710      1741824       108864
       54432           32           2.739      3483648       217728
       54432           64           4.947      6967296       435456
       54432          128           9.151     13934592       870912
       54432          256          17.920     27869184      1741824
       54432          512          35.042     55738368      3483648
       59864            1           1.386       119728         7483
       59864            2           0.596       239456        14966
       59864            4           1.045       478912        29932
       59864            8           1.105       957824        59864
       59864           16           1.827      1915648       119728
       59864           32           3.050      3831296       239456
       59864           64           5.431      7662592       478912
       59864          128          10.016     15325184       957824
       59864          256          19.595     30650368      1915648
       59864          512          38.598     61300736      3831296
       65800            1           0.782       131600         8225
       65800            2          60.730       263200        16450
       65800            4           1.199       526400        32900
       65800            8           1.407      1052800        65800
       65800           16           2.053      2105600       131600
       65800           32           3.344      4211200       263200
       65800           64           5.899      8422400       526400
       65800          128          11.030     16844800      1052800
       65800          256          21.400     33689600      2105600
       72352            1           0.815       144704         9044
       72352            2           0.931       289408        18088
       72352            4           1.106       578816        36176
       72352            8           1.388      1157632        72352
       72352           16           2.007      2315264       144704
       72352           32           3.493      4630528       289408
       72352           64           6.301      9261056       578816
       72352          128          11.924     18522112      1157632
       72352          256          23.455     37044224      2315264
       79576            1           0.810       159152         9947
       79576            2           0.919       318304        19894
       79576            4           1.034       636608        39788
       79576            8           1.498      1273216        79576
       79576           16           2.179      2546432       159152
       79576           32           3.777      5092864       318304
       79576           64           7.032     10185728       636608
       79576          128          13.225     20371456      1273216
       79576          256          25.821     40742912      2546432
       87528            1           0.877       175056        10941
       87528            2           0.994       350112        21882
       87528            4           1.106       700224        43764
       87528            8           1.795      1400448        87528
       87528           16           2.381      2800896       175056
       87528           32           4.164      5601792       350112
       87528           64           7.612     11203584       700224
       87528          128          14.501     22407168      1400448
       87528          256          28.278     44814336      2800896
       96264            1           1.395       192528        12033
       96264            2           1.018       385056        24066
       96264            4           1.201       770112        48132
       96264            8           1.659      1540224        96264
       96264           16           2.621      3080448       192528
       96264           32           4.438      6160896       385056
       96264           64           8.311     12321792       770112
       96264          128          15.807     24643584      1540224
       96264          256          31.594     49287168      3080448
      105840            1           1.683       211680        13230
      105840            2           0.844       423360        26460
      105840            4           1.277       846720        52920
      105840            8           1.728      1693440       105840
      105840           16           2.854      3386880       211680
      105840           32           4.894      6773760       423360
      105840           64           9.120     13547520       846720
      105840          128          17.292     27095040      1693440
      105840          256          34.839     54190080      3386880
      116424            1           2.159       232848        14553
      116424            2           1.042       465696        29106
      116424            4           1.369       931392        58212
      116424            8           1.824      1862784       116424
      116424           16           3.001      3725568       232848
      116424           32           5.268      7451136       465696
      116424           64           9.943     14902272       931392
      116424          128          19.366     29804544      1862784
      116424          256          37.514     59609088      3725568
      128016            1           2.197       256032        16002
      128016            2           0.856       512064        32004
      128016            4           1.410      1024128        64008
      128016            8           2.026      2048256       128016
      128016           16           3.188      4096512       256032
      128016           32           5.885      8193024       512064
      128016           64          10.776     16386048      1024128
      128016          128          21.333     32772096      2048256
      140784            1           1.963       281568        17598
      140784            2           0.826       563136        35196
      140784            4           1.520      1126272        70392
      140784            8           2.449      2252544       140784
      140784           16           3.549      4505088       281568
      140784           32           6.339      9010176       563136
      140784           64          11.965     18020352      1126272
      140784          128          23.248     36040704      2252544
      154840            1           2.627       309680        19355
      154840            2           1.250       619360        38710
      154840            4           1.560      1238720        77420
      154840            8           2.403      2477440       154840
      154840           16           3.794      4954880       309680
      154840           32           6.834      9909760       619360
      154840           64          12.796     19819520      1238720
      154840          128          25.320     39639040      2477440
      170296            1           2.065       340592        21287
      170296            2           1.272       681184        42574
      170296            4           1.692      1362368        85148
      170296            8           2.564      2724736       170296
      170296           16           4.059      5449472       340592
      170296           32           7.625     10898944       681184
      170296           64          14.308     21797888      1362368
      170296          128          27.841     43595776      2724736
      187320            1           2.825       374640        23415
      187320            2           1.376       749280        46830
      187320            4           1.882      1498560        93660
      187320            8           2.671      2997120       187320
      187320           16           4.569      5994240       374640
      187320           32           8.201     11988480       749280
      187320           64          15.686     23976960      1498560
      187320          128          30.833     47953920      2997120
      206024            1           2.464       412048        25753
      206024            2           1.670       824096        51506
      206024            4           2.150      1648192       103012
      206024            8           2.878      3296384       206024
      206024           16           4.999      6592768       412048
      206024           32           8.879     13185536       824096
      206024           64          17.191     26371072      1648192
      206024          128          33.250     52742144      3296384
      226576            1           2.602       453152        28322
      226576            2           1.462       906304        56644
      226576            4           2.059      1812608       113288
      226576            8           3.103      3625216       226576
      226576           16           5.360      7250432       453152
      226576           32           9.827     14500864       906304
      226576           64          18.885     29001728      1812608
      226576          128          36.904     58003456      3625216
      249200            1           2.622       498400        31150
      249200            2           1.844       996800        62300
      249200            4           2.627      1993600       124600
      249200            8           4.098      3987200       249200
      249200           16           6.960      7974400       498400
      249200           32          13.058     15948800       996800
      249200           64          25.324     31897600      1993600
      274120            1           3.323       548240        34265
      274120            2           2.108      1096480        68530
      274120            4           3.056      2192960       137060
      274120            8           4.930      4385920       274120
      274120           16           9.043      8771840       548240
      274120           32          16.913     17543680      1096480
      274120           64          33.044     35087360      2192960
      301504            1           3.618       603008        37688
      301504            2           2.288      1206016        75376
      301504            4           3.380      2412032       150752
      301504            8           5.821      4824064       301504
      301504           16          10.481      9648128       603008
      301504           32          19.871     19296256      1206016
      301504           64          38.958     38592512      2412032
      331632            1           4.677       663264        41454
      331632            2           2.125      1326528        82908
      331632            4           3.682      2653056       165816
      331632            8           6.330      5306112       331632
      331632           16          11.428     10612224       663264
      331632           32          21.837     21224448      1326528
      331632           64          42.843     42448896      2653056
      364784            1           5.101       729568        45598
      364784            2           2.502      1459136        91196
      364784            4           4.069      2918272       182392
      364784            8           6.885      5836544       364784
      364784           16          12.314     11673088       729568
      364784           32          23.834     23346176      1459136
      364784           64          46.921     46692352      2918272
      401240            1          12.839       802480        50155
      401240            2           3.669      1604960       100310
      401240            4           5.768      3209920       200620
      401240            8          11.086      6419840       401240
      401240           16          18.503     12839680       802480
      401240           32          26.422     25679360      1604960
      401240           64          50.826     51358720      3209920
      441336            1           4.959       882672        55167
      441336            2           2.825      1765344       110334
      441336            4           4.880      3530688       220668
      441336            8           8.086      7061376       441336
      441336           16          15.018     14122752       882672
      441336           32          28.842     28245504      1765344
      441336           64          56.416     56491008      3530688
      485464            1           5.428       970928        60683
      485464            2           3.269      1941856       121366
      485464            4           5.059      3883712       242732
      485464            8           8.818      7767424       485464
      485464           16          16.390     15534848       970928
      485464           32          31.621     31069696      1941856
      533960            1           6.042      1067920        66745
      533960            2           3.197      2135840       133490
      533960            4           5.421      4271680       266980
      533960            8           9.661      8543360       533960
      533960           16          17.942     17086720      1067920
      533960           32          34.915     34173440      2135840
      587328            1           7.101      1174656        73416
      587328            2           3.798      2349312       146832
      587328            4           6.014      4698624       293664
      587328            8          10.599      9397248       587328
      587328           16          19.856     18794496      1174656
      587328           32          38.352     37588992      2349312
      646016            1           8.161      1292032        80752
      646016            2           3.973      2584064       161504
      646016            4           6.613      5168128       323008
      646016            8          11.463     10336256       646016
      646016           16          21.568     20672512      1292032
      646016           32          41.950     41345024      2584064
      710584            1          11.691      1421168        88823
      710584            2           4.198      2842336       177646
      710584            4           7.181      5684672       355292
      710584            8          12.459     11369344       710584
      710584           16          23.818     22738688      1421168
      710584           32          46.191     45477376      2842336
      781592            1           8.594      1563184        97699
      781592            2           4.689      3126368       195398
      781592            4           7.553      6252736       390796
      781592            8          13.815     12505472       781592
      781592           16          26.174     25010944      1563184
      781592           32          50.664     50021888      3126368
      859712            1          11.202      1719424       107464
      859712            2           5.323      3438848       214928
      859712            4           8.521      6877696       429856
      859712            8          15.330     13755392       859712
      859712           16          28.760     27510784      1719424
      859712           32          55.635     55021568      3438848
      945672            1          12.866      1891344       118209
      945672            2           8.189      3782688       236418
      945672            4           9.387      7565376       472836
      945672            8          16.617     15130752       945672
      945672           16          31.366     30261504      1891344
      945672           32          61.097     60523008      3782688
     1040200            1          11.404      2080400       130025
     1040200            2           6.062      4160800       260050
     1040200            4          10.086      8321600       520100
     1040200            8          18.364     16643200      1040200
     1040200           16          34.599     33286400      2080400
     1144192            1          12.374      2288384       143024
     1144192            2           6.663      4576768       286048
     1144192            4          11.272      9153536       572096
     1144192            8          20.009     18307072      1144192
     1144192           16          37.922     36614144      2288384
     1258600            1          14.797      2517200       157325
     1258600            2           7.020      5034400       314650
     1258600            4          12.022     10068800       629300
     1258600            8          21.885     20137600      1258600
     1258600           16          41.635     40275200      2517200
     1384432            1          14.919      2768864       173054
     1384432            2           7.875      5537728       346108
     1384432            4          13.285     11075456       692216
     1384432            8          24.236     22150912      1384432
     1384432           16          45.553     44301824      2768864
     1522864            1          17.220      3045728       190358
     1522864            2           8.381      6091456       380716
     1522864            4          14.536     12182912       761432
     1522864            8          26.531     24365824      1522864
     1522864           16          50.017     48731648      3045728
     1675128            1          18.769      3350256       209391
     1675128            2           9.293      6700512       418782
     1675128            4          15.855     13401024       837564
     1675128            8          28.958     26802048      1675128
     1675128           16          55.072     53604096      3350256
     1842624            1          21.040      3685248       230328
     1842624            2          10.183      7370496       460656
     1842624            4          17.483     14740992       921312
     1842624            8          31.707     29481984      1842624
     1842624           16          60.315     58963968      3685248
     2026864            1          23.226      4053728       253358
     2026864            2          10.944      8107456       506716
     2026864            4          19.000     16214912      1013432
     2026864            8          34.896     32429824      2026864
     2229528            1          27.643      4459056       278691
     2229528            2          12.356      8918112       557382
     2229528            4          20.867     17836224      1114764
     2229528            8          38.343     35672448      2229528
     2452464            1          26.883      4904928       306558
     2452464            2          13.536      9809856       613116
     2452464            4          23.033     19619712      1226232
     2452464            8          41.981     39239424      2452464
     2697688            1          31.615      5395376       337211
     2697688            2          14.892     10790752       674422
     2697688            4          25.303     21581504      1348844
     2697688            8          46.247     43163008      2697688
     2967440            1          33.706      5934880       370930
     2967440            2          16.235     11869760       741860
     2967440            4          27.841     23739520      1483720
     2967440            8          50.742     47479040      2967440
     3264184            1          37.766      6528368       408023
     3264184            2          17.952     13056736       816046
     3264184            4          30.581     26113472      1632092
     3264184            8          55.863     52226944      3264184
     3590552            1          40.110      7181104       448819
     3590552            2          19.935     14362208       897638
     3590552            4          33.521     28724416      1795276
     3590552            8          61.290     57448832      3590552
     3949568            1          45.315      7899136       493696
     3949568            2          23.095     15798272       987392
     3949568            4          36.810     31596544      1974784
     4344480            1          49.963      8688960       543060
     4344480            2          26.846     17377920      1086120
     4344480            4          42.207     34755840      2172240
     4778928            1          50.767      9557856       597366
     4778928            2          29.475     19115712      1194732
     4778928            4          46.756     38231424      2389464
     5256776            1          62.225     10513552       657097
     5256776            2          34.190     21027104      1314194
     5256776            4          51.439     42054208      2628388
     5782448            1          61.464     11564896       722806
     5782448            2          39.574     23129792      1445612
     5782448            4          59.403     46259584      2891224
     6360648            1          61.967     12721296       795081
     6360648            2          46.017     25442592      1590162
     6360648            4          68.426     50885184      3180324
     6996696            1          64.584     13993392       874587
     6996696            2          60.164     27986784      1749174
     6996696            4          84.107     55973568      3498348
     7696360            1          70.487     15392720       962045
     7696360            2          71.409     30785440      1924090
     7696360            4         103.781     61570880      3848180
     8465968            1          74.364     16931936      1058246
     8465968            2          85.573     33863872      2116492
     9312520            1          81.214     18625040      1164065
     9312520            2         100.138     37250080      2328130
    10243744            1          84.427     20487488      1280468
    10243744            2         117.584     40974976      2560936
    11268096            1          91.953     22536192      1408512
    11268096            2         138.210     45072384      2817024
    12394872            1         104.695     24789744      1549359
    12394872            2         156.888     49579488      3098718
    13634320            1         115.661     27268640      1704290
    13634320            2         175.678     54537280      3408580
    14997752            1         122.224     29995504      1874719
    14997752            2         197.629     59991008      3749438
    16497488            1         137.510     32994976      2062186
    18147192            1         157.269     36294384      2268399
    19961872            1         225.488     39923744      2495234
    21958048            1         223.193     43916096      2744756
    24153808            1         243.187     48307616      3019226
    26569144            1         283.746     53138288      3321143
    29226008            1         329.332     58452016      3653251

META_DATA
FLOPS          1
OPENMP_THREADS 7
ERT_VERSION  1.1.0
HOSTNAME  ('cirrus4.computing.clemson.edu', ['cirrus4'], ['127.0.1.1'])
UNAME  uname_result(system='Linux', node='cirrus4.computing.clemson.edu', release='5.4.0-81-generic', version='#91-Ubuntu SMP Thu Jul 15 19:09:17 UTC 2021', machine='x86_64', processor='x86_64')
TIMESTAMP_DATA  1632245393.247557
CONFIG  {'ERT_RESULTS': ['Results.cs.clemson.edu'], 'ERT_DRIVER': ['driver1'], 'ERT_KERNEL': ['kernel1'], 'ERT_MPI': ['False'], 'ERT_MPI_CFLAGS': [], 'ERT_MPI_LDFLAGS': [], 'ERT_OPENMP': ['True'], 'ERT_OPENMP_CFLAGS': ['-fopenmp'], 'ERT_OPENMP_LDFLAGS': ['-fopenmp'], 'ERT_FLOPS': ['1,2,4'], 'ERT_ALIGN': ['32'], 'ERT_CC': ['g++'], 'ERT_CFLAGS': ['-O3', '-std=c++11', '-fstrict-aliasing', '-march=native'], 'ERT_LD': ['g++'], 'ERT_LDFLAGS': [], 'ERT_LDLIBS': [], 'ERT_PRECISION': ['FP64'], 'ERT_RUN': ['export', 'OMP_NUM_THREADS=ERT_OPENMP_THREADS;', 'export', 'OMP_PLACES=threads;', 'export', 'OMP_PROC_BIND=spread;', './ERT_CODE'], 'ERT_PROCS_THREADS': ['8'], 'ERT_MPI_PROCS': ['2,4,8'], 'ERT_OPENMP_THREADS': ['1-8'], 'ERT_NUM_EXPERIMENTS': ['5'], 'ERT_MEMORY_MAX': ['31000000'], 'ERT_WORKING_SET_MIN': ['1'], 'ERT_TRIALS_MIN': ['1'], 'ERT_GNUPLOT': ['gnuplot'], 'ERT_GPU': [False], 'ERT_HIP': [False], 'ERT_OCL': [False], 'ERT_SYCL': [False], 'ERT_WSS_MULT': [1.1]}
