fp64
          24            1           1.541           48           12
          24            2           0.630           96           24
          24            4           0.663          192           48
          24            8           0.702          384           96
          24           16           0.682          768          192
          24           32           0.848         1536          384
          24           64           1.029         3072          768
          24          128           1.678         6144         1536
          24          256           2.927        12288         3072
          24          512           5.257        24576         6144
          24         1024           9.823        49152        12288
          24         2048          19.323        98304        24576
          24         4096          38.102       196608        49152
          24         8192          75.772       393216        98304
          24        16384         151.001       786432       196608
          24        32768         322.817      1572864       393216
          24        65536         602.681      3145728       786432
          24       131072        1205.005      6291456      1572864
          24       262144        2416.324     12582912      3145728
          24       524288        4072.231     25165824      6291456
          24      1048576        6112.868     50331648     12582912
          48            1           0.481           96           24
          48            2           0.524          192           48
          48            4           0.402          384           96
          48            8           0.622          768          192
          48           16           0.591         1536          384
          48           32           0.535         3072          768
          48           64           0.747         6144         1536
          48          128           1.156        12288         3072
          48          256           1.875        24576         6144
          48          512           3.277        49152        12288
          48         1024           6.318        98304        24576
          48         2048          12.187       196608        49152
          48         4096          24.162       393216        98304
          48         8192          47.969       786432       196608
          48        16384          95.560      1572864       393216
          48        32768         198.442      3145728       786432
          48        65536         381.021      6291456      1572864
          48       131072         581.506     12582912      3145728
          48       262144        1032.635     25165824      6291456
          48       524288        2067.795     50331648     12582912
          72            1           0.617          144           36
          72            2           0.363          288           72
          72            4           0.290          576          144
          72            8           0.316         1152          288
          72           16           0.414         2304          576
          72           32           0.474         4608         1152
          72           64           0.604         9216         2304
          72          128           0.865        18432         4608
          72          256           1.459        36864         9216
          72          512           2.689        73728        18432
          72         1024           4.555       147456        36864
          72         2048           8.690       294912        73728
          72         4096          16.787       589824       147456
          72         8192          33.150      1179648       294912
          72        16384          66.053      2359296       589824
          72        32768         131.809      4718592      1179648
          72        65536         270.248      9437184      2359296
          72       131072         549.437     18874368      4718592
          72       262144        1074.002     37748736      9437184
          96            1           0.357          192           48
          96            2           0.473          384           96
          96            4           0.343          768          192
          96            8           0.344         1536          384
          96           16           0.424         3072          768
          96           32           0.403         6144         1536
          96           64           0.560        12288         3072
          96          128           0.875        24576         6144
          96          256           1.403        49152        12288
          96          512           2.793        98304        24576
          96         1024           4.966       196608        49152
          96         2048           9.215       393216        98304
          96         4096          17.568       786432       196608
          96         8192          35.671      1572864       393216
          96        16384          70.126      3145728       786432
          96        32768         137.238      6291456      1572864
          96        65536         276.045     12582912      3145728
          96       131072         612.062     25165824      6291456
          96       262144         979.047     50331648     12582912
         120            1           0.331          240           60
         120            2           0.337          480          120
         120            4           0.425          960          240
         120            8           0.388         1920          480
         120           16           0.572         3840          960
         120           32           0.415         7680         1920
         120           64           0.592        15360         3840
         120          128           0.756        30720         7680
         120          256           1.255        61440        15360
         120          512           1.875       122880        30720
         120         1024           7.953       245760        61440
         120         2048           7.372       491520       122880
         120         4096          12.405       983040       245760
         120         8192          27.815      1966080       491520
         120        16384          46.539      3932160       983040
         120        32768          95.036      7864320      1966080
         120        65536         191.626     15728640      3932160
         120       131072         368.829     31457280      7864320
         144            1           0.289          288           72
         144            2           0.401          576          144
         144            4           0.410         1152          288
         144            8           0.398         2304          576
         144           16           0.522         4608         1152
         144           32           0.377         9216         2304
         144           64           0.600        18432         4608
         144          128           0.626        36864         9216
         144          256           1.014        73728        18432
         144          512           1.772       147456        36864
         144         1024           3.393       294912        73728
         144         2048           6.224       589824       147456
         144         4096          11.873      1179648       294912
         144         8192          23.411      2359296       589824
         144        16384          46.416      4718592      1179648
         144        32768          92.494      9437184      2359296
         144        65536         184.634     18874368      4718592
         144       131072         368.870     37748736      9437184
         168            1           0.342          336           84
         168            2           0.524          672          168
         168            4           0.428         1344          336
         168            8           0.392         2688          672
         168           16           0.416         5376         1344
         168           32           0.487        10752         2688
         168           64           0.437        21504         5376
         168          128           0.837        43008        10752
         168          256           1.096        86016        21504
         168          512           1.822       172032        43008
         168         1024           3.214       344064        86016
         168         2048           6.147       688128       172032
         168         4096          12.003      1376256       344064
         168         8192          23.402      2752512       688128
         168        16384          46.523      5505024      1376256
         168        32768          92.548     11010048      2752512
         168        65536         184.616     22020096      5505024
         168       131072         376.851     44040192     11010048
         192            1           0.271          384           96
         192            2           0.427          768          192
         192            4           0.423         1536          384
         192            8           0.403         3072          768
         192           16           0.448         6144         1536
         192           32           0.591        12288         3072
         192           64           0.525        24576         6144
         192          128           0.713        49152        12288
         192          256           1.141        98304        24576
         192          512           1.843       196608        49152
         192         1024           3.464       393216        98304
         192         2048           6.360       786432       196608
         192         4096          12.411      1572864       393216
         192         8192          24.362      3145728       786432
         192        16384          48.362      6291456      1572864
         192        32768          96.888     12582912      3145728
         192        65536         192.722     25165824      6291456
         192       131072         384.920     50331648     12582912
         216            1           0.314          432          108
         216            2           0.423          864          216
         216            4           0.412         1728          432
         216            8           0.580         3456          864
         216           16           0.464         6912         1728
         216           32           0.453        13824         3456
         216           64           0.485        27648         6912
         216          128           0.784        55296        13824
         216          256           1.104       110592        27648
         216          512           1.863       221184        55296
         216         1024           3.330       442368       110592
         216         2048           6.480       884736       221184
         216         4096          12.433      1769472       442368
         216         8192          24.461      3538944       884736
         216        16384          48.459      7077888      1769472
         216        32768          96.509     14155776      3538944
         216        65536         192.638     28311552      7077888
         216       131072         384.913     56623104     14155776
         240            1           0.423          480          120
         240            2           0.400          960          240
         240            4           0.456         1920          480
         240            8           0.503         3840          960
         240           16           0.556         7680         1920
         240           32           0.449        15360         3840
         240           64           0.483        30720         7680
         240          128           0.764        61440        15360
         240          256           1.149       122880        30720
         240          512           1.830       245760        61440
         240         1024           3.277       491520       122880
         240         2048           6.372       983040       245760
         240         4096          12.328      1966080       491520
         240         8192          34.883      3932160       983040
         240        16384          63.931      7864320      1966080
         240        32768         111.409     15728640      3932160
         240        65536         207.831     31457280      7864320
         264            1           0.371          528          132
         264            2           0.369         1056          264
         264            4           0.430         2112          528
         264            8           0.573         4224         1056
         264           16           0.464         8448         2112
         264           32           0.474        16896         4224
         264           64           0.595        33792         8448
         264          128           0.678        67584        16896
         264          256           1.096       135168        33792
         264          512           1.841       270336        67584
         264         1024           3.318       540672       135168
         264         2048          16.175      1081344       270336
         264         4096          22.962      2162688       540672
         264         8192          26.352      4325376      1081344
         264        16384          52.265      8650752      2162688
         264        32768         104.164     17301504      4325376
         264        65536         207.751     34603008      8650752
         288            1           0.352          576          144
         288            2           0.290         1152          288
         288            4           0.508         2304          576
         288            8           0.393         4608         1152
         288           16           0.510         9216         2304
         288           32           0.412        18432         4608
         288           64           0.561        36864         9216
         288          128           0.724        73728        18432
         288          256           1.177       147456        36864
         288          512           1.922       294912        73728
         288         1024           3.433       589824       147456
         288         2048          17.426      1179648       294912
         288         4096          23.055      2359296       589824
         288         8192          26.273      4718592      1179648
         288        16384          52.232      9437184      2359296
         288        32768         104.033     18874368      4718592
         288        65536         223.523     37748736      9437184
         312            1           0.642          624          156
         312            2           0.505         1248          312
         312            4           0.356         2496          624
         312            8           0.406         4992         1248
         312           16           0.430         9984         2496
         312           32           0.423        19968         4992
         312           64           0.549        39936         9984
         312          128           0.858        79872        19968
         312          256           1.107       159744        39936
         312          512           1.985       319488        79872
         312         1024           3.824       638976       159744
         312         2048          16.867      1277952       319488
         312         4096          23.493      2555904       638976
         312         8192          26.247      5111808      1277952
         312        16384          52.216     10223616      2555904
         312        32768         104.126     20447232      5111808
         312        65536         217.263     40894464     10223616
         336            1           0.308          672          168
         336            2           0.531         1344          336
         336            4           0.365         2688          672
         336            8           0.468         5376         1344
         336           16           0.391        10752         2688
         336           32           0.472        21504         5376
         336           64           0.566        43008        10752
         336          128           0.894        86016        21504
         336          256           1.243       172032        43008
         336          512           2.216       344064        86016
         336         1024           3.992       688128       172032
         336         2048          18.190      1376256       344064
         336         4096          23.612      2752512       688128
         336         8192          26.341      5505024      1376256
         336        16384          52.268     11010048      2752512
         336        32768         104.137     22020096      5505024
         336        65536         208.196     44040192     11010048
         360            1           0.288          720          180
         360            2           0.378         1440          360
         360            4           0.397         2880          720
         360            8           0.439         5760         1440
         360           16           0.373        11520         2880
         360           32           0.434        23040         5760
         360           64           0.534        46080        11520
         360          128           0.840        92160        23040
         360          256           1.404       184320        46080
         360          512           2.160       368640        92160
         360         1024           4.016       737280       184320
         360         2048          17.382      1474560       368640
         360         4096          13.385      2949120       737280
         360         8192          26.254      5898240      1474560
         360        16384          52.239     11796480      2949120
         360        32768         104.101     23592960      5898240
         360        65536         207.804     47185920     11796480
         384            1           1.227          768          192
         384            2           0.446         1536          384
         384            4           0.336         3072          768
         384            8           0.529         6144         1536
         384           16           0.391        12288         3072
         384           32           0.408        24576         6144
         384           64           0.416        49152        12288
         384          128           0.947        98304        24576
         384          256           1.262       196608        49152
         384          512           2.339       393216        98304
         384         1024           4.201       786432       196608
         384         2048          17.501      1572864       393216
         384         4096          13.352      3145728       786432
         384         8192          26.426      6291456      1572864
         384        16384          52.344     12582912      3145728
         384        32768         106.180     25165824      6291456
         384        65536         223.494     50331648     12582912
         408            1           0.589          816          204
         408            2           0.445         1632          408
         408            4           0.379         3264          816
         408            8           0.411         6528         1632
         408           16           0.599        13056         3264
         408           32           0.518        26112         6528
         408           64           0.555        52224        13056
         408          128           0.847       104448        26112
         408          256           1.395       208896        52224
         408          512           2.296       417792       104448
         408         1024           4.298       835584       208896
         408         2048          17.698      1671168       417792
         408         4096          13.492      3342336       835584
         408         8192          26.408      6684672      1671168
         408        16384          52.367     13369344      3342336
         408        32768         104.537     26738688      6684672
         408        65536         208.172     53477376     13369344
         432            1           0.328          864          216
         432            2           0.416         1728          432
         432            4           0.516         3456          864
         432            8           0.466         6912         1728
         432           16           0.426        13824         3456
         432           32           0.344        27648         6912
         432           64           0.615        55296        13824
         432          128           0.903       110592        27648
         432          256           1.354       221184        55296
         432          512           2.459       442368       110592
         432         1024           4.628       884736       221184
         432         2048          18.398      1769472       442368
         432         4096          13.551      3538944       884736
         432         8192          26.758      7077888      1769472
         432        16384          53.088     14155776      3538944
         432        32768         105.680     28311552      7077888
         432        65536         211.239     56623104     14155776
         456            1           0.334          912          228
         456            2           0.352         1824          456
         456            4           0.463         3648          912
         456            8           0.510         7296         1824
         456           16           0.461        14592         3648
         456           32           0.496        29184         7296
         456           64           0.570        58368        14592
         456          128           0.920       116736        29184
         456          256           1.600       233472        58368
         456          512           2.539       466944       116736
         456         1024           4.906       933888       233472
         456         2048          20.495      1867776       466944
         456         4096          14.333      3735552       933888
         456         8192          27.430      7471104      1867776
         456        16384          54.540     14942208      3735552
         456        32768         108.996     29884416      7471104
         456        65536         217.519     59768832     14942208
         480            1           0.307          960          240
         480            2           0.480         1920          480
         480            4           0.460         3840          960
         480            8           0.391         7680         1920
         480           16           0.398        15360         3840
         480           32           0.472        30720         7680
         480           64           0.699        61440        15360
         480          128           0.803       122880        30720
         480          256           1.338       245760        61440
         480          512           2.394       491520       122880
         480         1024           4.311       983040       245760
         480         2048          25.015      1966080       491520
         480         4096          13.476      3932160       983040
         480         8192          26.571      7864320      1966080
         480        16384          52.296     15728640      3932160
         480        32768         104.086     31457280      7864320
         528            1           0.297         1056          264
         528            2           0.366         2112          528
         528            4           0.404         4224         1056
         528            8           0.418         8448         2112
         528           16           0.427        16896         4224
         528           32           0.576        33792         8448
         528           64           0.585        67584        16896
         528          128           0.646       135168        33792
         528          256           1.213       270336        67584
         528          512           2.144       540672       135168
         528         1024           3.685      1081344       270336
         528         2048           7.190      2162688       540672
         528         4096          13.882      4325376      1081344
         528         8192          27.392      8650752      2162688
         528        16384          54.352     17301504      4325376
         528        32768         108.478     34603008      8650752
         576            1           1.223         1152          288
         576            2           0.353         2304          576
         576            4           0.434         4608         1152
         576            8           0.381         9216         2304
         576           16           0.385        18432         4608
         576           32           0.520        36864         9216
         576           64           0.619        73728        18432
         576          128           0.860       147456        36864
         576          256           1.479       294912        73728
         576          512           2.557       589824       147456
         576         1024           4.950      1179648       294912
         576         2048          18.051      2359296       589824
         576         4096          13.684      4718592      1179648
         576         8192          26.845      9437184      2359296
         576        16384          53.389     18874368      4718592
         576        32768         106.410     37748736      9437184
         624            1           0.343         1248          312
         624            2           0.437         2496          624
         624            4           0.507         4992         1248
         624            8           0.380         9984         2496
         624           16           0.419        19968         4992
         624           32           0.426        39936         9984
         624           64           0.634        79872        19968
         624          128           0.928       159744        39936
         624          256           1.455       319488        79872
         624          512           2.782       638976       159744
         624         1024           5.396      1277952       319488
         624         2048          18.057      2555904       638976
         624         4096          15.426      5111808      1277952
         624         8192          30.630     10223616      2555904
         624        16384          61.271     20447232      5111808
         624        32768         121.828     40894464     10223616
         672            1           0.351         1344          336
         672            2           0.441         2688          672
         672            4           0.449         5376         1344
         672            8           0.458        10752         2688
         672           16           0.408        21504         5376
         672           32           0.466        43008        10752
         672           64           0.715        86016        21504
         672          128           1.087       172032        43008
         672          256           1.580       344064        86016
         672          512           2.895       688128       172032
         672         1024          15.157      1376256       344064
         672         2048          19.600      2752512       688128
         672         4096          13.939      5505024      1376256
         672         8192          45.796     11010048      2752512
         672        16384          54.834     22020096      5505024
         672        32768         109.139     44040192     11010048
         720            1           0.857         1440          360
         720            2           0.268         2880          720
         720            4           0.364         5760         1440
         720            8           0.475        11520         2880
         720           16           0.502        23040         5760
         720           32           0.550        46080        11520
         720           64           0.777        92160        23040
         720          128           1.074       184320        46080
         720          256           1.999       368640        92160
         720          512           3.674       737280       184320
         720         1024          15.500      1474560       368640
         720         2048          19.576      2949120       737280
         720         4096          16.254      5898240      1474560
         720         8192          31.481     11796480      2949120
         720        16384          62.584     23592960      5898240
         720        32768         125.602     47185920     11796480
         792            1           0.346         1584          396
         792            2           0.318         3168          792
         792            4           0.435         6336         1584
         792            8           0.437        12672         3168
         792           16           0.433        25344         6336
         792           32           0.472        50688        12672
         792           64           0.635       101376        25344
         792          128           1.030       202752        50688
         792          256           1.737       405504       101376
         792          512           3.303       811008       202752
         792         1024          16.345      1622016       405504
         792         2048          19.898      3244032       811008
         792         4096          15.941      6488064      1622016
         792         8192          31.576     12976128      3244032
         792        16384          63.255     25952256      6488064
         792        32768         125.113     51904512     12976128
         864            1           0.745         1728          432
         864            2           0.409         3456          864
         864            4           9.914         6912         1728
         864            8           0.545        13824         3456
         864           16           0.426        27648         6912
         864           32           0.473        55296        13824
         864           64           0.680       110592        27648
         864          128           1.049       221184        55296
         864          256           1.761       442368       110592
         864          512           3.328       884736       221184
         864         1024          16.429      1769472       442368
         864         2048          20.039      3538944       884736
         864         4096          16.026      7077888      1769472
         864         8192          31.641     14155776      3538944
         864        16384          63.111     28311552      7077888
         864        32768         125.708     56623104     14155776
         936            1           0.274         1872          468
         936            2           0.319         3744          936
         936            4           0.407         7488         1872
         936            8           0.366        14976         3744
         936           16           0.584        29952         7488
         936           32           0.813        59904        14976
         936           64           1.108       119808        29952
         936          128           1.999       239616        59904
         936          256           3.711       479232       119808
         936          512          12.765       958464       239616
         936         1024           7.127      1916928       479232
         936         2048          22.546      3833856       958464
         936         4096          19.562      7667712      1916928
         936         8192          50.260     15335424      3833856
         936        16384          79.949     30670848      7667712
         936        32768         159.718     61341696     15335424
        1008            1           0.278         2016          504
        1008            2           0.382         4032         1008
        1008            4           0.360         8064         2016
        1008            8           0.546        16128         4032
        1008           16           0.466        32256         8064
        1008           32           0.804        64512        16128
        1008           64           1.077       129024        32256
        1008          128           1.954       258048        64512
        1008          256           3.613       516096       129024
        1008          512          13.177      1032192       258048
        1008         1024           7.896      2064384       516096
        1008         2048          23.016      4128768      1032192
        1008         4096          19.979      8257536      2064384
        1008         8192          39.616     16515072      4128768
        1008        16384          79.101     33030144      8257536
        1104            1           5.198         2208          552
        1104            2           0.419         4416         1104
        1104            4           0.439         8832         2208
        1104            8           0.477        17664         4416
        1104           16           0.571        35328         8832
        1104           32           0.486        70656        17664
        1104           64           0.827       141312        35328
        1104          128           1.291       282624        70656
        1104          256           2.238       565248       141312
        1104          512           4.258      1130496       282624
        1104         1024           8.033      2260992       565248
        1104         2048          28.687      4521984      1130496
        1104         4096          22.195      9043968      2260992
        1104         8192          44.067     18087936      4521984
        1104        16384          87.907     36175872      9043968
        1200            1           0.378         2400          600
        1200            2           0.380         4800         1200
        1200            4           9.646         9600         2400
        1200            8           0.555        19200         4800
        1200           16           0.606        38400         9600
        1200           32           0.816        76800        19200
        1200           64           1.318       153600        38400
        1200          128          10.864       307200        76800
        1200          256           3.847       614400       153600
        1200          512          14.273      1228800       307200
        1200         1024          17.474      2457600       614400
        1200         2048          11.644      4915200      1228800
        1200         4096          23.030      9830400      2457600
        1200         8192          45.749     19660800      4915200
        1200        16384          91.278     39321600      9830400
        1320            1           0.707         2640          660
        1320            2           0.356         5280         1320
        1320            4           0.521        10560         2640
        1320            8           0.534        21120         5280
        1320           16           0.477        42240        10560
        1320           32           0.572        84480        21120
        1320           64           0.717       168960        42240
        1320          128           1.172       337920        84480
        1320          256           1.877       675840       168960
        1320          512           3.475      1351680       337920
        1320         1024           6.637      2703360       675840
        1320         2048          13.060      5406720      1351680
        1320         4096          25.819     10813440      2703360
        1320         8192          51.317     21626880      5406720
        1320        16384         102.550     43253760     10813440
        1440            1           0.438         2880          720
        1440            2           0.432         5760         1440
        1440            4           0.392        11520         2880
        1440            8           0.954        23040         5760
        1440           16           0.465        46080        11520
        1440           32           0.572        92160        23040
        1440           64           0.913       184320        46080
        1440          128           1.446       368640        92160
        1440          256          14.335       737280       184320
        1440          512          14.678      1474560       368640
        1440         1024          10.286      2949120       737280
        1440         2048          23.293      5898240      1474560
        1440         4096          22.868     11796480      2949120
        1440         8192          45.413     23592960      5898240
        1440        16384          90.689     47185920     11796480
        1584            1           0.348         3168          792
        1584            2           0.397         6336         1584
        1584            4           0.531        12672         3168
        1584            8           0.439        25344         6336
        1584           16           0.458        50688        12672
        1584           32           0.535       101376        25344
        1584           64           0.831       202752        50688
        1584          128           1.181       405504       101376
        1584          256           2.070       811008       202752
        1584          512           3.868      1622016       405504
        1584         1024           7.495      3244032       811008
        1584         2048          14.749      6488064      1622016
        1584         4096          29.214     12976128      3244032
        1584         8192          58.117     25952256      6488064
        1584        16384         115.902     51904512     12976128
        1728            1           0.328         3456          864
        1728            2           0.464         6912         1728
        1728            4           0.441        13824         3456
        1728            8           0.465        27648         6912
        1728           16           0.494        55296        13824
        1728           32           0.509       110592        27648
        1728           64           0.734       221184        55296
        1728          128           1.175       442368       110592
        1728          256           2.054       884736       221184
        1728          512          19.099      1769472       442368
        1728         1024          32.474      3538944       884736
        1728         2048          26.634      7077888      1769472
        1728         4096          28.213     14155776      3538944
        1728         8192          56.073     28311552      7077888
        1728        16384         112.036     56623104     14155776
        1896            1           0.368         3792          948
        1896            2           0.515         7584         1896
        1896            4           0.405        15168         3792
        1896            8           0.422        30336         7584
        1896           16           0.505        60672        15168
        1896           32           0.593       121344        30336
        1896           64           0.831       242688        60672
        1896          128           1.363       485376       121344
        1896          256           2.500       970752       242688
        1896          512           4.638      1941504       485376
        1896         1024           8.940      3883008       970752
        1896         2048          17.474      7766016      1941504
        1896         4096          34.706     15532032      3883008
        1896         8192          69.043     31064064      7766016
        2064            1           0.357         4128         1032
        2064            2           0.325         8256         2064
        2064            4           0.574        16512         4128
        2064            8           0.476        33024         8256
        2064           16           0.630        66048        16512
        2064           32           1.109       132096        33024
        2064           64           1.950       264192        66048
        2064          128           3.529       528384       132096
        2064          256          13.765      1056768       264192
        2064          512           7.740      2113536       528384
        2064         1024          25.153      4227072      1056768
        2064         2048          18.404      8454144      2113536
        2064         4096          36.498     16908288      4227072
        2064         8192          72.923     33816576      8454144
        2256            1           0.338         4512         1128
        2256            2           0.462         9024         2256
        2256            4          10.126        18048         4512
        2256            8           0.521        36096         9024
        2256           16           0.613        72192        18048
        2256           32           0.740       144384        36096
        2256           64           1.327       288768        72192
        2256          128           2.243       577536       144384
        2256          256          13.801      1155072       288768
        2256          512           5.249      2310144       577536
        2256         1024          10.125      4620288      1155072
        2256         2048          19.931      9240576      2310144
        2256         4096          39.615     18481152      4620288
        2256         8192          78.900     36962304      9240576
        2472            1           0.994         4944         1236
        2472            2           0.444         9888         2472
        2472            4           0.465        19776         4944
        2472            8           0.506        39552         9888
        2472           16           0.561        79104        19776
        2472           32           0.794       158208        39552
        2472           64           1.278       316416        79104
        2472          128           2.357       632832       158208
        2472          256           4.319      1265664       316416
        2472          512          17.480      2531328       632832
        2472         1024          20.814      5062656      1265664
        2472         2048          22.003     10125312      2531328
        2472         4096          43.766     20250624      5062656
        2472         8192         117.180     40501248     10125312
        2712            1           0.848         5424         1356
        2712            2           0.374        10848         2712
        2712            4           0.446        21696         5424
        2712            8           0.477        43392        10848
        2712           16           0.627        86784        21696
        2712           32           0.903       173568        43392
        2712           64           1.589       347136        86784
        2712          128          11.861       694272       173568
        2712          256           5.781      1388544       347136
        2712          512          22.677      2777088       694272
        2712         1024          19.537      5554176      1388544
        2712         2048          25.737     11108352      2777088
        2712         4096          77.729     22216704      5554176
        2712         8192          97.620     44433408     11108352
        2976            1           0.396         5952         1488
        2976            2           0.558        11904         2976
        2976            4           0.447        23808         5952
        2976            8           0.489        47616        11904
        2976           16           0.602        95232        23808
        2976           32           1.046       190464        47616
        2976           64           1.555       380928        95232
        2976          128           2.892       761856       190464
        2976          256          28.040      1523712       380928
        2976          512          11.736      3047424       761856
        2976         1024          20.169      6094848      1523712
        2976         2048          25.145     12189696      3047424
        2976         4096          50.627     24379392      6094848
        2976         8192          99.696     48758784     12189696
        3264            1           0.425         6528         1632
        3264            2           0.372        13056         3264
        3264            4           0.402        26112         6528
        3264            8           0.591        52224        13056
        3264           16           0.688       104448        26112
        3264           32           1.100       208896        52224
        3264           64           1.917       417792       104448
        3264          128           3.128       835584       208896
        3264          256          16.067      1671168       417792
        3264          512          12.742      3342336       835584
        3264         1024          34.053      6684672      1671168
        3264         2048          32.133     13369344      3342336
        3264         4096          64.001     26738688      6684672
        3264         8192         127.151     53477376     13369344
        3576            1           0.391         7152         1788
        3576            2           0.521        14304         3576
        3576            4           0.398        28608         7152
        3576            8           0.485        57216        14304
        3576           16           0.560       114432        28608
        3576           32           0.769       228864        57216
        3576           64           1.264       457728       114432
        3576          128           2.186       915456       228864
        3576          256           4.016      1830912       457728
        3576          512           7.725      3661824       915456
        3576         1024          15.197      7323648      1830912
        3576         2048          29.892     14647296      3661824
        3576         4096          59.263     29294592      7323648
        3576         8192         118.330     58589184     14647296
        3912            1           1.006         7824         1956
        3912            2           0.491        15648         3912
        3912            4           0.424        31296         7824
        3912            8           0.500        62592        15648
        3912           16           0.642       125184        31296
        3912           32           1.105       250368        62592
        3912           64           2.172       500736       125184
        3912          128          13.620      1001472       250368
        3912          256          16.529      2002944       500736
        3912          512           9.565      4005888      1001472
        3912         1024          18.643      8011776      2002944
        3912         2048          37.110     16023552      4005888
        3912         4096          74.022     32047104      8011776
        4296            1           0.867         8592         2148
        4296            2           0.473        17184         4296
        4296            4           0.520        34368         8592
        4296            8           0.585        68736        17184
        4296           16           0.998       137472        34368
        4296           32           1.488       274944        68736
        4296           64           3.007       549888       137472
        4296          128          14.960      1099776       274944
        4296          256          17.149      2199552       549888
        4296          512          18.759      4399104      1099776
        4296         1024          35.434      8798208      2199552
        4296         2048          62.607     17596416      4399104
        4296         4096         129.701     35192832      8798208
        4704            1           0.565         9408         2352
        4704            2           0.383        18816         4704
        4704            4           0.474        37632         9408
        4704            8           0.559        75264        18816
        4704           16           0.878       150528        37632
        4704           32           1.300       301056        75264
        4704           64           2.308       602112       150528
        4704          128          13.947      1204224       301056
        4704          256          15.451      2408448       602112
        4704          512           9.825      4816896      1204224
        4704         1024          19.291      9633792      2408448
        4704         2048          38.091     19267584      4816896
        4704         4096          95.818     38535168      9633792
        5160            1           0.362        10320         2580
        5160            2           0.427        20640         5160
        5160            4           0.456        41280        10320
        5160            8           0.600        82560        20640
        5160           16           0.731       165120        41280
        5160           32           1.305       330240        82560
        5160           64           2.468       660480       165120
        5160          128           4.766      1320960       330240
        5160          256          22.569      2641920       660480
        5160          512          34.989      5283840      1320960
        5160         1024          21.776     10567680      2641920
        5160         2048          43.303     21135360      5283840
        5160         4096          86.309     42270720     10567680
        5664            1           1.108        11328         2832
        5664            2           0.520        22656         5664
        5664            4           0.547        45312        11328
        5664            8           0.922        90624        22656
        5664           16           1.246       181248        45312
        5664           32           2.329       362496        90624
        5664           64           4.317       724992       181248
        5664          128          15.923      1449984       362496
        5664          256           9.877      2899968       724992
        5664          512          29.970      5799936      1449984
        5664         1024          35.543     11599872      2899968
        5664         2048          73.998     23199744      5799936
        5664         4096         152.326     46399488     11599872
        6216            1           0.737        12432         3108
        6216            2           0.388        24864         6216
        6216            4           0.464        49728        12432
        6216            8           0.825        99456        24864
        6216           16           0.946       198912        49728
        6216           32           1.624       397824        99456
        6216           64           2.996       795648       198912
        6216          128          15.780      1591296       397824
        6216          256          18.794      3182592       795648
        6216          512          13.337      6365184      1591296
        6216         1024          26.437     12730368      3182592
        6216         2048          52.393     25460736      6365184
        6216         4096         104.143     50921472     12730368
        6816            1           0.538        13632         3408
        6816            2           0.499        27264         6816
        6816            4           0.529        54528        13632
        6816            8           0.593       109056        27264
        6816           16           0.919       218112        54528
        6816           32           1.656       436224       109056
        6816           64           3.065       872448       218112
        6816          128           6.104      1744896       436224
        6816          256          21.505      3489792       872448
        6816          512          23.851      6979584      1744896
        6816         1024          27.619     13959168      3489792
        6816         2048          54.849     27918336      6979584
        6816         4096         109.212     55836672     13959168
        7488            1           0.510        14976         3744
        7488            2           0.454        29952         7488
        7488            4           0.529        59904        14976
        7488            8           0.604       119808        29952
        7488           16           0.898       239616        59904
        7488           32           1.389       479232       119808
        7488           64           2.412       958464       239616
        7488          128           4.542      1916928       479232
        7488          256           8.634      3833856       958464
        7488          512          16.311      7667712      1916928
        7488         1024          32.185     15335424      3833856
        7488         2048          64.622     30670848      7667712
        7488         4096         128.233     61341696     15335424
        8232            1           0.643        16464         4116
        8232            2           0.544        32928         8232
        8232            4          10.292        65856        16464
        8232            8           0.745       131712        32928
        8232           16           1.240       263424        65856
        8232           32           2.193       526848       131712
        8232           64          13.398      1053696       263424
        8232          128           4.838      2107392       526848
        8232          256           9.328      4214784      1053696
        8232          512          18.270      8429568      2107392
        8232         1024          36.164     16859136      4214784
        8232         2048          71.992     33718272      8429568
        9048            1           0.955        18096         4524
        9048            2           0.484        36192         9048
        9048            4           0.613        72384        18096
        9048            8           0.759       144768        36192
        9048           16           1.343       289536        72384
        9048           32           2.233       579072       144768
        9048           64           4.143      1158144       289536
        9048          128           7.996      2316288       579072
        9048          256          11.227      4632576      1158144
        9048          512          18.700      9265152      2316288
        9048         1024          37.087     18530304      4632576
        9048         2048          73.641     37060608      9265152
        9936            1           0.563        19872         4968
        9936            2           0.444        39744         9936
        9936            4           0.637        79488        19872
        9936            8           0.709       158976        39744
        9936           16           1.005       317952        79488
        9936           32           1.761       635904       158976
        9936           64           2.996      1271808       317952
        9936          128           5.704      2543616       635904
        9936          256          10.965      5087232      1271808
        9936          512          21.655     10174464      2543616
        9936         1024          42.676     20348928      5087232
        9936         2048          85.068     40697856     10174464
       10920            1           0.605        21840         5460
       10920            2           0.390        43680        10920
       10920            4           0.503        87360        21840
       10920            8           0.890       174720        43680
       10920           16           1.066       349440        87360
       10920           32           1.859       698880       174720
       10920           64           3.298      1397760       349440
       10920          128           6.259      2795520       698880
       10920          256          12.171      5591040      1397760
       10920          512          23.807     11182080      2795520
       10920         1024          47.226     22364160      5591040
       10920         2048          95.224     44728320     11182080
       12000            1           1.292        24000         6000
       12000            2           0.554        48000        12000
       12000            4           0.742        96000        24000
       12000            8           1.207       192000        48000
       12000           16           2.012       384000        96000
       12000           32           4.182       768000       192000
       12000           64          15.810      1536000       384000
       12000          128          18.643      3072000       768000
       12000          256          23.216      6144000      1536000
       12000          512          35.709     12288000      3072000
       12000         1024          51.890     24576000      6144000
       12000         2048         173.680     49152000     12288000
       13200            1           0.800        26400         6600
       13200            2           0.619        52800        13200
       13200            4           0.858       105600        26400
       13200            8           1.394       211200        52800
       13200           16           2.304       422400       105600
       13200           32          13.488       844800       211200
       13200           64          16.587      1689600       422400
       13200          128          12.642      3379200       844800
       13200          256          25.421      6758400      1689600
       13200          512          48.606     13516800      3379200
       13200         1024          92.393     27033600      6758400
       13200         2048         188.250     54067200     13516800
       14520            1           3.347        29040         7260
       14520            2           1.064        58080        14520
       14520            4           1.355       116160        29040
       14520            8           2.165       232320        58080
       14520           16           3.148       464640       116160
       14520           32           5.536       929280       232320
       14520           64          19.060      1858560       464640
       14520          128          15.854      3717120       929280
       14520          256          29.573      7434240      1858560
       14520          512          30.580     14868480      3717120
       14520         1024          60.666     29736960      7434240
       14520         2048         125.487     59473920     14868480
       15960            1          10.597        31920         7980
       15960            2           0.484        63840        15960
       15960            4           0.893       127680        31920
       15960            8           1.255       255360        63840
       15960           16          11.832       510720       127680
       15960           32           3.510      1021440       255360
       15960           64           6.401      2042880       510720
       15960          128          10.544      4085760      1021440
       15960          256          16.934      8171520      2042880
       15960          512          33.551     16343040      4085760
       15960         1024          66.510     32686080      8171520
       17544            1           0.757        35088         8772
       17544            2           0.624        70176        17544
       17544            4           0.816       140352        35088
       17544            8           1.339       280704        70176
       17544           16           2.215       561408       140352
       17544           32           4.098      1122816       280704
       17544           64          17.146      2245632       561408
       17544          128          19.895      4491264      1122816
       17544          256          18.678      8982528      2245632
       17544          512          36.740     17965056      4491264
       17544         1024          73.121     35930112      8982528
       19296            1           0.663        38592         9648
       19296            2           0.490        77184        19296
       19296            4           0.748       154368        38592
       19296            8           1.042       308736        77184
       19296           16           1.625       617472       154368
       19296           32           2.927      1234944       308736
       19296           64          17.036      2469888       617472
       19296          128          40.854      4939776      1234944
       19296          256          32.007      9879552      2469888
       19296          512          39.896     19759104      4939776
       19296         1024          79.533     39518208      9879552
       21216            1           0.669        42432        10608
       21216            2           0.577        84864        21216
       21216            4           0.719       169728        42432
       21216            8           1.144       339456        84864
       21216           16           1.749       678912       169728
       21216           32           3.090      1357824       339456
       21216           64           5.892      2715648       678912
       21216          128          11.295      5431296      1357824
       21216          256          22.087     10862592      2715648
       21216          512          43.879     21725184      5431296
       21216         1024          87.131     43450368     10862592
       23328            1           0.686        46656        11664
       23328            2           0.558        93312        23328
       23328            4           0.815       186624        46656
       23328            8           1.138       373248        93312
       23328           16           1.948       746496       186624
       23328           32           3.388      1492992       373248
       23328           64           6.363      2985984       746496
       23328          128          12.422      5971968      1492992
       23328          256          24.637     11943936      2985984
       23328          512          48.507     23887872      5971968
       23328         1024          96.458     47775744     11943936
       25656            1           0.747        51312        12828
       25656            2           0.620       102624        25656
       25656            4           0.799       205248        51312
       25656            8           1.267       410496       102624
       25656           16           2.044       820992       205248
       25656           32           3.639      1641984       410496
       25656           64           6.856      3283968       820992
       25656          128          13.423      6567936      1641984
       25656          256          26.541     13135872      3283968
       25656          512          52.638     26271744      6567936
       25656         1024         104.770     52543488     13135872
       28200            1           0.798        56400        14100
       28200            2           0.577       112800        28200
       28200            4           0.871       225600        56400
       28200            8           1.296       451200       112800
       28200           16           2.174       902400       225600
       28200           32           3.988      1804800       451200
       28200           64           7.662      3609600       902400
       28200          128          14.744      7219200      1804800
       28200          256          29.431     14438400      3609600
       28200          512          58.167     28876800      7219200
       28200         1024         116.017     57753600     14438400
       31008            1           0.891        62016        15504
       31008            2           0.663       124032        31008
       31008            4           0.873       248064        62016
       31008            8           1.398       496128       124032
       31008           16           2.364       992256       248064
       31008           32           4.329      1984512       496128
       31008           64           8.270      3969024       992256
       31008          128          16.196      7938048      1984512
       31008          256          31.984     15876096      3969024
       31008          512          63.756     31752192      7938048
       34104            1           1.052        68208        17052
       34104            2           0.686       136416        34104
       34104            4           1.083       272832        68208
       34104            8           1.559       545664       136416
       34104           16           2.555      1091328       272832
       34104           32           4.706      2182656       545664
       34104           64           9.023      4365312      1091328
       34104          128          17.626      8730624      2182656
       34104          256          34.760     17461248      4365312
       34104          512          69.133     34922496      8730624
       37512            1           1.135        75024        18756
       37512            2           0.781       150048        37512
       37512            4           1.032       300096        75024
       37512            8           1.689       600192       150048
       37512           16           2.787      1200384       300096
       37512           32           5.170      2400768       600192
       37512           64           9.923      4801536      1200384
       37512          128          19.439      9603072      2400768
       37512          256          38.380     19206144      4801536
       37512          512          76.398     38412288      9603072
       41256            1           1.384        82512        20628
       41256            2           0.784       165024        41256
       41256            4           1.079       330048        82512
       41256            8           1.736       660096       165024
       41256           16           3.132      1320192       330048
       41256           32           5.653      2640384       660096
       41256           64          10.781      5280768      1320192
       41256          128          21.278     10561536      2640384
       41256          256          42.008     21123072      5280768
       41256          512          84.155     42246144     10561536
       45360            1           1.406        90720        22680
       45360            2           0.745       181440        45360
       45360            4           1.106       362880        90720
       45360            8           1.888       725760       181440
       45360           16           3.323      1451520       362880
       45360           32           6.138      2903040       725760
       45360           64          11.854      5806080      1451520
       45360          128          23.277     11612160      2903040
       45360          256          46.048     23224320      5806080
       45360          512          91.683     46448640     11612160
       49896            1           1.353        99792        24948
       49896            2           0.923       199584        49896
       49896            4           1.307       399168        99792
       49896            8           2.097       798336       199584
       49896           16           3.604      1596672       399168
       49896           32           6.695      3193344       798336
       49896           64          13.019      6386688      1596672
       49896          128          25.805     12773376      3193344
       49896          256          51.036     25546752      6386688
       49896          512         101.615     51093504     12773376
       54864            1           1.418       109728        27432
       54864            2           0.919       219456        54864
       54864            4           1.363       438912       109728
       54864            8           2.249       877824       219456
       54864           16           4.025      1755648       438912
       54864           32           7.449      3511296       877824
       54864           64          14.263      7022592      1755648
       54864          128          28.253     14045184      3511296
       54864          256          56.084     28090368      7022592
       54864          512         110.745     56180736     14045184
       60336            1           2.344       120672        30168
       60336            2           0.927       241344        60336
       60336            4           1.466       482688       120672
       60336            8           2.370       965376       241344
       60336           16           4.375      1930752       482688
       60336           32           8.047      3861504       965376
       60336           64          15.670      7723008      1930752
       60336          128          30.712     15446016      3861504
       60336          256          61.426     30892032      7723008
       60336          512         121.711     61784064     15446016
       66360            1           2.235       132720        33180
       66360            2           1.125       265440        66360
       66360            4           1.572       530880       132720
       66360            8           2.632      1061760       265440
       66360           16           4.696      2123520       530880
       66360           32           8.840      4247040      1061760
       66360           64          17.198      8494080      2123520
       66360          128          33.769     16988160      4247040
       66360          256          67.169     33976320      8494080
       72984            1           1.804       145968        36492
       72984            2           1.064       291936        72984
       72984            4           1.691       583872       145968
       72984            8           2.830      1167744       291936
       72984           16           5.104      2335488       583872
       72984           32           9.636      4670976      1167744
       72984           64          18.758      9341952      2335488
       72984          128          36.973     18683904      4670976
       72984          256          73.553     37367808      9341952
       80280            1           2.611       160560        40140
       80280            2           1.297       321120        80280
       80280            4           1.874       642240       160560
       80280            8           3.084      1284480       321120
       80280           16           5.632      2568960       642240
       80280           32          10.614      5137920      1284480
       80280           64          20.708     10275840      2568960
       80280          128          40.857     20551680      5137920
       80280          256          81.323     41103360     10275840
       88296            1           2.603       176592        44148
       88296            2           1.359       353184        88296
       88296            4           2.087       706368       176592
       88296            8          28.152      1412736       353184
       88296           16          25.913      2825472       706368
       88296           32          28.056      5650944      1412736
       88296           64          22.917     11301888      2825472
       88296          128          63.341     22603776      5650944
       88296          256          90.529     45207552     11301888
       97104            1           3.062       194208        48552
       97104            2           1.563       388416        97104
       97104            4           2.305       776832       194208
       97104            8           3.858      1553664       388416
       97104           16           7.052      3107328       776832
       97104           32          13.131      6214656      1553664
       97104           64          25.399     12429312      3107328
       97104          128          50.169     24858624      6214656
       97104          256          99.570     49717248     12429312
      106800            1           2.883       213600        53400
      106800            2           1.677       427200       106800
      106800            4           2.780       854400       213600
      106800            8           5.034      1708800       427200
      106800           16           9.385      3417600       854400
      106800           32          18.146      6835200      1708800
      106800           64          35.421     13670400      3417600
      106800          128          70.345     27340800      6835200
      106800          256         140.137     54681600     13670400
      117480            1           3.050       234960        58740
      117480            2           1.911       469920       117480
      117480            4           3.157       939840       234960
      117480            8           5.793      1879680       469920
      117480           16          10.539      3759360       939840
      117480           32          20.521      7518720      1879680
      117480           64          40.131     15037440      3759360
      117480          128          79.705     30074880      7518720
      117480          256         158.569     60149760     15037440
      129216            1           2.883       258432        64608
      129216            2           2.152       516864       129216
      129216            4           3.706      1033728       258432
      129216            8           6.500      2067456       516864
      129216           16          12.238      4134912      1033728
      129216           32          23.685      8269824      2067456
      129216           64          46.725     16539648      4134912
      129216          128          92.903     33079296      8269824
      142128            1           4.319       284256        71064
      142128            2           2.288       568512       142128
      142128            4           3.900      1137024       284256
      142128            8           7.048      2274048       568512
      142128           16          13.432      4548096      1137024
      142128           32          25.894      9096192      2274048
      142128           64          50.987     18192384      4548096
      142128          128         101.309     36384768      9096192
      156336            1           4.131       312672        78168
      156336            2           2.507       625344       156336
      156336            4           4.356      1250688       312672
      156336            8           7.764      2501376       625344
      156336           16          14.681      5002752      1250688
      156336           32          28.604     10005504      2501376
      156336           64          69.434     20011008      5002752
      156336          128         113.522     40022016     10005504
      171960            1           4.403       343920        85980
      171960            2           2.893       687840       171960
      171960            4           4.759      1375680       343920
      171960            8           8.543      2751360       687840
      171960           16          16.249      5502720      1375680
      171960           32          31.367     11005440      2751360
      171960           64          62.102     22010880      5502720
      171960          128         123.467     44021760     11005440
      189144            1           4.391       378288        94572
      189144            2           3.096       756576       189144
      189144            4           5.113      1513152       378288
      189144            8           9.277      3026304       756576
      189144           16          17.748      6052608      1513152
      189144           32          34.567     12105216      3026304
      189144           64          68.296     24210432      6052608
      189144          128         135.855     48420864     12105216
      208056            1           5.343       416112       104028
      208056            2           3.323       832224       208056
      208056            4           5.559      1664448       416112
      208056            8          10.211      3328896       832224
      208056           16          19.452      6657792      1664448
      208056           32          38.053     13315584      3328896
      208056           64          75.136     26631168      6657792
      208056          128         149.505     53262336     13315584
      228840            1           6.163       457680       114420
      228840            2           3.578       915360       228840
      228840            4           6.214      1830720       457680
      228840            8          11.117      3661440       915360
      228840           16          21.335      7322880      1830720
      228840           32          41.639     14645760      3661440
      228840           64          82.225     29291520      7322880
      228840          128         163.459     58583040     14645760
      251712            1           5.532       503424       125856
      251712            2           3.921      1006848       251712
      251712            4           6.671      2013696       503424
      251712            8          12.194      4027392      1006848
      251712           16          23.368      8054784      2013696
      251712           32          45.710     16109568      4027392
      251712           64          90.539     32219136      8054784
      276864            1           6.362       553728       138432
      276864            2           4.242      1107456       276864
      276864            4           7.277      2214912       553728
      276864            8          13.544      4429824      1107456
      276864           16          25.645      8859648      2214912
      276864           32          50.175     17719296      4429824
      276864           64          99.377     35438592      8859648
      304536            1           7.944       609072       152268
      304536            2           4.633      1218144       304536
      304536            4           8.158      2436288       609072
      304536            8          14.731      4872576      1218144
      304536           16          28.194      9745152      2436288
      304536           32          55.165     19490304      4872576
      304536           64         109.298     38980608      9745152
      334968            1           8.485       669936       167484
      334968            2           5.088      1339872       334968
      334968            4           8.892      2679744       669936
      334968            8          16.164      5359488      1339872
      334968           16          30.954     10718976      2679744
      334968           32          60.169     21437952      5359488
      334968           64         144.883     42875904     10718976
      368448            1           9.737       736896       184224
      368448            2           5.551      1473792       368448
      368448            4           9.717      2947584       736896
      368448            8          17.671      5895168      1473792
      368448           16          33.974     11790336      2947584
      368448           32          66.610     23580672      5895168
      368448           64         131.871     47161344     11790336
      405288            1           9.797       810576       202644
      405288            2           6.148      1621152       405288
      405288            4          10.625      3242304       810576
      405288            8          19.568      6484608      1621152
      405288           16          37.407     12969216      3242304
      405288           32          73.608     25938432      6484608
      405288           64         145.090     51876864     12969216
      445800            1          11.858       891600       222900
      445800            2           6.671      1783200       445800
      445800            4          11.626      3566400       891600
      445800            8          21.192      7132800      1783200
      445800           16          41.014     14265600      3566400
      445800           32          80.402     28531200      7132800
      445800           64         159.385     57062400     14265600
      490368            1          11.483       980736       245184
      490368            2           7.153      1961472       490368
      490368            4          12.686      3922944       980736
      490368            8          23.633      7845888      1961472
      490368           16          45.006     15691776      3922944
      490368           32          88.295     31383552      7845888
      539400            1          15.173      1078800       269700
      539400            2           7.873      2157600       539400
      539400            4          13.892      4315200      1078800
      539400            8          25.834      8630400      2157600
      539400           16          49.955     17260800      4315200
      539400           32          98.026     34521600      8630400
      593328            1          14.282      1186656       296664
      593328            2           8.833      2373312       593328
      593328            4          15.253      4746624      1186656
      593328            8          28.307      9493248      2373312
      593328           16          54.639     18986496      4746624
      593328           32         107.187     37972992      9493248
      652656            1          15.335      1305312       326328
      652656            2           9.649      2610624       652656
      652656            4          16.860      5221248      1305312
      652656            8          31.075     10442496      2610624
      652656           16          59.976     20884992      5221248
      652656           32         117.779     41769984     10442496
      717912            1          16.848      1435824       358956
      717912            2          10.443      2871648       717912
      717912            4          18.266      5743296      1435824
      717912            8          34.363     11486592      2871648
      717912           16          66.023     22973184      5743296
      717912           32         129.560     45946368     11486592
      789696            1          18.664      1579392       394848
      789696            2          11.480      3158784       789696
      789696            4          20.273      6317568      1579392
      789696            8          37.566     12635136      3158784
      789696           16          72.514     25270272      6317568
      789696           32         142.425     50540544     12635136
      868656            1          20.944      1737312       434328
      868656            2          12.566      3474624       868656
      868656            4          22.348      6949248      1737312
      868656            8          41.416     13898496      3474624
      868656           16          79.817     27796992      6949248
      868656           32         156.849     55593984     13898496
      955512            1          23.582      1911024       477756
      955512            2          13.655      3822048       955512
      955512            4          24.349      7644096      1911024
      955512            8          45.672     15288192      3822048
      955512           16          87.903     30576384      7644096
      955512           32         178.841     61152768     15288192
     1051056            1          23.757      2102112       525528
     1051056            2          15.131      4204224      1051056
     1051056            4          26.839      8408448      2102112
     1051056            8          49.735     16816896      4204224
     1051056           16          95.983     33633792      8408448
     1156152            1          27.056      2312304       578076
     1156152            2          16.662      4624608      1156152
     1156152            4          29.063      9249216      2312304
     1156152            8          54.932     18498432      4624608
     1156152           16         106.007     36996864      9249216
     1271760            1          28.551      2543520       635880
     1271760            2          18.503      5087040      1271760
     1271760            4          32.289     10174080      2543520
     1271760            8          60.158     20348160      5087040
     1271760           16         116.877     40696320     10174080
     1398936            1          30.974      2797872       699468
     1398936            2          20.416      5595744      1398936
     1398936            4          35.554     11191488      2797872
     1398936            8          66.219     22382976      5595744
     1398936           16         127.978     44765952     11191488
     1538808            1          35.248      3077616       769404
     1538808            2          22.776      6155232      1538808
     1538808            4          38.904     12310464      3077616
     1538808            8          72.806     24620928      6155232
     1538808           16         141.053     49241856     12310464
     1692672            1          38.098      3385344       846336
     1692672            2          25.506      6770688      1692672
     1692672            4          42.567     13541376      3385344
     1692672            8          80.325     27082752      6770688
     1692672           16         155.022     54165504     13541376
     1861920            1          42.568      3723840       930960
     1861920            2          29.525      7447680      1861920
     1861920            4          47.052     14895360      3723840
     1861920            8          89.038     29790720      7447680
     1861920           16         172.390     59581440     14895360
     2048112            1          45.610      4096224      1024056
     2048112            2          37.334      8192448      2048112
     2048112            4          57.875     16384896      4096224
     2048112            8         107.428     32769792      8192448
     2252904            1          49.725      4505808      1126452
     2252904            2          39.357      9011616      2252904
     2252904            4          62.608     18023232      4505808
     2252904            8         113.373     36046464      9011616
     2478192            1          53.440      4956384      1239096
     2478192            2          42.565      9912768      2478192
     2478192            4          67.732     19825536      4956384
     2478192            8         123.344     39651072      9912768
     2725992            1          56.429      5451984      1362996
     2725992            2          51.502     10903968      2725992
     2725992            4          76.374     21807936      5451984
     2725992            8         139.101     43615872     10903968
     2998584            1          61.329      5997168      1499292
     2998584            2          60.080     11994336      2998584
     2998584            4          89.129     23988672      5997168
     2998584            8         162.274     47977344     11994336
     3298440            1          62.616      6596880      1649220
     3298440            2          69.930     13193760      3298440
     3298440            4         105.515     26387520      6596880
     3298440            8         223.037     52775040     13193760
     3628272            1          65.660      7256544      1814136
     3628272            2          82.354     14513088      3628272
     3628272            4         121.830     29026176      7256544
     3628272            8         211.074     58052352     14513088
     3991080            1          69.071      7982160      1995540
     3991080            2          99.355     15964320      3991080
     3991080            4         146.154     31928640      7982160
     4390176            1          71.822      8780352      2195088
     4390176            2         117.580     17560704      4390176
     4390176            4         176.734     35121408      8780352
     4829184            1          78.958      9658368      2414592
     4829184            2         132.542     19316736      4829184
     4829184            4         198.861     38633472      9658368
     5312088            1          85.066     10624176      2656044
     5312088            2         148.456     21248352      5312088
     5312088            4         223.466     42496704     10624176
     5843280            1          93.218     11686560      2921640
     5843280            2         163.834     23373120      5843280
     5843280            4         245.248     46746240     11686560
     6427608            1          99.368     12855216      3213804
     6427608            2         184.553     25710432      6427608
     6427608            4         287.427     51420864     12855216
     7070352            1         140.444     14140704      3535176
     7070352            2         205.897     28281408      7070352
     7070352            4         305.401     56562816     14140704
     7777368            1         143.786     15554736      3888684
     7777368            2         244.659     31109472      7777368
     8555088            1         166.147     17110176      4277544
     8555088            2         248.943     34220352      8555088
     9410592            1         177.452     18821184      4705296
     9410592            2         287.645     37642368      9410592
    10351632            1         167.201     20703264      5175816
    10351632            2         311.296     41406528     10351632
    11386776            1         189.354     22773552      5693388
    11386776            2         331.749     45547104     11386776
    12525432            1         225.853     25050864      6262716
    12525432            2         395.918     50101728     12525432
    13777968            1         252.077     27555936      6888984
    13777968            2         408.397     55111872     13777968
    15155760            1         257.731     30311520      7577880
    15155760            2         462.615     60623040     15155760
    16671336            1         285.098     33342672      8335668
    18338448            1         337.647     36676896      9169224
    20172288            1         373.799     40344576     10086144
    22189512            1         428.797     44379024     11094756
    24408456            1         503.090     48816912     12204228
    26849280            1         578.816     53698560     13424640
    29534208            1         639.630     59068416     14767104

META_DATA
FLOPS          4
OPENMP_THREADS 3
ERT_VERSION  1.1.0
HOSTNAME  ('cirrus4.computing.clemson.edu', ['cirrus4'], ['127.0.1.1'])
UNAME  uname_result(system='Linux', node='cirrus4.computing.clemson.edu', release='5.4.0-81-generic', version='#91-Ubuntu SMP Thu Jul 15 19:09:17 UTC 2021', machine='x86_64', processor='x86_64')
TIMESTAMP_DATA  1632245414.4668698
CONFIG  {'ERT_RESULTS': ['Results.cs.clemson.edu'], 'ERT_DRIVER': ['driver1'], 'ERT_KERNEL': ['kernel1'], 'ERT_MPI': ['False'], 'ERT_MPI_CFLAGS': [], 'ERT_MPI_LDFLAGS': [], 'ERT_OPENMP': ['True'], 'ERT_OPENMP_CFLAGS': ['-fopenmp'], 'ERT_OPENMP_LDFLAGS': ['-fopenmp'], 'ERT_FLOPS': ['1,2,4'], 'ERT_ALIGN': ['32'], 'ERT_CC': ['g++'], 'ERT_CFLAGS': ['-O3', '-std=c++11', '-fstrict-aliasing', '-march=native'], 'ERT_LD': ['g++'], 'ERT_LDFLAGS': [], 'ERT_LDLIBS': [], 'ERT_PRECISION': ['FP64'], 'ERT_RUN': ['export', 'OMP_NUM_THREADS=ERT_OPENMP_THREADS;', 'export', 'OMP_PLACES=threads;', 'export', 'OMP_PROC_BIND=spread;', './ERT_CODE'], 'ERT_PROCS_THREADS': ['8'], 'ERT_MPI_PROCS': ['2,4,8'], 'ERT_OPENMP_THREADS': ['1-8'], 'ERT_NUM_EXPERIMENTS': ['5'], 'ERT_MEMORY_MAX': ['31000000'], 'ERT_WORKING_SET_MIN': ['1'], 'ERT_TRIALS_MIN': ['1'], 'ERT_GNUPLOT': ['gnuplot'], 'ERT_GPU': [False], 'ERT_HIP': [False], 'ERT_OCL': [False], 'ERT_SYCL': [False], 'ERT_WSS_MULT': [1.1]}
