fp64
 56 524288 1065.997 1387.115 3166.05 18.546850491937903 42.3326515826013 55.08482294040226 2.318356311492238 5.291581447825163 6.885602867550283
 112 262144 687.772 814.263 1280.573 45.85467286909844 72.11460670569582 85.37750300971834 5.731834108637305 9.014325838211978 10.672187876214792
 168 131072 340.09 454.489 598.5 73.5842807017544 96.90045743681365 129.49569819753594 9.1980350877193 12.112557179601707 16.186962274691993
 224 131072 334.47 439.509 627.319 93.60509724717409 133.60421743354516 175.56210123478937 11.70063715589676 16.700527179193145 21.94526265434867
 280 65536 167.897 209.707 314.595 116.65843385940653 175.00684288078128 218.58734819561997 14.582304232425816 21.87585536009766 27.323418524452496
 336 65536 170.221 210.821 280.809 156.83326389111457 208.89850631578446 258.72361224525764 19.60415798638932 26.112313289473057 32.340451530657205
 392 65536 168.597 210.808 280.773 182.99560142891232 243.72995332245458 304.75170969827457 22.87445017861404 30.466244165306822 38.09396371228432
 448 65536 176.555 220.881 293.994 199.732838085131 265.8456635020667 332.58902891450253 24.966604760641374 33.23070793775834 41.57362861431282
 504 32768 89.142 101.291 120.681 273.6979640539936 326.09159747657736 370.5340243656189 34.2122455067492 40.76144968457217 46.31675304570236
 560 32768 72.151 87.858 112.068 327.48117214548313 417.7213230440029 508.65767626228336 40.93514651818539 52.21516538050036 63.58220953278542
 616 32768 70.698 72.584 111.64 361.61031888212113 556.1856056431169 571.0228860788142 45.20128986026514 69.52320070538961 71.37786075985177
 672 32768 70.392 72.213 112.001 393.21248917420377 609.8651489344024 625.6420047732697 49.15156114677547 76.2331436168003 78.20525059665871
 728 32768 71.321 85.588 112.142 425.4445970287671 557.4403888395569 668.9503512289507 53.180574628595885 69.68004860494462 83.61879390361884
 784 32768 71.653 77.656 112.037 458.60049804975137 661.6388173483053 717.0701017403319 57.32506225621892 82.70485216853817 89.63376271754149
 840 32768 71.212 78.095 112.58 488.9877420500977 704.9137588834112 773.0472392293433 61.123467756262215 88.1142198604264 96.63090490366791
 896 32768 71.485 73.008 112.268 523.0364484982364 804.29892614508 821.4346506260055 65.37955606227955 100.537365768135 102.67933132825068
 952 16384 36.124 37.009 58.229 535.7319548678494 842.9067524115756 863.5570811648764 66.96649435848117 105.36334405144694 107.94463514560955
 1008 16384 35.932 36.786 56.582 583.7570958962214 897.8998532050235 919.2403428698652 72.96963698702767 112.23748165062794 114.90504285873315
 1064 16384 38.844 52.897 62.656 556.4535240040858 659.1139762179331 897.5685305323859 69.55669050051073 82.38924702724164 112.19606631654824
 1120 16384 36.905 43.443 56.984 644.0432402077777 844.7888037198169 994.4495325836608 80.50540502597221 105.59860046497711 124.3061915729576
 1232 16384 37.903 40.045 54.291 743.5887347810872 1008.1202647022101 1065.0918396960662 92.9485918476359 126.01503308777626 133.13647996200828
 1344 16384 45.444 45.771 59.76 736.9510040160643 962.1854886281707 969.1090573012939 92.11887550200804 120.27318607852133 121.13863216266174
 1456 16384 56.239 56.293 73.839 646.1383279838568 847.5335832163856 848.3473745976992 80.7672909979821 105.9416979020482 106.0434218247124
 1568 16384 54.681 64.215 87.082 590.0211754438346 800.128069765631 939.6357784239499 73.75264693047933 100.01600872070388 117.45447230299374
 1680 16384 53.909 54.031 84.072 654.798743933771 1018.8639854898114 1021.1697490214991 81.84984299172137 127.35799818622642 127.64621862768739
 1848 16384 111.911 115.347 157.206 385.1969008816458 524.9834325990273 541.1019828256382 48.14961261020572 65.62292907487841 67.63774785320477
 2016 8192 55.643 58.596 79.676 414.5557507907023 563.692811796027 593.6082526103912 51.819468848837786 70.46160147450337 74.2010315762989
 2184 8192 56.622 56.697 63.919 559.8125127114005 631.1208000423303 631.9567659213734 69.97656408892506 78.89010000529129 78.99459574017168
 2352 8192 56.28 57.221 64.038 601.7547081420407 673.444504639905 684.7044776119403 75.21933851775509 84.18056307998812 85.58805970149254
 2576 8192 55.962 56.063 59.075 714.4339229792636 752.8170807841178 754.1757621242986 89.30424037240795 94.10213509801473 94.27197026553732
 2800 8192 55.68 55.893 58.917 778.6411392297639 820.7682536274667 823.9080459770114 97.33014240372049 102.59603170343334 102.98850574712642
 3080 8192 56.328 56.36 63.907 789.6274273553759 895.3640880056778 895.8727453486721 98.70342841942198 111.92051100070972 111.98409316858401
 3360 8192 56.047 56.094 62.115 886.2632214440956 981.3926623168253 982.215640444627 110.78290268051195 122.67408278960316 122.77695505557837
 3696 8192 58.411 58.584 70.969 853.2635939635617 1033.648504711184 1036.70993477256 106.65794924544521 129.206063088898 129.58874184657
 4032 4096 28.991 29.322 31.218 1058.0480492023833 1126.462860650706 1139.324066089476 132.2560061502979 140.80785758133825 142.4155082611845
 4424 4096 32.563 32.699 39.98 906.4884442221111 1108.3338328389248 1112.9628105518534 113.31105552776388 138.5417291048656 139.12035131898168
 4816 4096 34.894 34.95 38.727 1018.7381413484134 1128.8318168812589 1130.6434344013296 127.34226766855167 141.10397711015736 141.3304293001662
 5264 4096 36.184 36.562 41.033 1050.927009967587 1179.4400743941796 1191.761220428919 131.36587624594839 147.43000929927246 148.97015255361487
 5768 4096 40.376 40.855 50.625 933.3620938271605 1156.564826826582 1170.2857142857142 116.67026172839506 144.57060335332275 146.28571428571428
 6328 4096 41.785 41.89 49.322 1051.0315072381493 1237.5024110766292 1240.6120856766784 131.37893840476866 154.68780138457865 155.0765107095848
 6944 4096 41.902 41.968 47.445 1198.9724523132047 1355.443385436523 1357.5783494821248 149.8715565391506 169.43042317956537 169.6972936852656
 7616 2048 25.573 26.816 34.011 917.207256475846 1163.3031026252984 1219.8465569154966 114.65090705948074 145.4128878281623 152.48081961443708
 8344 2048 24.489 25.548 31.694 1078.3436612608066 1337.757319555347 1395.6071705663767 134.79295765760082 167.21966494441838 174.45089632079709
 9128 2048 29.818 35.673 44.464 840.8664987405541 1048.0836486978947 1253.883157824133 105.10831234256926 131.01045608723683 156.73539472801662
 10024 2048 29.992 34.132 89.603 458.2246576565517 1202.9269893355208 1368.9751933849025 57.27808220706896 150.3658736669401 171.1218991731128
 10976 2048 30.633 40.785 49.334 911.2923338873798 1102.3095745985045 1467.6230209251462 113.91154173592247 137.78869682481306 183.45287761564327
 12040 2048 34.372 39.181 48.129 1024.6595607637807 1258.6672111482608 1434.7678342837191 128.0824450954726 157.3334013935326 179.3459792854649
 13216 2048 35.017 47.831 51.661 1047.8452991618435 1131.7500365871506 1545.8987349001914 130.98066239523044 141.46875457339382 193.23734186252392
 14504 2048 38.997 54.411 60.494 982.0541541309882 1091.8451048501222 1523.4090827499551 122.75676926637352 136.48063810626527 190.4261353437444
 15904 1024 21.13 28.432 31.849 1022.6817796477126 1145.5891952729319 1541.4761949834358 127.83522245596407 143.19864940911648 192.68452437292947
 17472 1024 24.777 31.49 33.597 1065.0550942048396 1136.3180692283265 1444.1884005327522 133.13188677560495 142.03975865354082 180.52355006659403
 19208 1024 27.014 27.527 43.884 896.4083492844773 1429.069059468885 1456.2072999185607 112.05104366055966 178.63363243361061 182.0259124898201
 21112 1024 27.557 28.535 47.59 908.5391048539609 1515.240091116173 1569.016075770222 113.56738810674511 189.40501138952163 196.12700947127774
 23184 1024 31.264 32.047 42.499 1117.222334643168 1481.5999001466596 1518.7062436028662 139.652791830396 185.19998751833245 189.83828045035827
 25480 1024 34.983 35.079 49.283 1058.8446320232129 1487.5863051968413 1491.6685247120029 132.3555790029016 185.94828814960516 186.45856558900036
 28000 1024 37.657 40.317 50.456 1136.5149833518312 1422.328050202148 1522.79788618318 142.0643729189789 177.7910062752685 190.3497357728975
 30800 512 20.915 21.032 25.198 1251.6548932454957 1499.5815899581592 1507.9703562036818 156.45686165568696 187.4476987447699 188.49629452546023
 33880 512 22.704 23.857 26.091 1329.696830324633 1454.2113425828898 1528.062015503876 166.21210379057914 181.77641782286122 191.0077519379845
 37240 512 24.483 26.955 31.846 1197.4426929598694 1414.7193470599148 1557.5607564432464 149.68033661998368 176.83991838248934 194.6950945554058
 40936 512 27.046 30.739 34.132 1228.1279737489747 1363.689905331989 1549.8951416105895 153.51599671862184 170.46123816649862 193.73689270132368
 45024 512 29.529 32.039 35.733 1290.252035933171 1439.0142014419926 1561.3321141928272 161.2815044916464 179.87677518024907 195.1665142741034
 49504 512 32.343 35.185 52.255 970.0908238446082 1440.7303112121642 1567.3282008471692 121.26135298057602 180.09128890152053 195.91602510589615
 54432 512 35.002 35.224 53.287 1046.0031152063357 1582.3974562798096 1592.433803782641 130.75038940079196 197.7996820349762 199.05422547283013
 59864 512 38.753 46.688 62.751 976.88859141687 1312.9869773817682 1581.8320130054449 122.11107392710875 164.12337217272102 197.7290016256806
 65800 256 21.61 23.25 36.847 914.3105273156566 1449.0150537634408 1558.9819527996299 114.28881591445707 181.1268817204301 194.87274409995374
 72352 256 23.471 23.667 33.064 1120.3793854343091 1565.226855959775 1578.2976439009842 140.04742317928864 195.6533569949719 197.28720548762303
 79576 256 25.782 27.184 43.949 927.049807731689 1498.7828134196584 1580.2851601892792 115.88122596646113 187.3478516774573 197.5356450236599
 87528 256 28.384 29.907 30.658 1461.7501467806119 1498.456414886147 1578.859075535513 182.71876834757649 187.30705186076838 197.35738444193913
 96264 256 31.029 32.812 37.881 1301.105250653362 1502.108009264903 1588.4227013439042 162.63815633167025 187.7635011581129 198.55283766798803
 105840 256 33.58 34.163 42.911 1262.8482207359418 1586.2213505839652 1613.76057176891 157.85602759199273 198.27766882299565 201.72007147111376
 116424 256 37.319 37.482 91.268 653.121444536968 1590.3390427405154 1597.2852434416784 81.640180567121 198.79238034256443 199.6606554302098
 128016 128 20.826 30.023 75.845 432.0930318412552 1091.5663324784332 1573.6145203111496 54.0116289801569 136.44579155980415 196.7018150388937
 140784 128 22.727 28.285 36.946 975.4967790829861 1274.1984797595899 1585.8100057200686 121.93709738537326 159.27480996994873 198.22625071500858
 154840 128 25.006 32.629 105.034 377.3924633928061 1214.8407858040396 1585.1811565224345 47.174057924100765 151.85509822550495 198.14764456530432
 170296 128 27.322 27.45 43.452 1003.3088465433123 1588.1885610200366 1595.6290169094502 125.41360581791403 198.52357012750457 199.45362711368128
 187320 128 30.169 30.678 50.082 957.5080867377501 1563.1371015059651 1589.5097616758924 119.68851084221876 195.39213768824564 198.68872020948655
 206024 128 33.131 33.552 59.808 881.8576779026217 1571.9523128278493 1591.9273188252694 110.23220973782772 196.49403910348116 198.99091485315867
 226576 128 36.406 36.637 69.021 840.3740310919865 1583.1933837377514 1593.238916662089 105.04675388649831 197.89917296721893 199.15486458276112
 249200 64 25.69 29.101 45.217 705.4337970232434 1096.09979038521 1241.6348773841962 88.17922462790543 137.01247379815126 155.20435967302453
 274120 64 32.811 33.268 43.841 800.3321092128372 1054.6879884573764 1069.3779525159243 100.04151365160465 131.83599855717205 133.67224406449054
 301504 64 38.877 44.253 59.292 650.8890238143426 872.0880392289789 992.6823571777658 81.36112797679283 109.01100490362236 124.08529464722072
 331632 64 42.589 42.775 55.299 767.6250203439483 992.3762945645822 996.7103242621333 95.95312754299354 124.04703682057277 124.58879053276667
 364784 64 46.832 47.07 56.974 819.5378944781831 991.9768854896962 997.0181072770755 102.4422368097729 123.99711068621203 124.62726340963444
 401240 64 51.23 51.728 71.625 717.0501919720767 992.8611197030621 1002.5125902791333 89.63127399650959 124.10763996288276 125.31407378489166
 441336 64 56.52 56.657 86.216 655.226500881507 997.0702296274071 999.4870488322717 81.90331261018838 124.63377870342589 124.93588110403397
 485464 32 31.616 31.772 32.076 968.6275096645467 977.8955054765203 982.7206477732794 121.07843870806833 122.23693818456503 122.84008097165993
 533960 32 34.758 34.855 36.699 931.1817760701928 980.4458470807632 983.1820012658956 116.3977220087741 122.5557308850954 122.89775015823695
 587328 32 38.131 38.516 102.026 368.4256169995883 975.9318724685846 985.7856337363302 46.05320212494854 121.99148405857308 123.22320421704127
 646016 32 41.921 42.071 53.142 778.0103119942795 982.7440279527466 986.2604422604422 97.25128899928494 122.84300349409332 123.28255528255528
 710584 32 45.935 46.097 79.664 570.8648322956417 986.5582575872616 990.0375748340045 71.35810403695521 123.3197821984077 123.75469685425057
 781592 32 50.497 50.668 90.864 550.5138228561366 987.2481250493408 990.5912826504544 68.81422785701707 123.4060156311676 123.8239103313068
 859712 32 55.399 55.843 96.841 568.163980132382 985.290331823147 993.187025036553 71.02049751654775 123.16129147789337 124.14837812956912
 945672 32 61.08 61.245 92.705 652.8559193139529 988.2114131765859 990.8809430255402 81.60698991424411 123.52642664707324 123.86011787819253
 1040200 16 34.223 34.599 53.315 624.3346150239145 962.0624873551259 972.6324401718143 78.04182687798931 120.25781091939074 121.57905502147679
 1144192 16 37.712 37.918 79.539 460.329448446674 965.6137981961075 970.8884174798472 57.54118105583425 120.70172477451344 121.3610521849809
 1258600 16 41.59 41.829 105.674 381.1268618581675 962.8535226756555 968.386631401779 47.64085773227094 120.35669033445694 121.04832892522238
 1384432 16 45.517 45.73 71.333 621.0565096098579 968.7693855237262 973.3028099391435 77.63206370123224 121.09617319046578 121.66285124239293
 1522864 16 50.174 59.055 78.637 619.7038035530348 825.1908898484463 971.2529995615259 77.46297544412936 103.14886123105579 121.40662494519074
 1675128 16 55.011 63.677 79.836 671.4276266346009 841.8125225748701 974.4250422642742 83.92845332932511 105.22656532185876 121.80313028303428
 1842624 16 60.407 60.499 124.176 474.84190181677616 974.6271508619976 976.1115102554339 59.35523772709702 121.8283938577497 122.01393878192924
 2026864 8 34.846 34.913 70.028 463.0979608156738 928.8753186492139 930.6613097629571 57.88724510195922 116.10941483115174 116.33266372036964
 2229528 8 38.385 45.853 75.043 475.3601002092134 777.9741347349137 929.3330207112155 59.42001252615167 97.24676684186421 116.16662758890193
 2452464 8 41.981 42.184 57.275 685.1056132693147 930.1968518869716 934.6948381410638 85.63820165866434 116.27460648587144 116.83685476763297
 2697688 8 46.132 46.315 62.989 685.2467573703345 931.9444672352371 935.6413769184081 85.65584467129182 116.49305840440464 116.95517211480102
 2967440 8 50.764 50.954 90.156 526.632059984915 931.8020175059858 935.2895752895752 65.82900749811438 116.47525218824822 116.9111969111969
 3264184 8 55.691 58.001 98.417 530.669945233039 900.4490267409183 937.7986389183171 66.33374315412988 112.55612834261478 117.22482986478964
 3590552 8 61.644 65.898 86.235 666.18927349684 871.7841512640748 931.9452339238208 83.273659187105 108.97301890800935 116.4931542404776
 3949568 4 39.059 40.455 67.071 471.0909931266866 781.0293906810035 808.9440077830973 58.88637414083583 97.62867383512544 101.11800097288716
 4344480 4 41.749 44.312 113.099 307.3045738689113 784.3437443581875 832.4951495844213 38.41307173361391 98.04296804477343 104.06189369805266
 4778928 4 47.33 48.565 106.86 357.771139809096 787.2217440543601 807.7630255651807 44.721392476137 98.40271800679501 100.97037819564758
 5256776 4 52.276 55.735 70.068 600.1913569675173 754.538584372477 804.4649169791109 75.02391962093967 94.31732304655962 100.55811462238886
 5782448 4 58.184 61.24 81.001 571.0989247046332 755.3818419333768 795.0567853705486 71.38736558807915 94.4227302416721 99.38209817131857
 6360648 4 68.854 71.719 272.192 186.94592052668705 709.5077176201565 739.0301798007378 23.36824006583588 88.68846470251957 92.37877247509222
 6996696 4 81.482 99.677 139.806 400.3659928758422 561.5494848360204 686.9439630838713 50.045749109480276 70.19368560450255 85.86799538548391
 7696360 4 97.222 100.723 138.78 443.65816400057645 611.2891792341371 633.301927547263 55.457270500072056 76.41114740426714 79.16274094340787
 8465968 2 82.239 88.233 122.885 275.5736827114782 383.80052814706517 411.7738785734262 34.44671033893478 47.975066018383146 51.471734821678275
 9312520 2 98.565 101.78 138.07 269.79126530021006 365.9862448418156 377.9240095368538 33.72390816252626 45.74828060522695 47.24050119210673
 10243744 2 117.206 119.361 120.356 340.4481371929941 343.28613198615966 349.5979386720817 42.556017149124266 42.91076649826996 43.69974233401021
 11268096 2 136.234 136.853 147.875 304.80056804733726 329.34889260739624 330.8453396362142 38.10007100591716 41.16861157592453 41.355667454526774
 12394872 2 156.295 158.567 187.8 264.00153354632585 312.6721701236701 317.2173645989955 33.00019169329073 39.084021265458766 39.65217057487444
 13634320 2 175.131 178.211 188.798 288.8657718831767 306.02645179029355 311.4084885028921 36.10822148539709 38.253306473786694 38.926061062861514
 14997752 2 198.046 207.961 452.398 132.60670471575912 288.47239626660763 302.9145148096907 16.57583808946989 36.059049533325954 37.864314351211334
 16497488 1 135.012 140.514 161.508 204.2931371820591 234.81628876837897 244.38550647349868 25.536642147757387 29.35203609604737 30.548188309187335
 18147192 1 154.959 157.889 300.791 120.66313154316451 229.87278404448693 234.2192709039165 15.082891442895564 28.734098005560867 29.277408862989564
 19961872 1 178.9 180.115 270.832 147.411472794943 221.65696360658467 223.16234768026828 18.426434099367874 27.707120450823084 27.895293460033535
 21958048 1 204.685 234.938 265.068 165.67860322634195 186.92632098681355 214.55453990277746 20.709825403292744 23.365790123351694 26.819317487847183
 24153808 1 240.096 266.073 297.874 162.17466445544088 181.55775294749938 201.20125283220045 20.27183305693011 22.694719118437423 25.150156604025057
 26569144 1 285.652 324.782 745.539 71.2749943329591 163.6121706252194 186.02456135437524 8.909374291619887 20.451521328152424 23.253070169296905
 29226008 1 335.693 360.135 486.14 120.23700168675691 162.3058464187041 174.1234282514083 15.029625210844614 20.288230802338013 21.76542853142604
 
META_DATA
 FLOPS          2
 OPENMP_THREADS 7
 ERT_VERSION  1.1.0
 HOSTNAME  ('cirrus4.computing.clemson.edu', ['cirrus4'], ['127.0.1.1'])
 UNAME  uname_result(system='Linux', node='cirrus4.computing.clemson.edu', release='5.4.0-81-generic', version='#91-Ubuntu SMP Thu Jul 15 19:09:17 UTC 2021', machine='x86_64', processor='x86_64')
 TIMESTAMP_DATA  1632245405.4293478
 CONFIG  {'ERT_RESULTS': ['Results.cs.clemson.edu'], 'ERT_DRIVER': ['driver1'], 'ERT_KERNEL': ['kernel1'], 'ERT_MPI': ['False'], 'ERT_MPI_CFLAGS': [], 'ERT_MPI_LDFLAGS': [], 'ERT_OPENMP': ['True'], 'ERT_OPENMP_CFLAGS': ['-fopenmp'], 'ERT_OPENMP_LDFLAGS': ['-fopenmp'], 'ERT_FLOPS': ['1,2,4'], 'ERT_ALIGN': ['32'], 'ERT_CC': ['g++'], 'ERT_CFLAGS': ['-O3', '-std=c++11', '-fstrict-aliasing', '-march=native'], 'ERT_LD': ['g++'], 'ERT_LDFLAGS': [], 'ERT_LDLIBS': [], 'ERT_PRECISION': ['FP64'], 'ERT_RUN': ['export', 'OMP_NUM_THREADS=ERT_OPENMP_THREADS;', 'export', 'OMP_PLACES=threads;', 'export', 'OMP_PROC_BIND=spread;', './ERT_CODE'], 'ERT_PROCS_THREADS': ['8'], 'ERT_MPI_PROCS': ['2,4,8'], 'ERT_OPENMP_THREADS': ['1-8'], 'ERT_NUM_EXPERIMENTS': ['5'], 'ERT_MEMORY_MAX': ['31000000'], 'ERT_WORKING_SET_MIN': ['1'], 'ERT_TRIALS_MIN': ['1'], 'ERT_GNUPLOT': ['gnuplot'], 'ERT_GPU': [False], 'ERT_HIP': [False], 'ERT_OCL': [False], 'ERT_SYCL': [False], 'ERT_WSS_MULT': [1.1]}
 TIMESTAMP_DATA  1632245405.5423315
 TIMESTAMP_DATA  1632245405.641927
 TIMESTAMP_DATA  1632245405.7312434
 TIMESTAMP_DATA  1632245405.820493
 