fp64
          56            1           1.415          112           14
          56            2           0.926          224           28
          56            4           1.208          448           56
          56            8           1.130          896          112
          56           16           1.042         1792          224
          56           32           1.202         3584          448
          56           64           1.381         7168          896
          56          128           1.642        14336         1792
          56          256           2.610        28672         3584
          56          512           4.010        57344         7168
          56         1024           7.183       114688        14336
          56         2048          13.913       229376        28672
          56         4096          26.917       458752        57344
          56         8192          53.369       917504       114688
          56        16384         106.430      1835008       229376
          56        32768         211.563      3670016       458752
          56        65536         407.000      7340032       917504
          56       131072         838.889     14680064      1835008
          56       262144        1692.655     29360128      3670016
          56       524288        3138.516     58720256      7340032
         112            1           0.724          224           28
         112            2           0.428          448           56
         112            4           0.837          896          112
         112            8           0.806         1792          224
         112           16           0.728         3584          448
         112           32           0.979         7168          896
         112           64           1.160        14336         1792
         112          128           1.383        28672         3584
         112          256           1.739        57344         7168
         112          512           3.024       114688        14336
         112         1024           5.438       229376        28672
         112         2048           9.857       458752        57344
         112         4096          19.319       917504       114688
         112         8192          38.210      1835008       229376
         112        16384          75.589      3670016       458752
         112        32768         150.440      7340032       917504
         112        65536         301.341     14680064      1835008
         112       131072         600.867     29360128      3670016
         112       262144        1200.238     58720256      7340032
         168            1           0.696          336           42
         168            2           0.616          672           84
         168            4           0.873         1344          168
         168            8           0.706         2688          336
         168           16           0.990         5376          672
         168           32           0.799        10752         1344
         168           64           0.923        21504         2688
         168          128           1.184        43008         5376
         168          256           1.936        86016        10752
         168          512           3.039       172032        21504
         168         1024           5.223       344064        43008
         168         2048           9.998       688128        86016
         168         4096          19.034      1376256       172032
         168         8192          37.737      2752512       344064
         168        16384          75.053      5505024       688128
         168        32768         149.115     11010048      1376256
         168        65536         358.009     22020096      2752512
         168       131072         598.500     44040192      5505024
         224            1           0.696          448           56
         224            2           0.743          896          112
         224            4           0.749         1792          224
         224            8           0.872         3584          448
         224           16           0.870         7168          896
         224           32           0.976        14336         1792
         224           64           1.112        28672         3584
         224          128           1.441        57344         7168
         224          256           1.999       114688        14336
         224          512           3.084       229376        28672
         224         1024           5.581       458752        57344
         224         2048          10.368       917504       114688
         224         4096          20.085      1835008       229376
         224         8192          39.365      3670016       458752
         224        16384          78.865      7340032       917504
         224        32768         157.005     14680064      1835008
         224        65536         310.643     29360128      3670016
         224       131072         627.319     58720256      7340032
         280            1           0.976          560           70
         280            2           0.648         1120          140
         280            4           0.892         2240          280
         280            8           1.111         4480          560
         280           16           0.872         8960         1120
         280           32           0.903        17920         2240
         280           64           1.075        35840         4480
         280          128           1.191        71680         8960
         280          256           2.049       143360        17920
         280          512           3.043       286720        35840
         280         1024           5.425       573440        71680
         280         2048          10.875      1146880       143360
         280         4096          20.388      2293760       286720
         280         8192          39.908      4587520       573440
         280        16384          79.098      9175040      1146880
         280        32768         157.446     18350080      2293760
         280        65536         314.595     36700160      4587520
         336            1           0.888          672           84
         336            2           0.912         1344          168
         336            4           0.877         2688          336
         336            8           0.769         5376          672
         336           16           0.718        10752         1344
         336           32           0.820        21504         2688
         336           64           1.211        43008         5376
         336          128           1.362        86016        10752
         336          256           2.014       172032        21504
         336          512           2.994       344064        43008
         336         1024           5.640       688128        86016
         336         2048          10.468      1376256       172032
         336         4096          20.452      2752512       344064
         336         8192          50.927      5505024       688128
         336        16384          53.158     11010048      1376256
         336        32768         105.585     22020096      2752512
         336        65536         210.821     44040192      5505024
         392            1           0.627          784           98
         392            2           0.712         1568          196
         392            4           0.601         3136          392
         392            8           0.730         6272          784
         392           16           0.811        12544         1568
         392           32           0.772        25088         3136
         392           64           0.945        50176         6272
         392          128           1.108       100352        12544
         392          256           1.414       200704        25088
         392          512           2.207       401408        50176
         392         1024           3.957       802816       100352
         392         2048           7.187      1605632       200704
         392         4096          13.605      3211264       401408
         392         8192          26.945      6422528       802816
         392        16384          53.141     12845056      1605632
         392        32768         105.589     25690112      3211264
         392        65536         210.808     51380224      6422528
         448            1           0.736          896          112
         448            2           0.663         1792          224
         448            4           0.902         3584          448
         448            8           0.967         7168          896
         448           16           0.862        14336         1792
         448           32           0.888        28672         3584
         448           64           0.744        57344         7168
         448          128           1.177       114688        14336
         448          256           1.417       229376        28672
         448          512           2.247       458752        57344
         448         1024           3.965       917504       114688
         448         2048           7.643      1835008       229376
         448         4096          14.347      3670016       458752
         448         8192          27.865      7340032       917504
         448        16384          55.558     14680064      1835008
         448        32768         120.292     29360128      3670016
         448        65536         220.953     58720256      7340032
         504            1           0.681         1008          126
         504            2           0.508         2016          252
         504            4           0.735         4032          504
         504            8           0.778         8064         1008
         504           16           0.732        16128         2016
         504           32           0.651        32256         4032
         504           64           0.874        64512         8064
         504          128           1.097       129024        16128
         504          256           1.477       258048        32256
         504          512           2.354       516096        64512
         504         1024           4.034      1032192       129024
         504         2048           7.455      2064384       258048
         504         4096          14.344      4128768       516096
         504         8192          28.262      8257536      1032192
         504        16384          56.205     16515072      2064384
         504        32768         111.713     33030144      4128768
         560            1           1.605         1120          140
         560            2           0.583         2240          280
         560            4           0.848         4480          560
         560            8           0.823         8960         1120
         560           16           0.760        17920         2240
         560           32           0.738        35840         4480
         560           64           1.032        71680         8960
         560          128           1.013       143360        17920
         560          256           1.576       286720        35840
         560          512           2.496       573440        71680
         560         1024           6.107      1146880       143360
         560         2048          15.624      2293760       286720
         560         4096          16.288      4587520       573440
         560         8192          29.887      9175040      1146880
         560        16384          58.347     18350080      2293760
         560        32768         112.068     36700160      4587520
         616            1           0.683         1232          154
         616            2           0.655         2464          308
         616            4           0.845         4928          616
         616            8           0.946         9856         1232
         616           16           0.793        19712         2464
         616           32           0.830        39424         4928
         616           64           0.875        78848         9856
         616          128           1.208       157696        19712
         616          256           1.437       315392        39424
         616          512           2.242       630784        78848
         616         1024           3.915      1261568       157696
         616         2048           7.553      2523136       315392
         616         4096          14.290      5046272       630784
         616         8192          28.541     10092544      1261568
         616        16384          56.052     20185088      2523136
         616        32768         111.640     40370176      5046272
         672            1           0.573         1344          168
         672            2           0.527         2688          336
         672            4           0.658         5376          672
         672            8           0.648        10752         1344
         672           16           0.647        21504         2688
         672           32           0.813        43008         5376
         672           64           1.128        86016        10752
         672          128           1.152       172032        21504
         672          256           1.448       344064        43008
         672          512           2.395       688128        86016
         672         1024           4.076      1376256       172032
         672         2048           7.421      2752512       344064
         672         4096          14.294      5505024       688128
         672         8192          28.456     11010048      1376256
         672        16384          56.824     22020096      2752512
         672        32768         112.001     44040192      5505024
         728            1           0.751         1456          182
         728            2           0.859         2912          364
         728            4           0.614         5824          728
         728            8           0.837        11648         1456
         728           16           0.798        23296         2912
         728           32           0.797        46592         5824
         728           64           1.054        93184        11648
         728          128           0.966       186368        23296
         728          256           1.534       372736        46592
         728          512           2.158       745472        93184
         728         1024           4.000      1490944       186368
         728         2048           7.447      2981888       372736
         728         4096          14.459      5963776       745472
         728         8192          28.424     11927552      1490944
         728        16384          56.391     23855104      2981888
         728        32768         112.142     47710208      5963776
         784            1           0.894         1568          196
         784            2           0.715         3136          392
         784            4           0.662         6272          784
         784            8           0.838        12544         1568
         784           16           0.659        25088         3136
         784           32           0.799        50176         6272
         784           64           0.928       100352        12544
         784          128           1.002       200704        25088
         784          256           1.564       401408        50176
         784          512           2.300       802816       100352
         784         1024           4.320      1605632       200704
         784         2048           8.587      3211264       401408
         784         4096          14.432      6422528       802816
         784         8192          28.233     12845056      1605632
         784        16384          66.463     25690112      3211264
         784        32768         112.037     51380224      6422528
         840            1           0.851         1680          210
         840            2           0.626         3360          420
         840            4           0.722         6720          840
         840            8           0.947        13440         1680
         840           16           0.699        26880         3360
         840           32           0.795        53760         6720
         840           64           0.863       107520        13440
         840          128           1.135       215040        26880
         840          256           1.630       430080        53760
         840          512           2.273       860160       107520
         840         1024           4.009      1720320       215040
         840         2048           7.536      3440640       430080
         840         4096          14.546      6881280       860160
         840         8192          28.597     13762560      1720320
         840        16384          56.703     27525120      3440640
         840        32768         112.580     55050240      6881280
         896            1           1.428         1792          224
         896            2           0.520         3584          448
         896            4           0.701         7168          896
         896            8           0.697        14336         1792
         896           16           0.823        28672         3584
         896           32           0.893        57344         7168
         896           64           0.916       114688        14336
         896          128           0.969       229376        28672
         896          256           1.412       458752        57344
         896          512           2.320       917504       114688
         896         1024           4.157      1835008       229376
         896         2048           7.714      3670016       458752
         896         4096          14.626      7340032       917504
         896         8192          28.307     14680064      1835008
         896        16384          56.169     29360128      3670016
         896        32768         112.268     58720256      7340032
         952            1           0.605         1904          238
         952            2           0.853         3808          476
         952            4           0.715         7616          952
         952            8           0.836        15232         1904
         952           16           0.719        30464         3808
         952           32           0.605        60928         7616
         952           64           0.920       121856        15232
         952          128           1.105       243712        30464
         952          256           1.500       487424        60928
         952          512           2.293       974848       121856
         952         1024           4.160      1949696       243712
         952         2048           7.663      3899392       487424
         952         4096          31.614      7798784       974848
         952         8192          29.751     15597568      1949696
         952        16384          56.737     31195136      3899392
        1008            1           0.683         2016          252
        1008            2           0.713         4032          504
        1008            4           0.846         8064         1008
        1008            8           0.837        16128         2016
        1008           16           0.902        32256         4032
        1008           32           0.875        64512         8064
        1008           64           1.051       129024        16128
        1008          128           1.199       258048        32256
        1008          256           1.539       516096        64512
        1008          512           2.237      1032192       129024
        1008         1024           4.071      2064384       258048
        1008         2048           7.723      4128768       516096
        1008         4096          14.505      8257536      1032192
        1008         8192          28.576     16515072      2064384
        1008        16384          56.582     33030144      4128768
        1064            1           0.650         2128          266
        1064            2           0.581         4256          532
        1064            4           0.838         8512         1064
        1064            8           0.722        17024         2128
        1064           16           0.897        34048         4256
        1064           32           0.973        68096         8512
        1064           64           0.881       136192        17024
        1064          128           1.202       272384        34048
        1064          256           1.624       544768        68096
        1064          512           2.442      1089536       136192
        1064         1024           4.862      2179072       272384
        1064         2048          10.204      4358144       544768
        1064         4096          17.686      8716288      1089536
        1064         8192          30.011     17432576      2179072
        1064        16384          59.445     34865152      4358144
        1120            1           0.648         2240          280
        1120            2           0.627         4480          560
        1120            4           0.863         8960         1120
        1120            8           0.838        17920         2240
        1120           16           0.902        35840         4480
        1120           32           0.871        71680         8960
        1120           64           0.916       143360        17920
        1120          128           1.177       286720        35840
        1120          256           1.661       573440        71680
        1120          512           2.302      1146880       143360
        1120         1024           4.223      2293760       286720
        1120         2048           7.503      4587520       573440
        1120         4096          14.629      9175040      1146880
        1120         8192          28.779     18350080      2293760
        1120        16384          56.984     36700160      4587520
        1232            1           0.279         2464          308
        1232            2           0.757         4928          616
        1232            4           0.703         9856         1232
        1232            8           0.794        19712         2464
        1232           16           0.716        39424         4928
        1232           32           0.579        78848         9856
        1232           64           0.736       157696        19712
        1232          128           0.915       315392        39424
        1232          256           1.344       630784        78848
        1232          512           1.895      1261568       157696
        1232         1024           3.206      2523136       315392
        1232         2048           5.552      5046272       630784
        1232         4096          10.450     10092544      1261568
        1232         8192          20.221     20185088      2523136
        1232        16384          40.045     40370176      5046272
        1344            1           0.846         2688          336
        1344            2           0.805         5376          672
        1344            4           0.828        10752         1344
        1344            8           0.585        21504         2688
        1344           16           0.925        43008         5376
        1344           32           0.985        86016        10752
        1344           64           0.898       172032        21504
        1344          128           1.023       344064        43008
        1344          256           1.385       688128        86016
        1344          512           1.855      1376256       172032
        1344         1024           3.064      2752512       344064
        1344         2048           5.943      5505024       688128
        1344         4096          11.550     11010048      1376256
        1344         8192          22.987     22020096      2752512
        1344        16384          45.673     44040192      5505024
        1456            1           0.866         2912          364
        1456            2           0.789         5824          728
        1456            4           0.542        11648         1456
        1456            8           0.568        23296         2912
        1456           16           0.817        46592         5824
        1456           32           0.724        93184        11648
        1456           64           0.753       186368        23296
        1456          128           1.000       372736        46592
        1456          256           1.406       745472        93184
        1456          512           1.989      1490944       186368
        1456         1024           3.724      2981888       372736
        1456         2048           7.240      5963776       745472
        1456         4096          14.269     11927552      1490944
        1456         8192          28.251     23855104      2981888
        1456        16384          56.239     47710208      5963776
        1568            1           0.762         3136          392
        1568            2           0.705         6272          784
        1568            4           0.956        12544         1568
        1568            8           0.885        25088         3136
        1568           16           0.930        50176         6272
        1568           32           0.897       100352        12544
        1568           64           1.077       200704        25088
        1568          128           0.979       401408        50176
        1568          256           1.146       802816       100352
        1568          512           2.049      1605632       200704
        1568         1024           3.637      3211264       401408
        1568         2048           7.074      6422528       802816
        1568         4096          13.889     12845056      1605632
        1568         8192          27.632     25690112      3211264
        1568        16384          54.715     51380224      6422528
        1680            1           0.618         3360          420
        1680            2           0.577         6720          840
        1680            4           0.695        13440         1680
        1680            8           0.621        26880         3360
        1680           16           0.671        53760         6720
        1680           32           0.791       107520        13440
        1680           64           0.779       215040        26880
        1680          128           0.917       430080        53760
        1680          256           1.226       860160       107520
        1680          512           2.038      1720320       215040
        1680         1024           3.604      3440640       430080
        1680         2048           7.161      6881280       860160
        1680         4096          13.644     13762560      1720320
        1680         8192          27.078     27525120      3440640
        1680        16384          54.039     55050240      6881280
        1848            1           1.329         3696          462
        1848            2           0.903         7392          924
        1848            4           0.644        14784         1848
        1848            8           0.881        29568         3696
        1848           16           0.625        59136         7392
        1848           32           0.739       118272        14784
        1848           64           0.821       236544        29568
        1848          128           1.214       473088        59136
        1848          256           2.217       946176       118272
        1848          512           3.937      1892352       236544
        1848         1024           7.773      3784704       473088
        1848         2048          15.064      7569408       946176
        1848         4096          29.746     15138816      1892352
        1848         8192          58.971     30277632      3784704
        1848        16384         117.598     60555264      7569408
        2016            1           1.216         4032          504
        2016            2           1.700         8064         1008
        2016            4           0.812        16128         2016
        2016            8           0.852        32256         4032
        2016           16           0.607        64512         8064
        2016           32           0.886       129024        16128
        2016           64           1.001       258048        32256
        2016          128           1.550       516096        64512
        2016          256           2.670      1032192       129024
        2016          512           5.334      2064384       258048
        2016         1024          24.618      4128768       516096
        2016         2048          17.853      8257536      1032192
        2016         4096          32.401     16515072      2064384
        2016         8192          64.811     33030144      4128768
        2184            1           0.840         4368          546
        2184            2           0.303         8736         1092
        2184            4           0.756        17472         2184
        2184            8           0.836        34944         4368
        2184           16           0.734        69888         8736
        2184           32           0.723       139776        17472
        2184           64           0.890       279552        34944
        2184          128           1.422       559104        69888
        2184          256           2.394      1118208       139776
        2184          512           4.351      2236416       279552
        2184         1024           8.221      4472832       559104
        2184         2048          22.464      8945664      1118208
        2184         4096          32.337     17891328      2236416
        2184         8192          63.919     35782656      4472832
        2352            1           0.697         4704          588
        2352            2           0.658         9408         1176
        2352            4           0.794        18816         2352
        2352            8           0.523        37632         4704
        2352           16           0.873        75264         9408
        2352           32           0.798       150528        18816
        2352           64           0.872       301056        37632
        2352          128           1.554       602112        75264
        2352          256           2.348      1204224       150528
        2352          512           4.273      2408448       301056
        2352         1024           8.407      4816896       602112
        2352         2048          16.497      9633792      1204224
        2352         4096          31.843     19267584      2408448
        2352         8192          64.038     38535168      4816896
        2576            1           0.580         5152          644
        2576            2           0.332        10304         1288
        2576            4           0.732        20608         2576
        2576            8           0.716        41216         5152
        2576           16           0.769        82432        10304
        2576           32           0.715       164864        20608
        2576           64           0.963       329728        41216
        2576          128           1.333       659456        82432
        2576          256           2.274      1318912       164864
        2576          512           4.098      2637824       329728
        2576         1024           7.816      5275648       659456
        2576         2048          15.032     10551296      1318912
        2576         4096          29.923     21102592      2637824
        2576         8192          59.075     42205184      5275648
        2800            1           0.868         5600          700
        2800            2           0.656        11200         1400
        2800            4           0.706        22400         2800
        2800            8           0.692        44800         5600
        2800           16           0.702        89600        11200
        2800           32           0.671       179200        22400
        2800           64           0.939       358400        44800
        2800          128           1.426       716800        89600
        2800          256           2.296      1433600       179200
        2800          512           4.115      2867200       358400
        2800         1024           7.760      5734400       716800
        2800         2048          14.908     11468800      1433600
        2800         4096          29.857     22937600      2867200
        2800         8192          58.917     45875200      5734400
        3080            1           1.207         6160          770
        3080            2           0.529        12320         1540
        3080            4           0.614        24640         3080
        3080            8           0.653        49280         6160
        3080           16           0.682        98560        12320
        3080           32           0.775       197120        24640
        3080           64           0.809       394240        49280
        3080          128           1.652       788480        98560
        3080          256           2.212      1576960       197120
        3080          512           4.744      3153920       394240
        3080         1024           8.175      6307840       788480
        3080         2048          15.111     12615680      1576960
        3080         4096          29.917     25231360      3153920
        3080         8192          63.907     50462720      6307840
        3360            1           0.887         6720          840
        3360            2           0.327        13440         1680
        3360            4           0.717        26880         3360
        3360            8           0.851        53760         6720
        3360           16           0.786       107520        13440
        3360           32           0.802       215040        26880
        3360           64           0.918       430080        53760
        3360          128           1.272       860160       107520
        3360          256           1.980      1720320       215040
        3360          512           4.064      3440640       430080
        3360         1024           7.811      6881280       860160
        3360         2048          15.055     13762560      1720320
        3360         4096          29.888     27525120      3440640
        3360         8192          62.115     55050240      6881280
        3696            1           1.357         7392          924
        3696            2           0.807        14784         1848
        3696            4           0.827        29568         3696
        3696            8           0.687        59136         7392
        3696           16           0.815       118272        14784
        3696           32           0.823       236544        29568
        3696           64           1.075       473088        59136
        3696          128           1.553       946176       118272
        3696          256           2.993      1892352       236544
        3696          512           5.141      3784704       473088
        3696         1024           9.786      7569408       946176
        3696         2048          17.252     15138816      1892352
        3696         4096          33.957     30277632      3784704
        3696         8192          70.969     60555264      7569408
        4032            1           0.931         8064         1008
        4032            2           0.470        16128         2016
        4032            4           0.811        32256         4032
        4032            8           0.776        64512         8064
        4032           16           0.824       129024        16128
        4032           32           0.768       258048        32256
        4032           64           0.953       516096        64512
        4032          128           1.216      1032192       129024
        4032          256           2.240      2064384       258048
        4032          512           4.282      4128768       516096
        4032         1024           7.899      8257536      1032192
        4032         2048          15.482     16515072      2064384
        4032         4096          31.218     33030144      4128768
        4424            1           1.015         8848         1106
        4424            2           0.646        17696         2212
        4424            4           0.753        35392         4424
        4424            8           0.767        70784         8848
        4424           16           0.776       141568        17696
        4424           32           0.846       283136        35392
        4424           64           0.989       566272        70784
        4424          128           1.427      1132544       141568
        4424          256           2.410      2265088       283136
        4424          512           4.697      4530176       566272
        4424         1024           8.959      9060352      1132544
        4424         2048          17.417     18120704      2265088
        4424         4096          34.323     36241408      4530176
        4816            1           0.669         9632         1204
        4816            2           0.514        19264         2408
        4816            4           0.715        38528         4816
        4816            8           0.760        77056         9632
        4816           16           0.886       154112        19264
        4816           32           1.009       308224        38528
        4816           64           0.982       616448        77056
        4816          128           1.547      1232896       154112
        4816          256           2.846      2465792       308224
        4816          512           5.267      4931584       616448
        4816         1024          10.018      9863168      1232896
        4816         2048          18.708     19726336      2465792
        4816         4096          37.035     39452672      4931584
        5264            1           1.274        10528         1316
        5264            2           0.853        21056         2632
        5264            4           0.541        42112         5264
        5264            8           0.629        84224        10528
        5264           16           0.695       168448        21056
        5264           32           0.773       336896        42112
        5264           64           1.026       673792        84224
        5264          128           1.509      1347584       168448
        5264          256           2.768      2695168       336896
        5264          512           5.168      5390336       673792
        5264         1024           9.870     10780672      1347584
        5264         2048          19.383     21561344      2695168
        5264         4096          38.219     43122688      5390336
        5768            1           0.628        11536         1442
        5768            2           0.491        23072         2884
        5768            4           0.605        46144         5768
        5768            8           0.725        92288        11536
        5768           16           0.791       184576        23072
        5768           32           0.747       369152        46144
        5768           64           1.123       738304        92288
        5768          128           1.533      1476608       184576
        5768          256           2.799      2953216       369152
        5768          512           5.402      5906432       738304
        5768         1024          10.353     11812864      1476608
        5768         2048          20.678     23625728      2953216
        5768         4096          40.855     47251456      5906432
        6328            1           0.630        12656         1582
        6328            2           0.891        25312         3164
        6328            4           0.629        50624         6328
        6328            8           0.832       101248        12656
        6328           16           0.696       202496        25312
        6328           32           0.929       404992        50624
        6328           64           1.115       809984       101248
        6328          128           1.615      1619968       202496
        6328          256           3.007      3239936       404992
        6328          512           5.690      6479872       809984
        6328         1024          10.871     12959744      1619968
        6328         2048          21.236     25919488      3239936
        6328         4096          41.879     51838976      6479872
        6944            1           0.586        13888         1736
        6944            2           0.657        27776         3472
        6944            4           0.817        55552         6944
        6944            8           0.709       111104        13888
        6944           16           0.823       222208        27776
        6944           32           0.746       444416        55552
        6944           64           1.213       888832       111104
        6944          128           1.642      1777664       222208
        6944          256           2.987      3555328       444416
        6944          512           5.581      7110656       888832
        6944         1024          10.900     14221312      1777664
        6944         2048          21.194     28442624      3555328
        6944         4096          41.905     56885248      7110656
        7616            1           0.321        15232         1904
        7616            2           0.744        30464         3808
        7616            4           0.583        60928         7616
        7616            8           0.643       121856        15232
        7616           16           0.779       243712        30464
        7616           32           0.919       487424        60928
        7616           64           1.403       974848       121856
        7616          128           2.206      1949696       243712
        7616          256           3.995      3899392       487424
        7616          512           6.939      7798784       974848
        7616         1024          12.984     15597568      1949696
        7616         2048          25.615     31195136      3899392
        8344            1           1.193        16688         2086
        8344            2           0.659        33376         4172
        8344            4           0.957        66752         8344
        8344            8           0.781       133504        16688
        8344           16           0.942       267008        33376
        8344           32           1.003       534016        66752
        8344           64           1.232      1068032       133504
        8344          128           1.813      2136064       267008
        8344          256           3.400      4272128       534016
        8344          512           6.397      8544256      1068032
        8344         1024          12.574     17088512      2136064
        8344         2048          24.645     34177024      4272128
        9128            1           0.315        18256         2282
        9128            2           0.973        36512         4564
        9128            4           0.884        73024         9128
        9128            8           0.710       146048        18256
        9128           16           0.858       292096        36512
        9128           32           1.025       584192        73024
        9128           64           1.413      1168384       146048
        9128          128           2.190      2336768       292096
        9128          256           4.050      4673536       584192
        9128          512           7.727      9347072      1168384
        9128         1024          15.301     18694144      2336768
        9128         2048          29.818     37388288      4673536
       10024            1           0.368        20048         2506
       10024            2           0.865        40096         5012
       10024            4           0.626        80192        10024
       10024            8           0.876       160384        20048
       10024           16           0.963       320768        40096
       10024           32           0.963       641536        80192
       10024           64           1.576      1283072       160384
       10024          128           2.347      2566144       320768
       10024          256           4.345      5132288       641536
       10024          512           8.399     10264576      1283072
       10024         1024          16.407     20529152      2566144
       10024         2048          32.111     41058304      5132288
       10976            1           1.115        21952         2744
       10976            2           0.716        43904         5488
       10976            4           0.902        87808        10976
       10976            8           0.842       175616        21952
       10976           16           1.097       351232        43904
       10976           32           1.129       702464        87808
       10976           64           1.520      1404928       175616
       10976          128           2.432      2809856       351232
       10976          256           4.078      5619712       702464
       10976          512           8.211     11239424      1404928
       10976         1024          15.515     22478848      2809856
       10976         2048          30.680     44957696      5619712
       12040            1           0.335        24080         3010
       12040            2           0.700        48160         6020
       12040            4           0.861        96320        12040
       12040            8           0.790       192640        24080
       12040           16           0.819       385280        48160
       12040           32           0.958       770560        96320
       12040           64           1.594      1541120       192640
       12040          128           2.569      3082240       385280
       12040          256           4.725      6164480       770560
       12040          512           9.139     12328960      1541120
       12040         1024          17.568     24657920      3082240
       12040         2048          34.871     49315840      6164480
       13216            1           0.395        26432         3304
       13216            2           0.706        52864         6608
       13216            4           0.725       105728        13216
       13216            8           0.797       211456        26432
       13216           16           0.743       422912        52864
       13216           32           1.357       845824       105728
       13216           64           1.570      1691648       211456
       13216          128           2.919      3383296       422912
       13216          256           5.073      6766592       845824
       13216          512          10.038     13533184      1691648
       13216         1024          20.540     27066368      3383296
       13216         2048          35.068     54132736      6766592
       14504            1           0.392        29008         3626
       14504            2           0.850        58016         7252
       14504            4           0.711       116032        14504
       14504            8           0.722       232064        29008
       14504           16           0.888       464128        58016
       14504           32           1.383       928256       116032
       14504           64           1.949      1856512       232064
       14504          128           2.842      3713024       464128
       14504          256           5.377      7426048       928256
       14504          512          10.107     14852096      1856512
       14504         1024          19.723     29704192      3713024
       14504         2048          38.997     59408384      7426048
       15904            1           1.358        31808         3976
       15904            2           0.534        63616         7952
       15904            4           0.695       127232        15904
       15904            8           0.815       254464        31808
       15904           16           0.919       508928        63616
       15904           32           1.254      1017856       127232
       15904           64           1.833      2035712       254464
       15904          128           3.068      4071424       508928
       15904          256           5.729      8142848      1017856
       15904          512          10.767     16285696      2035712
       15904         1024          21.130     32571392      4071424
       17472            1           0.868        34944         4368
       17472            2           0.614        69888         8736
       17472            4           0.769       139776        17472
       17472            8           0.968       279552        34944
       17472           16           0.875       559104        69888
       17472           32           1.269      1118208       139776
       17472           64           2.346      2236416       279552
       17472          128           4.360      4472832       559104
       17472          256           8.209      8945664      1118208
       17472          512          15.589     17891328      2236416
       17472         1024          31.490     35782656      4472832
       19208            1           1.024        38416         4802
       19208            2           0.587        76832         9604
       19208            4           0.863       153664        19208
       19208            8           0.721       307328        38416
       19208           16           1.032       614656        76832
       19208           32           1.477      1229312       153664
       19208           64           2.240      2458624       307328
       19208          128           3.885      4917248       614656
       19208          256           7.304      9834496      1229312
       19208          512          13.917     19668992      2458624
       19208         1024          27.527     39337984      4917248
       21112            1           0.982        42224         5278
       21112            2           0.736        84448        10556
       21112            4           0.781       168896        21112
       21112            8           0.888       337792        42224
       21112           16           1.264       675584        84448
       21112           32           1.507      1351168       168896
       21112           64           2.277      2702336       337792
       21112          128           3.851      5404672       675584
       21112          256           7.235     10809344      1351168
       21112          512          14.281     21618688      2702336
       21112         1024          27.557     43237376      5404672
       23184            1           1.013        46368         5796
       23184            2           0.714        92736        11592
       23184            4           0.849       185472        23184
       23184            8           0.984       370944        46368
       23184           16           1.096       741888        92736
       23184           32           1.463      1483776       185472
       23184           64           2.505      2967552       370944
       23184          128           4.426      5935104       741888
       23184          256           8.482     11870208      1483776
       23184          512          16.474     23740416      2967552
       23184         1024          32.047     47480832      5935104
       25480            1           0.924        50960         6370
       25480            2           0.698       101920        12740
       25480            4           0.671       203840        25480
       25480            8           1.209       407680        50960
       25480           16           1.243       815360       101920
       25480           32           1.682      1630720       203840
       25480           64           2.612      3261440       407680
       25480          128           4.739      6522880       815360
       25480          256           9.091     13045760      1630720
       25480          512          17.729     26091520      3261440
       25480         1024          35.041     52183040      6522880
       28000            1           0.518        56000         7000
       28000            2           0.964       112000        14000
       28000            4           0.961       224000        28000
       28000            8           0.917       448000        56000
       28000           16           1.130       896000       112000
       28000           32           1.673      1792000       224000
       28000           64           3.033      3584000       448000
       28000          128           5.221      7168000       896000
       28000          256           9.596     14336000      1792000
       28000          512          19.002     28672000      3584000
       28000         1024          37.657     57344000      7168000
       30800            1           0.443        61600         7700
       30800            2           0.645       123200        15400
       30800            4           0.967       246400        30800
       30800            8           0.929       492800        61600
       30800           16           1.318       985600       123200
       30800           32           1.872      1971200       246400
       30800           64           3.155      3942400       492800
       30800          128           5.611      7884800       985600
       30800          256          10.963     15769600      1971200
       30800          512          21.287     31539200      3942400
       33880            1           0.504        67760         8470
       33880            2           0.670       135520        16940
       33880            4           0.850       271040        33880
       33880            8           0.847       542080        67760
       33880           16           1.380      1084160       135520
       33880           32           2.005      2168320       271040
       33880           64           3.546      4336640       542080
       33880          128           6.066      8673280      1084160
       33880          256          11.678     17346560      2168320
       33880          512          22.769     34693120      4336640
       37240            1           0.477        74480         9310
       37240            2           0.720       148960        18620
       37240            4           0.807       297920        37240
       37240            8           1.071       595840        74480
       37240           16           1.474      1191680       148960
       37240           32           2.313      2383360       297920
       37240           64           3.575      4766720       595840
       37240          128           6.626      9533440      1191680
       37240          256          12.573     19066880      2383360
       37240          512          24.581     38133760      4766720
       40936            1           0.553        81872        10234
       40936            2           0.790       163744        20468
       40936            4           0.807       327488        40936
       40936            8           1.065       654976        81872
       40936           16           1.448      1309952       163744
       40936           32           2.335      2619904       327488
       40936           64           3.834      5239808       654976
       40936          128           7.216     10479616      1309952
       40936          256          17.622     20959232      2619904
       40936          512          27.046     41918464      5239808
       45024            1           1.288        90048        11256
       45024            2           0.575       180096        22512
       45024            4           0.855       360192        45024
       45024            8           1.159       720384        90048
       45024           16           1.593      1440768       180096
       45024           32           2.410      2881536       360192
       45024           64           4.292      5763072       720384
       45024          128           7.841     11526144      1440768
       45024          256          14.986     23052288      2881536
       45024          512          29.529     46104576      5763072
       49504            1           0.820        99008        12376
       49504            2           0.721       198016        24752
       49504            4           0.927       396032        49504
       49504            8           1.025       792064        99008
       49504           16           1.704      1584128       198016
       49504           32           2.494      3168256       396032
       49504           64           4.438      6336512       792064
       49504          128           8.600     12673024      1584128
       49504          256          16.601     25346048      3168256
       49504          512          32.343     50692096      6336512
       54432            1           1.102       108864        13608
       54432            2           0.819       217728        27216
       54432            4           1.071       435456        54432
       54432            8           1.294       870912       108864
       54432           16           2.006      1741824       217728
       54432           32           2.874      3483648       435456
       54432           64           5.043      6967296       870912
       54432          128           9.301     13934592      1741824
       54432          256          18.013     27869184      3483648
       54432          512          35.277     55738368      6967296
       59864            1           1.382       119728        14966
       59864            2           0.670       239456        29932
       59864            4           0.980       478912        59864
       59864            8           1.332       957824       119728
       59864           16           1.945      1915648       239456
       59864           32           2.965      3831296       478912
       59864           64           5.425      7662592       957824
       59864          128          10.165     15325184      1915648
       59864          256          19.786     30650368      3831296
       59864          512          38.753     61300736      7662592
       65800            1           1.011       131600        16450
       65800            2           0.835       263200        32900
       65800            4           1.099       526400        65800
       65800            8           1.467      1052800       131600
       65800           16           2.127      2105600       263200
       65800           32           3.248      4211200       526400
       65800           64           5.984      8422400      1052800
       65800          128          11.253     16844800      2105600
       65800          256          36.847     33689600      4211200
       72352            1           1.013       144704        18088
       72352            2           0.880       289408        36176
       72352            4           1.086       578816        72352
       72352            8           1.402      1157632       144704
       72352           16           2.127      2315264       289408
       72352           32           3.507      4630528       578816
       72352           64           6.289      9261056      1157632
       72352          128          11.991     18522112      2315264
       72352          256          23.667     37044224      4630528
       79576            1           1.155       159152        19894
       79576            2           0.958       318304        39788
       79576            4           1.131       636608        79576
       79576            8           1.482      1273216       159152
       79576           16           2.308      2546432       318304
       79576           32           3.850      5092864       636608
       79576           64           6.950     10185728      1273216
       79576          128          13.184     20371456      2546432
       79576          256          25.900     40742912      5092864
       87528            1           0.886       175056        21882
       87528            2           1.041       350112        43764
       87528            4           1.180       700224        87528
       87528            8           1.498      1400448       175056
       87528           16           2.518      2800896       350112
       87528           32           4.226      5601792       700224
       87528           64           7.540     11203584      1400448
       87528          128          14.438     22407168      2800896
       87528          256          28.384     44814336      5601792
       96264            1           1.417       192528        24066
       96264            2           1.035       385056        48132
       96264            4           1.132       770112        96264
       96264            8           1.669      1540224       192528
       96264           16           2.599      3080448       385056
       96264           32           4.541      6160896       770112
       96264           64           8.201     12321792      1540224
       96264          128          15.918     24643584      3080448
       96264          256          31.029     49287168      6160896
      105840            1           1.068       211680        26460
      105840            2           1.107       423360        52920
      105840            4           1.401       846720       105840
      105840            8           1.817      1693440       211680
      105840           16           2.800      3386880       423360
      105840           32           4.918      6773760       846720
      105840           64           9.125     13547520      1693440
      105840          128          17.271     27095040      3386880
      105840          256          33.580     54190080      6773760
      116424            1           1.599       232848        29106
      116424            2           0.949       465696        58212
      116424            4           1.359       931392       116424
      116424            8           1.890      1862784       232848
      116424           16           3.070      3725568       465696
      116424           32           5.269      7451136       931392
      116424           64           9.854     14902272      1862784
      116424          128          19.080     29804544      3725568
      116424          256          37.482     59609088      7451136
      128016            1           1.949       256032        32004
      128016            2           1.027       512064        64008
      128016            4           1.368      1024128       128016
      128016            8           2.083      2048256       256032
      128016           16           3.219      4096512       512064
      128016           32           5.816      8193024      1024128
      128016           64          10.783     16386048      2048256
      128016          128          20.840     32772096      4096512
      140784            1           4.187       281568        35196
      140784            2           1.008       563136        70392
      140784            4           1.568      1126272       140784
      140784            8           2.807      2252544       281568
      140784           16           4.058      4505088       563136
      140784           32           7.343      9010176      1126272
      140784           64          14.383     18020352      2252544
      140784          128          28.285     36040704      4505088
      154840            1           4.307       309680        38710
      154840            2           1.333       619360        77420
      154840            4           1.889      1238720       154840
      154840            8           2.497      2477440       309680
      154840           16           5.185      4954880       619360
      154840           32           9.047      9909760      1238720
      154840           64          16.283     19819520      2477440
      154840          128          32.629     39639040      4954880
      170296            1           2.830       340592        42574
      170296            2           1.071       681184        85148
      170296            4           1.708      1362368       170296
      170296            8           2.550      2724736       340592
      170296           16           4.185      5449472       681184
      170296           32           7.550     10898944      1362368
      170296           64          14.100     21797888      2724736
      170296          128          27.450     43595776      5449472
      187320            1           3.374       374640        46830
      187320            2           1.453       749280        93660
      187320            4           1.728      1498560       187320
      187320            8           2.715      2997120       374640
      187320           16           4.547      5994240       749280
      187320           32           8.130     11988480      1498560
      187320           64          15.426     23976960      2997120
      187320          128          30.169     47953920      5994240
      206024            1           2.727       412048        51506
      206024            2           1.507       824096       103012
      206024            4           2.032      1648192       206024
      206024            8           3.174      3296384       412048
      206024           16           5.068      6592768       824096
      206024           32           9.112     13185536      1648192
      206024           64          17.179     26371072      3296384
      206024          128          33.344     52742144      6592768
      226576            1           3.061       453152        56644
      226576            2           1.749       906304       113288
      226576            4           2.026      1812608       226576
      226576            8           3.250      3625216       453152
      226576           16           5.686      7250432       906304
      226576           32           9.847     14500864      1812608
      226576           64          37.777     29001728      3625216
      226576          128          41.214     58003456      7250432
      249200            1           4.431       498400        62300
      249200            2           2.473       996800       124600
      249200            4           3.544      1993600       249200
      249200            8           6.021      3987200       498400
      249200           16          10.597      7974400       996800
      249200           32          18.685     15948800      1993600
      249200           64          36.239     31897600      3987200
      274120            1           4.831       548240        68530
      274120            2           1.873      1096480       137060
      274120            4           3.328      2192960       274120
      274120            8           5.895      4385920       548240
      274120           16          10.943      8771840      1096480
      274120           32          21.152     17543680      2192960
      274120           64          41.036     35087360      4385920
      301504            1           6.375       603008        75376
      301504            2           2.308      1206016       150752
      301504            4           3.480      2412032       301504
      301504            8           6.530      4824064       603008
      301504           16          13.383      9648128      1206016
      301504           32          24.822     19296256      2412032
      301504           64          47.225     38592512      4824064
      331632            1           6.364       663264        82908
      331632            2           2.574      1326528       165816
      331632            4           3.892      2653056       331632
      331632            8           7.203      5306112       663264
      331632           16          13.701     10612224      1326528
      331632           32          26.018     21224448      2653056
      331632           64          52.124     42448896      5306112
      364784            1           6.679       729568        91196
      364784            2           2.571      1459136       182392
      364784            4           4.700      2918272       364784
      364784            8           7.894      5836544       729568
      364784           16          14.241     11673088      1459136
      364784           32          26.819     23346176      2918272
      364784           64          56.974     46692352      5836544
      401240            1           8.545       802480       100310
      401240            2           3.141      1604960       200620
      401240            4           5.385      3209920       401240
      401240            8           8.988      6419840       802480
      401240           16          16.255     12839680      1604960
      401240           32          33.623     25679360      3209920
      401240           64          71.625     51358720      6419840
      441336            1           7.861       882672       110334
      441336            2           3.468      1765344       220668
      441336            4           5.646      3530688       441336
      441336            8           9.844      7061376       882672
      441336           16          18.458     14122752      1765344
      441336           32          47.024     28245504      3530688
      441336           64          86.216     56491008      7061376
      485464            1           7.052       970928       121366
      485464            2           3.273      1941856       242732
      485464            4           5.179      3883712       485464
      485464            8           8.832      7767424       970928
      485464           16          16.316     15534848      1941856
      485464           32          31.772     31069696      3883712
      533960            1           6.518      1067920       133490
      533960            2           3.222      2135840       266980
      533960            4           5.465      4271680       533960
      533960            8           9.785      8543360      1067920
      533960           16          18.123     17086720      2135840
      533960           32          34.855     34173440      4271680
      587328            1          13.950      1174656       146832
      587328            2           9.882      2349312       293664
      587328            4          16.366      4698624       587328
      587328            8          28.009      9397248      1174656
      587328           16          52.067     18794496      2349312
      587328           32         102.026     37588992      4698624
      646016            1           9.937      1292032       161504
      646016            2          15.805      2584064       323008
      646016            4          24.250      5168128       646016
      646016            8          33.289     10336256      1292032
      646016           16          26.947     20672512      2584064
      646016           32          53.142     41345024      5168128
      710584            1          14.179      1421168       177646
      710584            2           9.192      2842336       355292
      710584            4          11.512      5684672       710584
      710584            8          22.346     11369344      1421168
      710584           16          40.121     22738688      2842336
      710584           32          79.664     45477376      5684672
      781592            1          13.511      1563184       195398
      781592            2           9.623      3126368       390796
      781592            4          15.570      6252736       781592
      781592            8          23.904     12505472      1563184
      781592           16          47.175     25010944      3126368
      781592           32          90.864     50021888      6252736
      859712            1          16.445      1719424       214928
      859712            2           8.290      3438848       429856
      859712            4          17.557      6877696       859712
      859712            8          25.045     13755392      1719424
      859712           16          51.173     27510784      3438848
      859712           32          96.841     55021568      6877696
      945672            1          20.432      1891344       236418
      945672            2           8.441      3782688       472836
      945672            4          15.066      7565376       945672
      945672            8          27.204     15130752      1891344
      945672           16          50.940     30261504      3782688
      945672           32          92.705     60523008      7565376
     1040200            1          21.904      2080400       260050
     1040200            2          20.474      4160800       520100
     1040200            4          22.192      8321600      1040200
     1040200            8          29.015     16643200      2080400
     1040200           16          53.315     33286400      4160800
     1144192            1          23.043      2288384       286048
     1144192            2          10.519      4576768       572096
     1144192            4          17.519      9153536      1144192
     1144192            8          37.729     18307072      2288384
     1144192           16          60.645     36614144      4576768
     1258600            1          22.715      2517200       314650
     1258600            2          11.590      5034400       629300
     1258600            4          19.890     10068800      1258600
     1258600            8          33.909     20137600      2517200
     1258600           16          65.125     40275200      5034400
     1384432            1          25.026      2768864       346108
     1384432            2          13.362      5537728       692216
     1384432            4          21.322     11075456      1384432
     1384432            8          38.051     22150912      2768864
     1384432           16          71.333     44301824      5537728
     1522864            1          26.461      3045728       380716
     1522864            2          14.530      6091456       761432
     1522864            4          30.007     12182912      1522864
     1522864            8          53.810     24365824      3045728
     1522864           16          77.081     48731648      6091456
     1675128            1          33.248      3350256       418782
     1675128            2          14.236      6700512       837564
     1675128            4          23.127     13401024      1675128
     1675128            8          45.201     26802048      3350256
     1675128           16          79.836     53604096      6700512
     1842624            1          37.223      3685248       460656
     1842624            2          14.837      7370496       921312
     1842624            4          24.826     14740992      1842624
     1842624            8          42.636     29481984      3685248
     1842624           16          90.685     58963968      7370496
     2026864            1          31.691      4053728       506716
     2026864            2          16.087      8107456      1013432
     2026864            4          30.406     16214912      2026864
     2026864            8          60.405     32429824      4053728
     2229528            1          35.080      4459056       557382
     2229528            2          37.322      8918112      1114764
     2229528            4          60.815     17836224      2229528
     2229528            8          72.203     35672448      4459056
     2452464            1          47.055      4904928       613116
     2452464            2          34.181      9809856      1226232
     2452464            4          46.785     19619712      2452464
     2452464            8          57.275     39239424      4904928
     2697688            1          47.079      5395376       674422
     2697688            2          29.839     10790752      1348844
     2697688            4          35.080     21581504      2697688
     2697688            8          62.989     43163008      5395376
     2967440            1          45.627      5934880       741860
     2967440            2          23.028     11869760      1483720
     2967440            4          38.363     23739520      2967440
     2967440            8          71.273     47479040      5934880
     3264184            1          58.671      6528368       816046
     3264184            2          38.150     13056736      1632092
     3264184            4          42.884     26113472      3264184
     3264184            8          86.747     52226944      6528368
     3590552            1          48.211      7181104       897638
     3590552            2          28.112     14362208      1795276
     3590552            4          44.972     28724416      3590552
     3590552            8          81.905     57448832      7181104
     3949568            1          60.659      7899136       987392
     3949568            2          31.935     15798272      1974784
     3949568            4          51.171     31596544      3949568
     4344480            1          86.741      8688960      1086120
     4344480            2          51.656     17377920      2172240
     4344480            4         113.099     34755840      4344480
     4778928            1          99.114      9557856      1194732
     4778928            2          53.774     19115712      2389464
     4778928            4         106.860     38231424      4778928
     5256776            1          82.243     10513552      1314194
     5256776            2          52.084     21027104      2628388
     5256776            4          68.356     42054208      5256776
     5782448            1         166.311     11564896      1445612
     5782448            2          93.659     23129792      2891224
     5782448            4          70.979     46259584      5782448
     6360648            1          81.789     12721296      1590162
     6360648            2         164.899     25442592      3180324
     6360648            4         272.192     50885184      6360648
     6996696            1         114.492     13993392      1749174
     6996696            2         103.275     27986784      3498348
     6996696            4          99.677     55973568      6996696
     7696360            1          81.100     15392720      1924090
     7696360            2          67.870     30785440      3848180
     7696360            4          98.134     61570880      7696360
     8465968            1          96.571     16931936      2116492
     8465968            2         109.811     33863872      4232984
     9312520            1          80.546     18625040      2328130
     9312520            2          98.565     37250080      4656260
    10243744            1          87.100     20487488      2560936
    10243744            2         117.206     40974976      5121872
    11268096            1          92.053     22536192      2817024
    11268096            2         136.234     45072384      5634048
    12394872            1         105.162     24789744      3098718
    12394872            2         156.343     49579488      6197436
    13634320            1         112.716     27268640      3408580
    13634320            2         175.131     54537280      6817160
    14997752            1         127.059     29995504      3749438
    14997752            2         200.554     59991008      7498876
    16497488            1         145.833     32994976      4124372
    18147192            1         188.325     36294384      4536798
    19961872            1         270.832     39923744      4990468
    21958048            1         265.068     43916096      5489512
    24153808            1         297.874     48307616      6038452
    26569144            1         745.539     53138288      6642286
    29226008            1         486.140     58452016      7306502

META_DATA
FLOPS          2
OPENMP_THREADS 7
ERT_VERSION  1.1.0
HOSTNAME  ('cirrus4.computing.clemson.edu', ['cirrus4'], ['127.0.1.1'])
UNAME  uname_result(system='Linux', node='cirrus4.computing.clemson.edu', release='5.4.0-81-generic', version='#91-Ubuntu SMP Thu Jul 15 19:09:17 UTC 2021', machine='x86_64', processor='x86_64')
TIMESTAMP_DATA  1632245405.4293478
CONFIG  {'ERT_RESULTS': ['Results.cs.clemson.edu'], 'ERT_DRIVER': ['driver1'], 'ERT_KERNEL': ['kernel1'], 'ERT_MPI': ['False'], 'ERT_MPI_CFLAGS': [], 'ERT_MPI_LDFLAGS': [], 'ERT_OPENMP': ['True'], 'ERT_OPENMP_CFLAGS': ['-fopenmp'], 'ERT_OPENMP_LDFLAGS': ['-fopenmp'], 'ERT_FLOPS': ['1,2,4'], 'ERT_ALIGN': ['32'], 'ERT_CC': ['g++'], 'ERT_CFLAGS': ['-O3', '-std=c++11', '-fstrict-aliasing', '-march=native'], 'ERT_LD': ['g++'], 'ERT_LDFLAGS': [], 'ERT_LDLIBS': [], 'ERT_PRECISION': ['FP64'], 'ERT_RUN': ['export', 'OMP_NUM_THREADS=ERT_OPENMP_THREADS;', 'export', 'OMP_PLACES=threads;', 'export', 'OMP_PROC_BIND=spread;', './ERT_CODE'], 'ERT_PROCS_THREADS': ['8'], 'ERT_MPI_PROCS': ['2,4,8'], 'ERT_OPENMP_THREADS': ['1-8'], 'ERT_NUM_EXPERIMENTS': ['5'], 'ERT_MEMORY_MAX': ['31000000'], 'ERT_WORKING_SET_MIN': ['1'], 'ERT_TRIALS_MIN': ['1'], 'ERT_GNUPLOT': ['gnuplot'], 'ERT_GPU': [False], 'ERT_HIP': [False], 'ERT_OCL': [False], 'ERT_SYCL': [False], 'ERT_WSS_MULT': [1.1]}
