fp64
          56            1           0.680          112           14
          56            2           0.755          224           28
          56            4           0.691          448           56
          56            8           0.824          896          112
          56           16           0.672         1792          224
          56           32           0.791         3584          448
          56           64           0.794         7168          896
          56          128           0.942        14336         1792
          56          256           0.982        28672         3584
          56          512           1.768        57344         7168
          56         1024           2.907       114688        14336
          56         2048           5.243       229376        28672
          56         4096           9.574       458752        57344
          56         8192          19.587       917504       114688
          56        16384          40.897      1835008       229376
          56        32768          73.572      3670016       458752
          56        65536         145.568      7340032       917504
          56       131072         307.243     14680064      1835008
          56       262144         623.805     29360128      3670016
          56       524288        1387.115     58720256      7340032
         112            1           0.856          224           28
         112            2           0.520          448           56
         112            4           0.791          896          112
         112            8           0.576         1792          224
         112           16           0.746         3584          448
         112           32           0.889         7168          896
         112           64           0.865        14336         1792
         112          128           0.931        28672         3584
         112          256           1.412        57344         7168
         112          512           2.117       114688        14336
         112         1024           3.627       229376        28672
         112         2048           7.351       458752        57344
         112         4096          13.989       917504       114688
         112         8192          26.701      1835008       229376
         112        16384          54.368      3670016       458752
         112        32768         106.606      7340032       917504
         112        65536         219.797     14680064      1835008
         112       131072         404.551     29360128      3670016
         112       262144         814.263     58720256      7340032
         168            1           0.600          336           42
         168            2           0.812          672           84
         168            4           0.634         1344          168
         168            8           0.610         2688          336
         168           16           0.938         5376          672
         168           32           0.563        10752         1344
         168           64           0.753        21504         2688
         168          128           0.881        43008         5376
         168          256           1.412        86016        10752
         168          512           2.238       172032        21504
         168         1024           3.670       344064        43008
         168         2048           6.754       688128        86016
         168         4096          13.060      1376256       172032
         168         8192          25.368      2752512       344064
         168        16384          50.210      5505024       688128
         168        32768          99.553     11010048      1376256
         168        65536         198.590     22020096      2752512
         168       131072         396.408     44040192      5505024
         224            1           0.636          448           56
         224            2           0.546          896          112
         224            4           0.682         1792          224
         224            8           0.724         3584          448
         224           16           0.616         7168          896
         224           32           0.899        14336         1792
         224           64           0.956        28672         3584
         224          128           0.917        57344         7168
         224          256           1.444       114688        14336
         224          512           2.231       229376        28672
         224         1024           3.849       458752        57344
         224         2048           7.059       917504       114688
         224         4096          13.654      1835008       229376
         224         8192          26.498      3670016       458752
         224        16384          52.643      7340032       917504
         224        32768         104.815     14680064      1835008
         224        65536         232.093     29360128      3670016
         224       131072         439.509     58720256      7340032
         280            1           0.609          560           70
         280            2           0.477         1120          140
         280            4           0.745         2240          280
         280            8           0.685         4480          560
         280           16           0.680         8960         1120
         280           32           0.807        17920         2240
         280           64           0.781        35840         4480
         280          128           1.092        71680         8960
         280          256           1.368       143360        17920
         280          512           2.282       286720        35840
         280         1024           3.922       573440        71680
         280         2048           7.165      1146880       143360
         280         4096          13.765      2293760       286720
         280         8192          26.854      4587520       573440
         280        16384          52.882      9175040      1146880
         280        32768         105.355     18350080      2293760
         280        65536         209.707     36700160      4587520
         336            1           0.605          672           84
         336            2           0.799         1344          168
         336            4           0.763         2688          336
         336            8           0.802         5376          672
         336           16           0.676        10752         1344
         336           32           0.805        21504         2688
         336           64           0.851        43008         5376
         336          128           1.053        86016        10752
         336          256           1.421       172032        21504
         336          512           2.110       344064        43008
         336         1024           3.947       688128        86016
         336         2048           7.345      1376256       172032
         336         4096          13.665      2752512       344064
         336         8192          27.058      5505024       688128
         336        16384          53.220     11010048      1376256
         336        32768         105.718     22020096      2752512
         336        65536         225.693     44040192      5505024
         392            1           0.621          784           98
         392            2           0.492         1568          196
         392            4           0.610         3136          392
         392            8           0.739         6272          784
         392           16           0.632        12544         1568
         392           32           0.781        25088         3136
         392           64           0.875        50176         6272
         392          128           1.044       100352        12544
         392          256           1.448       200704        25088
         392          512           2.304       401408        50176
         392         1024           4.086       802816       100352
         392         2048           7.101      1605632       200704
         392         4096          13.831      3211264       401408
         392         8192          26.881      6422528       802816
         392        16384          53.619     12845056      1605632
         392        32768         105.897     25690112      3211264
         392        65536         210.924     51380224      6422528
         448            1           0.482          896          112
         448            2           0.677         1792          224
         448            4           0.792         3584          448
         448            8           0.590         7168          896
         448           16           0.893        14336         1792
         448           32           0.736        28672         3584
         448           64           0.774        57344         7168
         448          128           0.990       114688        14336
         448          256           1.526       229376        28672
         448          512           2.378       458752        57344
         448         1024           4.115       917504       114688
         448         2048           7.496      1835008       229376
         448         4096          14.516      3670016       458752
         448         8192          28.302      7340032       917504
         448        16384          55.627     14680064      1835008
         448        32768         110.570     29360128      3670016
         448        65536         220.881     58720256      7340032
         504            1           0.481         1008          126
         504            2           0.733         2016          252
         504            4           0.691         4032          504
         504            8           0.832         8064         1008
         504           16           0.779        16128         2016
         504           32           0.743        32256         4032
         504           64           0.956        64512         8064
         504          128           1.190       129024        16128
         504          256           1.391       258048        32256
         504          512           2.356       516096        64512
         504         1024           4.058      1032192       129024
         504         2048           7.683      2064384       258048
         504         4096          14.552      4128768       516096
         504         8192          28.532      8257536      1032192
         504        16384          55.970     16515072      2064384
         504        32768         120.681     33030144      4128768
         560            1           0.885         1120          140
         560            2           0.583         2240          280
         560            4           0.601         4480          560
         560            8           0.539         8960         1120
         560           16           0.822        17920         2240
         560           32           0.811        35840         4480
         560           64           0.845        71680         8960
         560          128           0.936       143360        17920
         560          256           1.116       286720        35840
         560          512           1.631       573440        71680
         560         1024           2.823      1146880       143360
         560         2048           5.073      2293760       286720
         560         4096           9.590      4587520       573440
         560         8192          18.574      9175040      1146880
         560        16384          36.506     18350080      2293760
         560        32768          72.151     36700160      4587520
         616            1           0.558         1232          154
         616            2           0.596         2464          308
         616            4           0.653         4928          616
         616            8           0.663         9856         1232
         616           16           0.641        19712         2464
         616           32           0.870        39424         4928
         616           64           0.846        78848         9856
         616          128           0.893       157696        19712
         616          256           1.172       315392        39424
         616          512           1.828       630784        78848
         616         1024           2.875      1261568       157696
         616         2048           5.136      2523136       315392
         616         4096           9.728      5046272       630784
         616         8192          18.398     10092544      1261568
         616        16384          36.475     20185088      2523136
         616        32768          72.584     40370176      5046272
         672            1           0.334         1344          168
         672            2           0.767         2688          336
         672            4           0.884         5376          672
         672            8           0.554        10752         1344
         672           16           0.828        21504         2688
         672           32           0.544        43008         5376
         672           64           0.770        86016        10752
         672          128           0.847       172032        21504
         672          256           1.206       344064        43008
         672          512           1.752       688128        86016
         672         1024           2.714      1376256       172032
         672         2048           5.050      2752512       344064
         672         4096           9.636      5505024       688128
         672         8192          18.582     11010048      1376256
         672        16384          36.333     22020096      2752512
         672        32768          72.213     44040192      5505024
         728            1           1.245         1456          182
         728            2           0.604         2912          364
         728            4           0.570         5824          728
         728            8           0.539        11648         1456
         728           16           0.565        23296         2912
         728           32           0.550        46592         5824
         728           64           0.827        93184        11648
         728          128           0.923       186368        23296
         728          256           1.081       372736        46592
         728          512           1.615       745472        93184
         728         1024           2.796      1490944       186368
         728         2048           5.064      2981888       372736
         728         4096           9.459      5963776       745472
         728         8192          18.700     11927552      1490944
         728        16384          36.901     23855104      2981888
         728        32768          73.144     47710208      5963776
         784            1           0.272         1568          196
         784            2           0.741         3136          392
         784            4           0.741         6272          784
         784            8           0.571        12544         1568
         784           16           0.647        25088         3136
         784           32           0.605        50176         6272
         784           64           0.829       100352        12544
         784          128           0.810       200704        25088
         784          256           1.300       401408        50176
         784          512           1.721       802816       100352
         784         1024           2.971      1605632       200704
         784         2048           5.116      3211264       401408
         784         4096           9.504      6422528       802816
         784         8192          18.532     12845056      1605632
         784        16384          36.567     25690112      3211264
         784        32768          72.654     51380224      6422528
         840            1           0.211         1680          210
         840            2           0.736         3360          420
         840            4           0.740         6720          840
         840            8           0.644        13440         1680
         840           16           0.741        26880         3360
         840           32           0.605        53760         6720
         840           64           0.667       107520        13440
         840          128           1.014       215040        26880
         840          256           1.150       430080        53760
         840          512           1.660       860160       107520
         840         1024           2.846      1720320       215040
         840         2048           5.290      3440640       430080
         840         4096           9.685      6881280       860160
         840         8192          18.820     13762560      1720320
         840        16384          36.941     27525120      3440640
         840        32768          78.095     55050240      6881280
         896            1           0.253         1792          224
         896            2           0.736         3584          448
         896            4           0.781         7168          896
         896            8           0.837        14336         1792
         896           16           0.718        28672         3584
         896           32           0.562        57344         7168
         896           64           0.671       114688        14336
         896          128           0.983       229376        28672
         896          256           1.026       458752        57344
         896          512           1.776       917504       114688
         896         1024           2.771      1835008       229376
         896         2048           5.033      3670016       458752
         896         4096           9.449      7340032       917504
         896         8192          18.477     14680064      1835008
         896        16384          36.782     29360128      3670016
         896        32768          73.008     58720256      7340032
         952            1           0.311         1904          238
         952            2           0.687         3808          476
         952            4           0.811         7616          952
         952            8           0.708        15232         1904
         952           16           0.815        30464         3808
         952           32           0.615        60928         7616
         952           64           0.769       121856        15232
         952          128           0.946       243712        30464
         952          256           1.317       487424        60928
         952          512           1.799       974848       121856
         952         1024           2.766      1949696       243712
         952         2048           5.240      3899392       487424
         952         4096           9.610      7798784       974848
         952         8192          18.709     15597568      1949696
         952        16384          37.009     31195136      3899392
        1008            1           0.263         2016          252
        1008            2           0.569         4032          504
        1008            4           0.760         8064         1008
        1008            8           0.694        16128         2016
        1008           16           0.923        32256         4032
        1008           32           0.547        64512         8064
        1008           64           0.594       129024        16128
        1008          128           0.785       258048        32256
        1008          256           1.244       516096        64512
        1008          512           1.649      1032192       129024
        1008         1024           2.712      2064384       258048
        1008         2048           5.062      4128768       516096
        1008         4096           9.730      8257536      1032192
        1008         8192          18.683     16515072      2064384
        1008        16384          36.786     33030144      4128768
        1064            1           0.399         2128          266
        1064            2           0.674         4256          532
        1064            4           0.718         8512         1064
        1064            8           0.607        17024         2128
        1064           16           0.705        34048         4256
        1064           32           0.750        68096         8512
        1064           64           0.892       136192        17024
        1064          128           0.895       272384        34048
        1064          256           1.207       544768        68096
        1064          512           1.788      1089536       136192
        1064         1024           2.974      2179072       272384
        1064         2048           5.350      4358144       544768
        1064         4096          10.036      8716288      1089536
        1064         8192          19.717     17432576      2179072
        1064        16384          38.844     34865152      4358144
        1120            1           0.560         2240          280
        1120            2           0.647         4480          560
        1120            4           0.734         8960         1120
        1120            8           0.746        17920         2240
        1120           16           0.721        35840         4480
        1120           32           0.630        71680         8960
        1120           64           0.727       143360        17920
        1120          128           0.892       286720        35840
        1120          256           1.226       573440        71680
        1120          512           1.765      1146880       143360
        1120         1024           2.968      2293760       286720
        1120         2048           5.238      4587520       573440
        1120         4096           9.580      9175040      1146880
        1120         8192          18.977     18350080      2293760
        1120        16384          36.905     36700160      4587520
        1232            1           0.711         2464          308
        1232            2           0.539         4928          616
        1232            4           0.568         9856         1232
        1232            8           0.626        19712         2464
        1232           16           0.740        39424         4928
        1232           32           0.697        78848         9856
        1232           64           0.882       157696        19712
        1232          128           0.952       315392        39424
        1232          256           1.233       630784        78848
        1232          512           1.777      1261568       157696
        1232         1024           3.364      2523136       315392
        1232         2048           7.592      5046272       630784
        1232         4096          12.313     10092544      1261568
        1232         8192          21.710     20185088      2523136
        1232        16384          39.050     40370176      5046272
        1344            1           0.765         2688          336
        1344            2           0.742         5376          672
        1344            4           0.780        10752         1344
        1344            8           0.605        21504         2688
        1344           16           0.719        43008         5376
        1344           32           0.618        86016        10752
        1344           64           0.822       172032        21504
        1344          128           0.920       344064        43008
        1344          256           1.206       688128        86016
        1344          512           1.747      1376256       172032
        1344         1024           3.052      2752512       344064
        1344         2048           5.895      5505024       688128
        1344         4096          11.478     11010048      1376256
        1344         8192          23.096     22020096      2752512
        1344        16384          45.444     44040192      5505024
        1456            1           1.025         2912          364
        1456            2           0.518         5824          728
        1456            4           0.717        11648         1456
        1456            8           0.734        23296         2912
        1456           16           0.804        46592         5824
        1456           32           0.705        93184        11648
        1456           64           0.898       186368        23296
        1456          128           0.802       372736        46592
        1456          256           1.060       745472        93184
        1456          512           2.107      1490944       186368
        1456         1024           3.724      2981888       372736
        1456         2048           7.231      5963776       745472
        1456         4096          14.283     11927552      1490944
        1456         8192          28.257     23855104      2981888
        1456        16384          56.241     47710208      5963776
        1568            1           0.723         3136          392
        1568            2           0.690         6272          784
        1568            4           0.613        12544         1568
        1568            8           0.736        25088         3136
        1568           16           0.652        50176         6272
        1568           32           0.777       100352        12544
        1568           64           1.028       200704        25088
        1568          128           1.076       401408        50176
        1568          256           1.170       802816       100352
        1568          512           1.903      1605632       200704
        1568         1024           3.605      3211264       401408
        1568         2048           6.973      6422528       802816
        1568         4096          13.788     12845056      1605632
        1568         8192          27.461     25690112      3211264
        1568        16384          87.082     51380224      6422528
        1680            1           0.488         3360          420
        1680            2           0.772         6720          840
        1680            4           0.632        13440         1680
        1680            8           0.780        26880         3360
        1680           16           0.812        53760         6720
        1680           32           0.837       107520        13440
        1680           64           0.916       215040        26880
        1680          128           0.977       430080        53760
        1680          256           1.244       860160       107520
        1680          512           1.895      1720320       215040
        1680         1024           3.587      3440640       430080
        1680         2048           6.926      6881280       860160
        1680         4096          13.677     13762560      1720320
        1680         8192          27.075     27525120      3440640
        1680        16384          53.987     55050240      6881280
        1848            1           0.384         3696          462
        1848            2           0.692         7392          924
        1848            4           0.775        14784         1848
        1848            8           0.769        29568         3696
        1848           16           0.652        59136         7392
        1848           32           0.579       118272        14784
        1848           64           0.668       236544        29568
        1848          128           1.073       473088        59136
        1848          256           2.155       946176       118272
        1848          512           3.964      1892352       236544
        1848         1024           7.462      3784704       473088
        1848         2048          14.583      7569408       946176
        1848         4096          29.022     15138816      1892352
        1848         8192          57.327     30277632      3784704
        1848        16384         114.357     60555264      7569408
        2016            1           0.310         4032          504
        2016            2           0.827         8064         1008
        2016            4           0.801        16128         2016
        2016            8           0.724        32256         4032
        2016           16           0.568        64512         8064
        2016           32           0.619       129024        16128
        2016           64           0.628       258048        32256
        2016          128           1.173       516096        64512
        2016          256           2.282      1032192       129024
        2016          512           3.943      2064384       258048
        2016         1024           7.701      4128768       516096
        2016         2048          15.004      8257536      1032192
        2016         4096          29.501     16515072      2064384
        2016         8192          58.596     33030144      4128768
        2184            1           0.271         4368          546
        2184            2           0.778         8736         1092
        2184            4           0.667        17472         2184
        2184            8           0.636        34944         4368
        2184           16           0.780        69888         8736
        2184           32           0.769       139776        17472
        2184           64           0.720       279552        34944
        2184          128           1.282       559104        69888
        2184          256           2.099      1118208       139776
        2184          512           4.117      2236416       279552
        2184         1024           7.672      4472832       559104
        2184         2048          14.921      8945664      1118208
        2184         4096          29.280     17891328      2236416
        2184         8192          58.090     35782656      4472832
        2352            1           0.271         4704          588
        2352            2           0.666         9408         1176
        2352            4           0.843        18816         2352
        2352            8           0.856        37632         4704
        2352           16           0.570        75264         9408
        2352           32           0.655       150528        18816
        2352           64           0.720       301056        37632
        2352          128           1.114       602112        75264
        2352          256           2.106      1204224       150528
        2352          512           4.032      2408448       301056
        2352         1024           7.794      4816896       602112
        2352         2048          15.101      9633792      1204224
        2352         4096          41.558     19267584      2408448
        2352         8192          57.221     38535168      4816896
        2576            1           0.624         5152          644
        2576            2           0.662        10304         1288
        2576            4           0.836        20608         2576
        2576            8           0.679        41216         5152
        2576           16           0.564        82432        10304
        2576           32           0.718       164864        20608
        2576           64           0.794       329728        41216
        2576          128           1.375       659456        82432
        2576          256           2.144      1318912       164864
        2576          512           3.850      2637824       329728
        2576         1024           7.340      5275648       659456
        2576         2048          14.274     10551296      1318912
        2576         4096          28.199     21102592      2637824
        2576         8192          56.136     42205184      5275648
        2800            1           0.723         5600          700
        2800            2           0.714        11200         1400
        2800            4           0.737        22400         2800
        2800            8           0.492        44800         5600
        2800           16           0.632        89600        11200
        2800           32           0.684       179200        22400
        2800           64           0.815       358400        44800
        2800          128           1.251       716800        89600
        2800          256           2.025      1433600       179200
        2800          512           3.723      2867200       358400
        2800         1024           7.143      5734400       716800
        2800         2048          14.105     11468800      1433600
        2800         4096          28.065     22937600      2867200
        2800         8192          55.680     45875200      5734400
        3080            1           0.659         6160          770
        3080            2           0.649        12320         1540
        3080            4           0.858        24640         3080
        3080            8           0.621        49280         6160
        3080           16           0.709        98560        12320
        3080           32           0.724       197120        24640
        3080           64           0.733       394240        49280
        3080          128           1.180       788480        98560
        3080          256           2.056      1576960       197120
        3080          512           3.904      3153920       394240
        3080         1024           7.313      6307840       788480
        3080         2048          14.368     12615680      1576960
        3080         4096          28.466     25231360      3153920
        3080         8192          56.328     50462720      6307840
        3360            1           0.764         6720          840
        3360            2           0.681        13440         1680
        3360            4           0.703        26880         3360
        3360            8           0.652        53760         6720
        3360           16           0.667       107520        13440
        3360           32           0.670       215040        26880
        3360           64           0.788       430080        53760
        3360          128           1.329       860160       107520
        3360          256           2.123      1720320       215040
        3360          512           3.913      3440640       430080
        3360         1024           7.260      6881280       860160
        3360         2048          14.267     13762560      1720320
        3360         4096          28.272     27525120      3440640
        3360         8192          56.490     55050240      6881280
        3696            1           0.480         7392          924
        3696            2           0.560        14784         1848
        3696            4           0.684        29568         3696
        3696            8           0.553        59136         7392
        3696           16           0.519       118272        14784
        3696           32           0.797       236544        29568
        3696           64           0.830       473088        59136
        3696          128           1.165       946176       118272
        3696          256           2.091      1892352       236544
        3696          512           3.891      3784704       473088
        3696         1024           7.600      7569408       946176
        3696         2048          14.799     15138816      1892352
        3696         4096          29.494     30277632      3784704
        3696         8192          58.550     60555264      7569408
        4032            1           0.849         8064         1008
        4032            2           0.558        16128         2016
        4032            4           0.749        32256         4032
        4032            8           0.607        64512         8064
        4032           16           0.684       129024        16128
        4032           32           0.681       258048        32256
        4032           64           0.927       516096        64512
        4032          128           1.199      1032192       129024
        4032          256           2.084      2064384       258048
        4032          512           4.130      4128768       516096
        4032         1024           7.689      8257536      1032192
        4032         2048          14.892     16515072      2064384
        4032         4096          29.322     33030144      4128768
        4424            1           0.673         8848         1106
        4424            2           0.482        17696         2212
        4424            4           0.741        35392         4424
        4424            8           0.660        70784         8848
        4424           16           0.713       141568        17696
        4424           32           0.752       283136        35392
        4424           64           0.842       566272        70784
        4424          128           1.421      1132544       141568
        4424          256           2.412      2265088       283136
        4424          512           4.302      4530176       566272
        4424         1024           8.419      9060352      1132544
        4424         2048          16.612     18120704      2265088
        4424         4096          32.699     36241408      4530176
        4816            1           0.340         9632         1204
        4816            2           0.469        19264         2408
        4816            4           0.462        38528         4816
        4816            8           0.801        77056         9632
        4816           16           0.764       154112        19264
        4816           32           0.717       308224        38528
        4816           64           0.951       616448        77056
        4816          128           1.378      1232896       154112
        4816          256           2.398      2465792       308224
        4816          512           4.613      4931584       616448
        4816         1024          16.710      9863168      1232896
        4816         2048          19.869     19726336      2465792
        4816         4096          34.900     39452672      4931584
        5264            1           1.454        10528         1316
        5264            2           0.339        21056         2632
        5264            4           0.481        42112         5264
        5264            8           0.671        84224        10528
        5264           16           0.671       168448        21056
        5264           32           0.736       336896        42112
        5264           64           0.987       673792        84224
        5264          128           1.383      1347584       168448
        5264          256           2.532      2695168       336896
        5264          512           4.868      5390336       673792
        5264         1024           9.360     10780672      1347584
        5264         2048          18.404     21561344      2695168
        5264         4096          36.184     43122688      5390336
        5768            1           1.174        11536         1442
        5768            2           0.465        23072         2884
        5768            4           0.779        46144         5768
        5768            8           0.730        92288        11536
        5768           16           0.672       184576        23072
        5768           32           0.712       369152        46144
        5768           64           1.032       738304        92288
        5768          128           1.473      1476608       184576
        5768          256           2.817      2953216       369152
        5768          512           5.303      5906432       738304
        5768         1024          10.486     11812864      1476608
        5768         2048          20.476     23625728      2953216
        5768         4096          40.376     47251456      5906432
        6328            1           1.383        12656         1582
        6328            2           0.658        25312         3164
        6328            4           0.597        50624         6328
        6328            8           0.588       101248        12656
        6328           16           0.697       202496        25312
        6328           32           0.778       404992        50624
        6328           64           0.975       809984       101248
        6328          128           1.634      1619968       202496
        6328          256           2.979      3239936       404992
        6328          512           5.448      6479872       809984
        6328         1024          10.786     12959744      1619968
        6328         2048          21.032     25919488      3239936
        6328         4096          41.785     51838976      6479872
        6944            1           0.782        13888         1736
        6944            2           0.507        27776         3472
        6944            4           0.583        55552         6944
        6944            8           0.690       111104        13888
        6944           16           0.581       222208        27776
        6944           32           0.920       444416        55552
        6944           64           1.143       888832       111104
        6944          128           1.584      1777664       222208
        6944          256           3.030      3555328       444416
        6944          512           5.495      7110656       888832
        6944         1024          10.649     14221312      1777664
        6944         2048          21.161     28442624      3555328
        6944         4096          46.064     56885248      7110656
        7616            1           0.349        15232         1904
        7616            2           0.825        30464         3808
        7616            4           0.741        60928         7616
        7616            8           0.720       121856        15232
        7616           16           0.803       243712        30464
        7616           32           1.005       487424        60928
        7616           64           1.685       974848       121856
        7616          128           2.530      1949696       243712
        7616          256           4.592      3899392       487424
        7616          512           6.861      7798784       974848
        7616         1024          12.932     15597568      1949696
        7616         2048          32.435     31195136      3899392
        8344            1           0.720        16688         2086
        8344            2           0.700        33376         4172
        8344            4           0.735        66752         8344
        8344            8           0.719       133504        16688
        8344           16           0.918       267008        33376
        8344           32           1.147       534016        66752
        8344           64           1.437      1068032       133504
        8344          128           2.473      2136064       267008
        8344          256           5.015      4272128       534016
        8344          512           9.174      8544256      1068032
        8344         1024          18.120     17088512      2136064
        8344         2048          31.694     34177024      4272128
        9128            1           0.633        18256         2282
        9128            2           0.584        36512         4564
        9128            4           0.722        73024         9128
        9128            8           0.689       146048        18256
        9128           16           0.750       292096        36512
        9128           32           1.148       584192        73024
        9128           64           2.059      1168384       146048
        9128          128           3.312      2336768       292096
        9128          256           5.889      4673536       584192
        9128          512          11.584      9347072      1168384
        9128         1024          22.312     18694144      2336768
        9128         2048          44.464     37388288      4673536
       10024            1           0.591        20048         2506
       10024            2           0.797        40096         5012
       10024            4           0.677        80192        10024
       10024            8           0.726       160384        20048
       10024           16           0.909       320768        40096
       10024           32           1.146       641536        80192
       10024           64           1.949      1283072       160384
       10024          128           3.677      2566144       320768
       10024          256           6.976      5132288       641536
       10024          512          12.844     10264576      1283072
       10024         1024          18.004     20529152      2566144
       10024         2048          89.603     41058304      5132288
       10976            1           0.754        21952         2744
       10976            2           0.590        43904         5488
       10976            4           0.693        87808        10976
       10976            8           0.607       175616        21952
       10976           16           0.735       351232        43904
       10976           32           1.200       702464        87808
       10976           64           1.963      1404928       175616
       10976          128           3.671      2809856       351232
       10976          256           7.015      5619712       702464
       10976          512          13.010     11239424      1404928
       10976         1024          25.757     22478848      2809856
       10976         2048          49.334     44957696      5619712
       12040            1           0.939        24080         3010
       12040            2           0.542        48160         6020
       12040            4           0.804        96320        12040
       12040            8           1.037       192640        24080
       12040           16           1.625       385280        48160
       12040           32           2.319       770560        96320
       12040           64           3.631      1541120       192640
       12040          128           6.319      3082240       385280
       12040          256          17.996      6164480       770560
       12040          512          19.380     12328960      1541120
       12040         1024          26.057     24657920      3082240
       12040         2048          46.793     49315840      6164480
       13216            1           0.651        26432         3304
       13216            2           0.571        52864         6608
       13216            4           0.690       105728        13216
       13216            8           0.669       211456        26432
       13216           16           0.815       422912        52864
       13216           32           1.116       845824       105728
       13216           64           2.140      1691648       211456
       13216          128           3.497      3383296       422912
       13216          256           7.203      6766592       845824
       13216          512          13.455     13533184      1691648
       13216         1024          24.039     27066368      3383296
       13216         2048          47.831     54132736      6766592
       14504            1           0.632        29008         3626
       14504            2           0.619        58016         7252
       14504            4           0.745       116032        14504
       14504            8           0.796       232064        29008
       14504           16           1.028       464128        58016
       14504           32           1.288       928256       116032
       14504           64           1.995      1856512       232064
       14504          128           3.722      3713024       464128
       14504          256           6.792      7426048       928256
       14504          512          14.106     14852096      1856512
       14504         1024          29.852     29704192      3713024
       14504         2048          54.411     59408384      7426048
       15904            1           0.850        31808         3976
       15904            2           0.433        63616         7952
       15904            4           0.706       127232        15904
       15904            8           0.867       254464        31808
       15904           16           0.890       508928        63616
       15904           32           1.377      1017856       127232
       15904           64           2.161      2035712       254464
       15904          128           3.709      4071424       508928
       15904          256           8.573      8142848      1017856
       15904          512          17.277     16285696      2035712
       15904         1024          31.849     32571392      4071424
       17472            1           0.695        34944         4368
       17472            2           0.559        69888         8736
       17472            4           0.830       139776        17472
       17472            8           0.716       279552        34944
       17472           16           1.134       559104        69888
       17472           32           1.621      1118208       139776
       17472           64           3.050      2236416       279552
       17472          128           5.277      4472832       559104
       17472          256           9.998      8945664      1118208
       17472          512          18.274     17891328      2236416
       17472         1024          33.597     35782656      4472832
       19208            1           0.628        38416         4802
       19208            2           0.646        76832         9604
       19208            4           0.743       153664        19208
       19208            8           0.744       307328        38416
       19208           16           1.109       614656        76832
       19208           32           1.625      1229312       153664
       19208           64           2.850      2458624       307328
       19208          128           6.270      4917248       614656
       19208          256          11.360      9834496      1229312
       19208          512          21.857     19668992      2458624
       19208         1024          43.884     39337984      4917248
       21112            1           1.633        42224         5278
       21112            2           0.360        84448        10556
       21112            4           0.758       168896        21112
       21112            8           0.839       337792        42224
       21112           16           1.097       675584        84448
       21112           32           1.518      1351168       168896
       21112           64           2.861      2702336       337792
       21112          128          10.561      5404672       675584
       21112          256           9.481     10809344      1351168
       21112          512          20.073     21618688      2702336
       21112         1024          37.256     43237376      5404672
       23184            1           2.354        46368         5796
       23184            2           0.549        92736        11592
       23184            4           0.570       185472        23184
       23184            8           0.970       370944        46368
       23184           16           1.217       741888        92736
       23184           32           2.008      1483776       185472
       23184           64           3.735      2967552       370944
       23184          128           5.780      5935104       741888
       23184          256          13.344     11870208      1483776
       23184          512          20.463     23740416      2967552
       23184         1024          38.786     47480832      5935104
       25480            1           0.911        50960         6370
       25480            2           0.368       101920        12740
       25480            4           0.827       203840        25480
       25480            8           0.984       407680        50960
       25480           16           1.132       815360       101920
       25480           32           1.945      1630720       203840
       25480           64           3.741      3261440       407680
       25480          128           6.476      6522880       815360
       25480          256          11.913     13045760      1630720
       25480          512          23.099     26091520      3261440
       25480         1024          49.283     52183040      6522880
       28000            1           0.917        56000         7000
       28000            2           0.669       112000        14000
       28000            4           0.742       224000        28000
       28000            8           0.817       448000        56000
       28000           16           1.253       896000       112000
       28000           32           2.073      1792000       224000
       28000           64           3.650      3584000       448000
       28000          128           7.090      7168000       896000
       28000          256          13.128     14336000      1792000
       28000          512          21.109     28672000      3584000
       28000         1024          50.456     57344000      7168000
       30800            1           0.586        61600         7700
       30800            2           0.888       123200        15400
       30800            4           0.698       246400        30800
       30800            8           0.970       492800        61600
       30800           16           1.066       985600       123200
       30800           32           1.876      1971200       246400
       30800           64           3.114      3942400       492800
       30800          128           5.474      7884800       985600
       30800          256          10.520     15769600      1971200
       30800          512          21.023     31539200      3942400
       33880            1           0.579        67760         8470
       33880            2           0.760       135520        16940
       33880            4           0.697       271040        33880
       33880            8           0.905       542080        67760
       33880           16           1.290      1084160       135520
       33880           32           1.950      2168320       271040
       33880           64           3.369      4336640       542080
       33880          128           6.170      8673280      1084160
       33880          256          11.632     17346560      2168320
       33880          512          22.704     34693120      4336640
       37240            1           0.618        74480         9310
       37240            2           0.743       148960        18620
       37240            4           0.867       297920        37240
       37240            8           1.039       595840        74480
       37240           16           1.344      1191680       148960
       37240           32           2.133      2383360       297920
       37240           64           3.631      4766720       595840
       37240          128           6.679      9533440      1191680
       37240          256          12.559     19066880      2383360
       37240          512          24.483     38133760      4766720
       40936            1           0.834        81872        10234
       40936            2           0.832       163744        20468
       40936            4           0.796       327488        40936
       40936            8           1.114       654976        81872
       40936           16           1.427      1309952       163744
       40936           32           2.318      2619904       327488
       40936           64           3.876      5239808       654976
       40936          128           7.103     10479616      1309952
       40936          256          13.743     20959232      2619904
       40936          512          27.104     41918464      5239808
       45024            1           1.320        90048        11256
       45024            2           0.614       180096        22512
       45024            4           0.915       360192        45024
       45024            8           1.076       720384        90048
       45024           16           1.651      1440768       180096
       45024           32           2.838      2881536       360192
       45024           64           5.333      5763072       720384
       45024          128          10.105     11526144      1440768
       45024          256          18.567     23052288      2881536
       45024          512          29.572     46104576      5763072
       49504            1           1.381        99008        12376
       49504            2           0.678       198016        24752
       49504            4           0.803       396032        49504
       49504            8           1.200       792064        99008
       49504           16           1.572      1584128       198016
       49504           32           2.955      3168256       396032
       49504           64           5.577      6336512       792064
       49504          128          10.511     12673024      1584128
       49504          256          16.422     25346048      3168256
       49504          512          32.399     50692096      6336512
       54432            1           1.220       108864        13608
       54432            2           0.624       217728        27216
       54432            4           0.944       435456        54432
       54432            8           1.196       870912       108864
       54432           16           1.692      1741824       217728
       54432           32           2.815      3483648       435456
       54432           64           4.965      6967296       870912
       54432          128           9.201     13934592      1741824
       54432          256          17.971     27869184      3483648
       54432          512          35.224     55738368      6967296
       59864            1           1.264       119728        14966
       59864            2           0.956       239456        29932
       59864            4           0.926       478912        59864
       59864            8           1.336       957824       119728
       59864           16           1.888      1915648       239456
       59864           32           3.128      3831296       478912
       59864           64           5.366      7662592       957824
       59864          128          10.320     15325184      1915648
       59864          256          19.882     30650368      3831296
       59864          512          38.836     61300736      7662592
       65800            1           0.874       131600        16450
       65800            2           0.811       263200        32900
       65800            4           1.068       526400        65800
       65800            8           1.368      1052800       131600
       65800           16           2.091      2105600       263200
       65800           32           3.360      4211200       526400
       65800           64           6.100      8422400      1052800
       65800          128          11.350     16844800      2105600
       65800          256          21.610     33689600      4211200
       72352            1           1.054       144704        18088
       72352            2           1.158       289408        36176
       72352            4           1.155       578816        72352
       72352            8           1.472      1157632       144704
       72352           16           2.066      2315264       289408
       72352           32           3.479      4630528       578816
       72352           64           6.241      9261056      1157632
       72352          128          12.081     18522112      2315264
       72352          256          23.536     37044224      4630528
       79576            1           1.615       159152        19894
       79576            2           0.841       318304        39788
       79576            4           1.020       636608        79576
       79576            8           1.505      1273216       159152
       79576           16           2.256      2546432       318304
       79576           32           3.800      5092864       636608
       79576           64           6.929     10185728      1273216
       79576          128          13.298     20371456      2546432
       79576          256          25.782     40742912      5092864
       87528            1           1.574       175056        21882
       87528            2           1.051       350112        43764
       87528            4           1.107       700224        87528
       87528            8           1.647      1400448       175056
       87528           16           2.412      2800896       350112
       87528           32           4.137      5601792       700224
       87528           64           7.578     11203584      1400448
       87528          128          14.494     22407168      2800896
       87528          256          28.401     44814336      5601792
       96264            1           1.527       192528        24066
       96264            2           0.934       385056        48132
       96264            4           1.239       770112        96264
       96264            8           1.638      1540224       192528
       96264           16           2.671      3080448       385056
       96264           32           4.551      6160896       770112
       96264           64           8.202     12321792      1540224
       96264          128          18.994     24643584      3080448
       96264          256          32.631     49287168      6160896
      105840            1           2.005       211680        26460
      105840            2           0.956       423360        52920
      105840            4           1.348       846720       105840
      105840            8           1.760      1693440       211680
      105840           16           2.793      3386880       423360
      105840           32           4.893      6773760       846720
      105840           64           8.991     13547520      1693440
      105840          128          17.481     27095040      3386880
      105840          256          34.163     54190080      6773760
      116424            1           2.662       232848        29106
      116424            2           0.965       465696        58212
      116424            4           1.412       931392       116424
      116424            8           1.989      1862784       232848
      116424           16           3.141      3725568       465696
      116424           32           5.369      7451136       931392
      116424           64           9.885     14902272      1862784
      116424          128          19.089     29804544      3725568
      116424          256          37.319     59609088      7451136
      128016            1           2.335       256032        32004
      128016            2           0.916       512064        64008
      128016            4           1.424      1024128       128016
      128016            8           2.148      2048256       256032
      128016           16           3.257      4096512       512064
      128016           32           5.731      8193024      1024128
      128016           64          10.798     16386048      2048256
      128016          128          44.342     32772096      4096512
      140784            1           2.069       281568        35196
      140784            2           1.051       563136        70392
      140784            4           1.547      1126272       140784
      140784            8           2.234      2252544       281568
      140784           16           3.698      4505088       563136
      140784           32           6.390      9010176      1126272
      140784           64          11.809     18020352      2252544
      140784          128          22.727     36040704      4505088
      154840            1           2.582       309680        38710
      154840            2           1.209       619360        77420
      154840            4           1.589      1238720       154840
      154840            8           2.406      2477440       309680
      154840           16           3.859      4954880       619360
      154840           32           6.849      9909760      1238720
      154840           64          12.860     19819520      2477440
      154840          128          25.006     39639040      4954880
      170296            1           1.784       340592        42574
      170296            2           1.339       681184        85148
      170296            4           1.642      1362368       170296
      170296            8           2.521      2724736       340592
      170296           16           4.226      5449472       681184
      170296           32           7.427     10898944      1362368
      170296           64          14.233     21797888      2724736
      170296          128          27.376     43595776      5449472
      187320            1           2.521       374640        46830
      187320            2           1.358       749280        93660
      187320            4           1.732      1498560       187320
      187320            8           2.824      2997120       374640
      187320           16           4.595      5994240       749280
      187320           32           8.209     11988480      1498560
      187320           64          15.471     23976960      2997120
      187320          128          30.258     47953920      5994240
      206024            1           2.616       412048        51506
      206024            2           1.639       824096       103012
      206024            4           2.183      1648192       206024
      206024            8           3.021      3296384       412048
      206024           16           5.180      6592768       824096
      206024           32           8.977     13185536      1648192
      206024           64          16.994     26371072      3296384
      206024          128          33.131     52742144      6592768
      226576            1           2.863       453152        56644
      226576            2           1.540       906304       113288
      226576            4           2.291      1812608       226576
      226576            8           3.173      3625216       453152
      226576           16           5.357      7250432       906304
      226576           32           9.786     14500864      1812608
      226576           64          18.737     29001728      3625216
      226576          128          36.406     58003456      7250432
      249200            1           3.014       498400        62300
      249200            2           1.692       996800       124600
      249200            4           2.362      1993600       249200
      249200            8           3.921      3987200       498400
      249200           16           7.119      7974400       996800
      249200           32          13.230     15948800      1993600
      249200           64          25.690     31897600      3987200
      274120            1           3.804       548240        68530
      274120            2           1.938      1096480       137060
      274120            4           2.811      2192960       274120
      274120            8           4.794      4385920       548240
      274120           16           9.028      8771840      1096480
      274120           32          17.058     17543680      2192960
      274120           64          33.268     35087360      4385920
      301504            1           4.522       603008        75376
      301504            2           2.129      1206016       150752
      301504            4           3.393      2412032       301504
      301504            8           5.602      4824064       603008
      301504           16          10.442      9648128      1206016
      301504           32          19.854     19296256      2412032
      301504           64          38.947     38592512      4824064
      331632            1           5.246       663264        82908
      331632            2           2.489      1326528       165816
      331632            4           3.546      2653056       331632
      331632            8           6.264      5306112       663264
      331632           16          11.393     10612224      1326528
      331632           32          21.964     21224448      2653056
      331632           64          42.754     42448896      5306112
      364784            1           5.398       729568        91196
      364784            2           2.608      1459136       182392
      364784            4           4.009      2918272       364784
      364784            8           6.720      5836544       729568
      364784           16          12.398     11673088      1459136
      364784           32          23.971     23346176      2918272
      364784           64          46.846     46692352      5836544
      401240            1           5.824       802480       100310
      401240            2           2.716      1604960       200620
      401240            4           4.226      3209920       401240
      401240            8           7.425      6419840       802480
      401240           16          13.772     12839680      1604960
      401240           32          26.352     25679360      3209920
      401240           64          51.644     51358720      6419840
      441336            1           7.145       882672       110334
      441336            2           3.168      1765344       220668
      441336            4           4.616      3530688       441336
      441336            8           8.201      7061376       882672
      441336           16          15.015     14122752      1765344
      441336           32          29.013     28245504      3530688
      441336           64          56.798     56491008      7061376
      485464            1           8.047       970928       121366
      485464            2           3.167      1941856       242732
      485464            4           5.861      3883712       485464
      485464            8          10.448      7767424       970928
      485464           16          19.575     15534848      1941856
      485464           32          32.076     31069696      3883712
      533960            1           6.705      1067920       133490
      533960            2           3.478      2135840       266980
      533960            4           5.493      4271680       533960
      533960            8           9.742      8543360      1067920
      533960           16          18.023     17086720      2135840
      533960           32          34.758     34173440      4271680
      587328            1          19.689      1174656       146832
      587328            2          12.180      2349312       293664
      587328            4          17.831      4698624       587328
      587328            8          35.487      9397248      1174656
      587328           16          70.632     18794496      2349312
      587328           32          53.975     37588992      4698624
      646016            1           8.189      1292032       161504
      646016            2           3.756      2584064       323008
      646016            4           6.426      5168128       646016
      646016            8          11.364     10336256      1292032
      646016           16          21.672     20672512      2584064
      646016           32          42.071     41345024      5168128
      710584            1           8.732      1421168       177646
      710584            2           4.336      2842336       355292
      710584            4           7.001      5684672       710584
      710584            8          12.620     11369344      1421168
      710584           16          23.697     22738688      2842336
      710584           32          46.146     45477376      5684672
      781592            1          10.220      1563184       195398
      781592            2           4.730      3126368       390796
      781592            4           7.853      6252736       781592
      781592            8          13.783     12505472      1563184
      781592           16          26.036     25010944      3126368
      781592           32          50.522     50021888      6252736
      859712            1          10.957      1719424       214928
      859712            2           4.766      3438848       429856
      859712            4           8.543      6877696       859712
      859712            8          15.070     13755392      1719424
      859712           16          28.697     27510784      3438848
      859712           32          55.399     55021568      6877696
      945672            1          10.257      1891344       236418
      945672            2           5.435      3782688       472836
      945672            4           9.535      7565376       945672
      945672            8          16.741     15130752      1891344
      945672           16          31.456     30261504      3782688
      945672           32          83.038     60523008      7565376
     1040200            1          12.399      2080400       260050
     1040200            2           5.791      4160800       520100
     1040200            4          21.264      8321600      1040200
     1040200            8          19.369     16643200      2080400
     1040200           16          34.223     33286400      4160800
     1144192            1          12.949      2288384       286048
     1144192            2           6.591      4576768       572096
     1144192            4          11.146      9153536      1144192
     1144192            8          20.056     18307072      2288384
     1144192           16          37.918     36614144      4576768
     1258600            1          14.195      2517200       314650
     1258600            2           7.145      5034400       629300
     1258600            4          12.165     10068800      1258600
     1258600            8          21.788     20137600      2517200
     1258600           16          41.829     40275200      5034400
     1384432            1          17.042      2768864       346108
     1384432            2           7.842      5537728       692216
     1384432            4          13.293     11075456      1384432
     1384432            8          24.141     22150912      2768864
     1384432           16          45.563     44301824      5537728
     1522864            1          17.614      3045728       380716
     1522864            2           8.540      6091456       761432
     1522864            4          14.623     12182912      1522864
     1522864            8          26.363     24365824      3045728
     1522864           16          50.362     48731648      6091456
     1675128            1          20.208      3350256       418782
     1675128            2           9.148      6700512       837564
     1675128            4          19.253     13401024      1675128
     1675128            8          33.301     26802048      3350256
     1675128           16          63.677     53604096      6700512
     1842624            1          22.485      3685248       460656
     1842624            2          10.159      7370496       921312
     1842624            4          17.388     14740992      1842624
     1842624            8          31.825     29481984      3685248
     1842624           16          60.499     58963968      7370496
     2026864            1          25.583      4053728       506716
     2026864            2          11.288      8107456      1013432
     2026864            4          19.090     16214912      2026864
     2026864            8          34.846     32429824      4053728
     2229528            1          25.308      4459056       557382
     2229528            2          12.193      8918112      1114764
     2229528            4          21.079     17836224      2229528
     2229528            8          38.385     35672448      4459056
     2452464            1          27.371      4904928       613116
     2452464            2          13.473      9809856      1226232
     2452464            4          22.896     19619712      2452464
     2452464            8          42.065     39239424      4904928
     2697688            1          30.306      5395376       674422
     2697688            2          14.637     10790752      1348844
     2697688            4          25.257     21581504      2697688
     2697688            8          46.239     43163008      5395376
     2967440            1          33.278      5934880       741860
     2967440            2          16.603     11869760      1483720
     2967440            4          27.591     23739520      2967440
     2967440            8          50.954     47479040      5934880
     3264184            1          37.477      6528368       816046
     3264184            2          18.375     13056736      1632092
     3264184            4          30.520     26113472      3264184
     3264184            8          55.691     52226944      6528368
     3590552            1          43.046      7181104       897638
     3590552            2          20.478     14362208      1795276
     3590552            4          33.573     28724416      3590552
     3590552            8          61.644     57448832      7181104
     3949568            1          54.286      7899136       987392
     3949568            2          25.339     15798272      1974784
     3949568            4          40.455     31596544      3949568
     4344480            1          47.241      8688960      1086120
     4344480            2          25.132     17377920      2172240
     4344480            4          41.749     34755840      4344480
     4778928            1          52.695      9557856      1194732
     4778928            2          29.204     19115712      2389464
     4778928            4          47.571     38231424      4778928
     5256776            1          60.868     10513552      1314194
     5256776            2          34.002     21027104      2628388
     5256776            4          52.398     42054208      5256776
     5782448            1          62.889     11564896      1445612
     5782448            2          38.726     23129792      2891224
     5782448            4          59.601     46259584      5782448
     6360648            1          65.109     12721296      1590162
     6360648            2          46.391     25442592      3180324
     6360648            4          68.888     50885184      6360648
     6996696            1          66.148     13993392      1749174
     6996696            2          55.594     27986784      3498348
     6996696            4         101.131     55973568      6996696
     7696360            1          89.475     15392720      1924090
     7696360            2          74.779     30785440      3848180
     7696360            4          97.222     61570880      7696360
     8465968            1          72.359     16931936      2116492
     8465968            2          83.225     33863872      4232984
     9312520            1          79.707     18625040      2328130
     9312520            2         101.780     37250080      4656260
    10243744            1          82.608     20487488      2560936
    10243744            2         118.227     40974976      5121872
    11268096            1          92.046     22536192      2817024
    11268096            2         147.875     45072384      5634048
    12394872            1          99.983     24789744      3098718
    12394872            2         159.311     49579488      6197436
    13634320            1         113.284     27268640      3408580
    13634320            2         179.877     54537280      6817160
    14997752            1         134.983     29995504      3749438
    14997752            2         219.208     59991008      7498876
    16497488            1         135.012     32994976      4124372
    18147192            1         156.186     36294384      4536798
    19961872            1         178.900     39923744      4990468
    21958048            1         218.016     43916096      5489512
    24153808            1         240.096     48307616      6038452
    26569144            1         285.652     53138288      6642286
    29226008            1         335.693     58452016      7306502

META_DATA
FLOPS          2
OPENMP_THREADS 7
ERT_VERSION  1.1.0
HOSTNAME  ('cirrus4.computing.clemson.edu', ['cirrus4'], ['127.0.1.1'])
UNAME  uname_result(system='Linux', node='cirrus4.computing.clemson.edu', release='5.4.0-81-generic', version='#91-Ubuntu SMP Thu Jul 15 19:09:17 UTC 2021', machine='x86_64', processor='x86_64')
TIMESTAMP_DATA  1632245405.7312434
CONFIG  {'ERT_RESULTS': ['Results.cs.clemson.edu'], 'ERT_DRIVER': ['driver1'], 'ERT_KERNEL': ['kernel1'], 'ERT_MPI': ['False'], 'ERT_MPI_CFLAGS': [], 'ERT_MPI_LDFLAGS': [], 'ERT_OPENMP': ['True'], 'ERT_OPENMP_CFLAGS': ['-fopenmp'], 'ERT_OPENMP_LDFLAGS': ['-fopenmp'], 'ERT_FLOPS': ['1,2,4'], 'ERT_ALIGN': ['32'], 'ERT_CC': ['g++'], 'ERT_CFLAGS': ['-O3', '-std=c++11', '-fstrict-aliasing', '-march=native'], 'ERT_LD': ['g++'], 'ERT_LDFLAGS': [], 'ERT_LDLIBS': [], 'ERT_PRECISION': ['FP64'], 'ERT_RUN': ['export', 'OMP_NUM_THREADS=ERT_OPENMP_THREADS;', 'export', 'OMP_PLACES=threads;', 'export', 'OMP_PROC_BIND=spread;', './ERT_CODE'], 'ERT_PROCS_THREADS': ['8'], 'ERT_MPI_PROCS': ['2,4,8'], 'ERT_OPENMP_THREADS': ['1-8'], 'ERT_NUM_EXPERIMENTS': ['5'], 'ERT_MEMORY_MAX': ['31000000'], 'ERT_WORKING_SET_MIN': ['1'], 'ERT_TRIALS_MIN': ['1'], 'ERT_GNUPLOT': ['gnuplot'], 'ERT_GPU': [False], 'ERT_HIP': [False], 'ERT_OCL': [False], 'ERT_SYCL': [False], 'ERT_WSS_MULT': [1.1]}
