fp64
          32            1           0.826           64            8
          32            2           0.321          128           16
          32            4           0.467          256           32
          32            8           0.366          512           64
          32           16           0.373         1024          128
          32           32           0.438         2048          256
          32           64           0.634         4096          512
          32          128           0.569         8192         1024
          32          256           1.044        16384         2048
          32          512           1.592        32768         4096
          32         1024           2.747        65536         8192
          32         2048           5.031       131072        16384
          32         4096           9.466       262144        32768
          32         8192          18.438       524288        65536
          32        16384          36.560      1048576       131072
          32        32768          72.789      2097152       262144
          32        65536         169.470      4194304       524288
          32       131072         290.235      8388608      1048576
          32       262144         580.269     16777216      2097152
          32       524288        1160.262     33554432      4194304
          64            1           0.397          128           16
          64            2           0.383          256           32
          64            4           0.464          512           64
          64            8           0.442         1024          128
          64           16           0.519         2048          256
          64           32           0.549         4096          512
          64           64           0.521         8192         1024
          64          128           0.605        16384         2048
          64          256           0.876        32768         4096
          64          512           1.470        65536         8192
          64         1024           2.874       131072        16384
          64         2048           5.152       262144        32768
          64         4096           9.747       524288        65536
          64         8192          19.155      1048576       131072
          64        16384          37.914      2097152       262144
          64        32768          75.335      4194304       524288
          64        65536         150.422      8388608      1048576
          64       131072         300.338     16777216      2097152
          64       262144         620.852     33554432      4194304
          96            1           0.306          192           24
          96            2           0.445          384           48
          96            4           0.442          768           96
          96            8           0.394         1536          192
          96           16           0.404         3072          384
          96           32           0.323         6144          768
          96           64           0.492        12288         1536
          96          128           0.709        24576         3072
          96          256           1.040        49152         6144
          96          512           1.495        98304        12288
          96         1024           2.566       196608        24576
          96         2048           4.978       393216        49152
          96         4096           9.598       786432        98304
          96         8192          18.959      1572864       196608
          96        16384          37.440      3145728       393216
          96        32768          74.665      6291456       786432
          96        65536         148.964     12582912      1572864
          96       131072         297.862     25165824      3145728
          96       262144         595.345     50331648      6291456
         128            1           0.263          256           32
         128            2           0.405          512           64
         128            4           0.490         1024          128
         128            8           0.510         2048          256
         128           16           0.362         4096          512
         128           32           0.287         8192         1024
         128           64           0.588        16384         2048
         128          128           0.821        32768         4096
         128          256           0.943        65536         8192
         128          512           1.369       131072        16384
         128         1024           2.452       262144        32768
         128         2048           4.689       524288        65536
         128         4096           9.071      1048576       131072
         128         8192          17.785      2097152       262144
         128        16384          35.461      4194304       524288
         128        32768          70.548      8388608      1048576
         128        65536         140.806     16777216      2097152
         128       131072         281.227     33554432      4194304
         160            1           0.243          320           40
         160            2           0.490          640           80
         160            4           0.375         1280          160
         160            8           0.362         2560          320
         160           16           0.356         5120          640
         160           32           0.572        10240         1280
         160           64           0.594        20480         2560
         160          128           0.719        40960         5120
         160          256           0.864        81920        10240
         160          512           1.327       163840        20480
         160         1024           2.481       327680        40960
         160         2048           4.790       655360        81920
         160         4096           9.164      1310720       163840
         160         8192          17.968      2621440       327680
         160        16384          35.555      5242880       655360
         160        32768          70.842     10485760      1310720
         160        65536         141.268     20971520      2621440
         160       131072         293.928     41943040      5242880
         192            1           0.280          384           48
         192            2           0.514          768           96
         192            4           0.362         1536          192
         192            8           0.511         3072          384
         192           16           0.490         6144          768
         192           32           0.401        12288         1536
         192           64           0.497        24576         3072
         192          128           0.731        49152         6144
         192          256           0.988        98304        12288
         192          512           1.369       196608        24576
         192         1024           2.485       393216        49152
         192         2048           4.785       786432        98304
         192         4096           9.201      1572864       196608
         192         8192          18.157      3145728       393216
         192        16384          35.786      6291456       786432
         192        32768          71.185     12582912      1572864
         192        65536         142.088     25165824      3145728
         192       131072         283.772     50331648      6291456
         224            1           0.279          448           56
         224            2           0.413          896          112
         224            4           0.361         1792          224
         224            8           0.399         3584          448
         224           16           0.408         7168          896
         224           32           0.379        14336         1792
         224           64           0.647        28672         3584
         224          128           0.603        57344         7168
         224          256           0.939       114688        14336
         224          512           1.299       229376        28672
         224         1024           2.553       458752        57344
         224         2048           4.735       917504       114688
         224         4096           9.177      1835008       229376
         224         8192          18.136      3670016       458752
         224        16384          35.941      7340032       917504
         224        32768          71.335     14680064      1835008
         224        65536         142.158     29360128      3670016
         224       131072         284.059     58720256      7340032
         256            1           0.254          512           64
         256            2           0.485         1024          128
         256            4           0.412         2048          256
         256            8           0.537         4096          512
         256           16           0.360         8192         1024
         256           32           0.409        16384         2048
         256           64           0.599        32768         4096
         256          128           0.618        65536         8192
         256          256           0.876       131072        16384
         256          512           1.512       262144        32768
         256         1024           2.431       524288        65536
         256         2048           4.657      1048576       131072
         256         4096           9.070      2097152       262144
         256         8192          17.881      4194304       524288
         256        16384          35.560      8388608      1048576
         256        32768          70.492     16777216      2097152
         256        65536         140.805     33554432      4194304
         288            1           0.259          576           72
         288            2           0.471         1152          144
         288            4           0.530         2304          288
         288            8           0.516         4608          576
         288           16           0.438         9216         1152
         288           32           0.422        18432         2304
         288           64           0.433        36864         4608
         288          128           0.579        73728         9216
         288          256           0.823       147456        18432
         288          512           1.473       294912        36864
         288         1024           2.458       589824        73728
         288         2048           4.646      1179648       147456
         288         4096          18.647      2359296       294912
         288         8192          17.960      4718592       589824
         288        16384          35.779      9437184      1179648
         288        32768          70.980     18874368      2359296
         288        65536         141.559     37748736      4718592
         320            1           0.317          640           80
         320            2           0.391         1280          160
         320            4           0.358         2560          320
         320            8           0.397         5120          640
         320           16           0.539        10240         1280
         320           32           0.400        20480         2560
         320           64           0.569        40960         5120
         320          128           0.605        81920        10240
         320          256           0.919       163840        20480
         320          512           1.506       327680        40960
         320         1024           2.565       655360        81920
         320         2048           4.890      1310720       163840
         320         4096          18.406      2621440       327680
         320         8192          18.053      5242880       655360
         320        16384          35.677     10485760      1310720
         320        32768          71.091     20971520      2621440
         320        65536         141.248     41943040      5242880
         352            1           0.237          704           88
         352            2           0.327         1408          176
         352            4           0.350         2816          352
         352            8           0.388         5632          704
         352           16           0.536        11264         1408
         352           32           0.546        22528         2816
         352           64           0.647        45056         5632
         352          128           0.623        90112        11264
         352          256           1.051       180224        22528
         352          512           1.626       360448        45056
         352         1024           2.706       720896        90112
         352         2048           4.735      1441792       180224
         352         4096           9.117      2883584       360448
         352         8192          17.976      5767168       720896
         352        16384          35.678     11534336      1441792
         352        32768          71.069     23068672      2883584
         352        65536         141.890     46137344      5767168
         384            1           0.302          768           96
         384            2           0.395         1536          192
         384            4           0.437         3072          384
         384            8           0.531         6144          768
         384           16           0.544        12288         1536
         384           32           0.436        24576         3072
         384           64           0.422        49152         6144
         384          128           0.658        98304        12288
         384          256           0.900       196608        24576
         384          512           1.611       393216        49152
         384         1024           2.507       786432        98304
         384         2048           4.776      1572864       196608
         384         4096           9.250      3145728       393216
         384         8192          17.973      6291456       786432
         384        16384          36.065     12582912      1572864
         384        32768          70.710     25165824      3145728
         384        65536         143.430     50331648      6291456
         416            1           0.446          832          104
         416            2           0.455         1664          208
         416            4           0.356         3328          416
         416            8           0.463         6656          832
         416           16           0.437        13312         1664
         416           32           0.558        26624         3328
         416           64           0.518        53248         6656
         416          128           0.640       106496        13312
         416          256           0.845       212992        26624
         416          512           1.419       425984        53248
         416         1024           2.622       851968       106496
         416         2048           4.735      1703936       212992
         416         4096           9.168      3407872       425984
         416         8192          18.163      6815744       851968
         416        16384          35.927     13631488      1703936
         416        32768          71.233     27262976      3407872
         416        65536         142.112     54525952      6815744
         448            1           0.220          896          112
         448            2           0.327         1792          224
         448            4           0.405         3584          448
         448            8           0.556         7168          896
         448           16           0.403        14336         1792
         448           32           0.363        28672         3584
         448           64           0.466        57344         7168
         448          128           0.624       114688        14336
         448          256           0.914       229376        28672
         448          512           1.627       458752        57344
         448         1024           2.577       917504       114688
         448         2048           4.722      1835008       229376
         448         4096           9.188      3670016       458752
         448         8192          18.095      7340032       917504
         448        16384          35.916     14680064      1835008
         448        32768          71.379     29360128      3670016
         448        65536         142.731     58720256      7340032
         480            1           0.639          960          120
         480            2           0.488         1920          240
         480            4           0.502         3840          480
         480            8           0.490         7680          960
         480           16           0.254        15360         1920
         480           32           0.440        30720         3840
         480           64           0.574        61440         7680
         480          128           0.749       122880        15360
         480          256           0.889       245760        30720
         480          512           1.467       491520        61440
         480         1024           2.652       983040       122880
         480         2048           4.788      1966080       245760
         480         4096           9.730      3932160       491520
         480         8192          18.200      7864320       983040
         480        16384          35.907     15728640      1966080
         480        32768          71.469     31457280      3932160
         512            1           0.277         1024          128
         512            2           0.434         2048          256
         512            4           0.493         4096          512
         512            8           0.441         8192         1024
         512           16           0.525        16384         2048
         512           32           0.418        32768         4096
         512           64           0.438        65536         8192
         512          128           0.598       131072        16384
         512          256           0.868       262144        32768
         512          512           1.441       524288        65536
         512         1024           2.691      1048576       131072
         512         2048           4.804      2097152       262144
         512         4096           9.254      4194304       524288
         512         8192          18.039      8388608      1048576
         512        16384          35.910     16777216      2097152
         512        32768          71.619     33554432      4194304
         544            1           0.247         1088          136
         544            2           0.527         2176          272
         544            4           0.465         4352          544
         544            8           0.342         8704         1088
         544           16           0.470        17408         2176
         544           32           0.458        34816         4352
         544           64           0.462        69632         8704
         544          128           0.610       139264        17408
         544          256           0.829       278528        34816
         544          512           1.563       557056        69632
         544         1024           2.589      1114112       139264
         544         2048           4.840      2228224       278528
         544         4096           9.228      4456448       557056
         544         8192          18.221      8912896      1114112
         544        16384          35.803     17825792      2228224
         544        32768          71.230     35651584      4456448
         576            1           0.256         1152          144
         576            2           0.480         2304          288
         576            4           0.309         4608          576
         576            8           0.338         9216         1152
         576           16           0.352        18432         2304
         576           32           0.375        36864         4608
         576           64           0.346        73728         9216
         576          128           0.602       147456        18432
         576          256           0.977       294912        36864
         576          512           1.590       589824        73728
         576         1024           2.714      1179648       147456
         576         2048           4.873      2359296       294912
         576         4096           9.139      4718592       589824
         576         8192          18.185      9437184      1179648
         576        16384          35.957     18874368      2359296
         576        32768          71.436     37748736      4718592
         608            1           0.260         1216          152
         608            2           0.426         2432          304
         608            4           0.468         4864          608
         608            8           0.652         9728         1216
         608           16           0.535        19456         2432
         608           32           0.415        38912         4864
         608           64           0.496        77824         9728
         608          128           0.571       155648        19456
         608          256           0.937       311296        38912
         608          512           1.688       622592        77824
         608         1024           2.688      1245184       155648
         608         2048           4.992      2490368       311296
         608         4096           9.620      4980736       622592
         608         8192          19.049      9961472      1245184
         608        16384          37.570     19922944      2490368
         608        32768          74.768     39845888      4980736
         640            1           0.220         1280          160
         640            2           0.536         2560          320
         640            4           0.419         5120          640
         640            8           0.423        10240         1280
         640           16           0.394        20480         2560
         640           32           0.545        40960         5120
         640           64           0.683        81920        10240
         640          128           0.579       163840        20480
         640          256           1.085       327680        40960
         640          512           1.576       655360        81920
         640         1024           2.612      1310720       163840
         640         2048           4.881      2621440       327680
         640         4096           9.264      5242880       655360
         640         8192          18.245     10485760      1310720
         640        16384          36.352     20971520      2621440
         640        32768          72.799     41943040      5242880
         704            1           0.769         1408          176
         704            2           0.473         2816          352
         704            4           0.535         5632          704
         704            8           0.436        11264         1408
         704           16           0.456        22528         2816
         704           32           0.589        45056         5632
         704           64           0.505        90112        11264
         704          128           0.789       180224        22528
         704          256           0.941       360448        45056
         704          512           1.464       720896        90112
         704         1024           2.612      1441792       180224
         704         2048           5.173      2883584       360448
         704         4096           9.815      5767168       720896
         704         8192          19.229     11534336      1441792
         704        16384          38.085     23068672      2883584
         704        32768          75.697     46137344      5767168
         768            1           0.287         1536          192
         768            2           0.338         3072          384
         768            4           0.468         6144          768
         768            8           0.459        12288         1536
         768           16           0.495        24576         3072
         768           32           0.453        49152         6144
         768           64           0.585        98304        12288
         768          128           0.648       196608        24576
         768          256           0.896       393216        49152
         768          512           1.636       786432        98304
         768         1024           3.071      1572864       196608
         768         2048           5.891      3145728       393216
         768         4096          11.580      6291456       786432
         768         8192          22.928     12582912      1572864
         768        16384          45.784     25165824      3145728
         768        32768          90.874     50331648      6291456
         832            1           0.318         1664          208
         832            2           0.370         3328          416
         832            4           0.441         6656          832
         832            8           0.381        13312         1664
         832           16           0.498        26624         3328
         832           32           0.438        53248         6656
         832           64           0.492       106496        13312
         832          128           0.665       212992        26624
         832          256           1.122       425984        53248
         832          512           1.973       851968       106496
         832         1024           3.728      1703936       212992
         832         2048           7.235      3407872       425984
         832         4096          14.301      6815744       851968
         832         8192          28.295     13631488      1703936
         832        16384          56.292     27262976      3407872
         832        32768         112.307     54525952      6815744
         896            1           0.285         1792          224
         896            2           0.426         3584          448
         896            4           0.372         7168          896
         896            8           0.536        14336         1792
         896           16           0.460        28672         3584
         896           32           0.574        57344         7168
         896           64           0.497       114688        14336
         896          128           0.693       229376        28672
         896          256           1.039       458752        57344
         896          512           1.945       917504       114688
         896         1024           3.632      1835008       229376
         896         2048           7.028      3670016       458752
         896         4096          13.847      7340032       917504
         896         8192          27.487     14680064      1835008
         896        16384          54.715     29360128      3670016
         896        32768         109.154     58720256      7340032
         960            1           0.282         1920          240
         960            2           0.513         3840          480
         960            4           0.386         7680          960
         960            8           0.503        15360         1920
         960           16           0.427        30720         3840
         960           32           0.454        61440         7680
         960           64           0.513       122880        15360
         960          128           0.607       245760        30720
         960          256           1.020       491520        61440
         960          512           1.925       983040       122880
         960         1024           3.567      1966080       245760
         960         2048           6.937      3932160       491520
         960         4096          13.677      7864320       983040
         960         8192          27.184     15728640      1966080
         960        16384          53.912     31457280      3932160
        1056            1           0.231         2112          264
        1056            2           0.340         4224          528
        1056            4           0.395         8448         1056
        1056            8           0.538        16896         2112
        1056           16           0.459        33792         4224
        1056           32           0.457        67584         8448
        1056           64           0.523       135168        16896
        1056          128           0.690       270336        33792
        1056          256           1.188       540672        67584
        1056          512           2.102      1081344       135168
        1056         1024           3.958      2162688       270336
        1056         2048           7.665      4325376       540672
        1056         4096          15.332      8650752      1081344
        1056         8192          30.255     17301504      2162688
        1056        16384          60.177     34603008      4325376
        1152            1           0.589         2304          288
        1152            2           0.420         4608          576
        1152            4           0.341         9216         1152
        1152            8           0.481        18432         2304
        1152           16           0.426        36864         4608
        1152           32           0.472        73728         9216
        1152           64           0.504       147456        18432
        1152          128           0.759       294912        36864
        1152          256           1.252       589824        73728
        1152          512           2.277      1179648       147456
        1152         1024           4.361      2359296       294912
        1152         2048           8.497      4718592       589824
        1152         4096          16.820      9437184      1179648
        1152         8192          33.272     18874368      2359296
        1152        16384          66.284     37748736      4718592
        1248            1           0.358         2496          312
        1248            2           0.362         4992          624
        1248            4           0.386         9984         1248
        1248            8           0.576        19968         2496
        1248           16           0.442        39936         4992
        1248           32           0.473        79872         9984
        1248           64           0.660       159744        19968
        1248          128           0.728       319488        39936
        1248          256           1.272       638976        79872
        1248          512           2.345      1277952       159744
        1248         1024           4.462      2555904       319488
        1248         2048           8.667      5111808       638976
        1248         4096          17.095     10223616      1277952
        1248         8192          34.050     20447232      2555904
        1248        16384          67.622     40894464      5111808
        1344            1           0.633         2688          336
        1344            2           0.584         5376          672
        1344            4           0.417        10752         1344
        1344            8           0.510        21504         2688
        1344           16           0.409        43008         5376
        1344           32           0.490        86016        10752
        1344           64           0.553       172032        21504
        1344          128           0.744       344064        43008
        1344          256           1.291       688128        86016
        1344          512           2.483      1376256       172032
        1344         1024           4.686      2752512       344064
        1344         2048           9.129      5505024       688128
        1344         4096          18.035     11010048      1376256
        1344         8192          35.867     22020096      2752512
        1344        16384          71.417     44040192      5505024
        1472            1           0.339         2944          368
        1472            2           0.531         5888          736
        1472            4           0.580        11776         1472
        1472            8           0.509        23552         2944
        1472           16           0.487        47104         5888
        1472           32           0.440        94208        11776
        1472           64           0.610       188416        23552
        1472          128           0.777       376832        47104
        1472          256           1.380       753664        94208
        1472          512           2.589      1507328       188416
        1472         1024           4.965      3014656       376832
        1472         2048           9.743      6029312       753664
        1472         4096          19.258     12058624      1507328
        1472         8192          38.236     24117248      3014656
        1472        16384          76.205     48234496      6029312
        1600            1           0.323         3200          400
        1600            2           0.490         6400          800
        1600            4           0.440        12800         1600
        1600            8           0.373        25600         3200
        1600           16           0.449        51200         6400
        1600           32           0.471       102400        12800
        1600           64           0.588       204800        25600
        1600          128           0.836       409600        51200
        1600          256           1.544       819200       102400
        1600          512           2.720      1638400       204800
        1600         1024           5.278      3276800       409600
        1600         2048          10.386      6553600       819200
        1600         4096          20.508     13107200      1638400
        1600         8192          40.773     26214400      3276800
        1600        16384          81.328     52428800      6553600
        1760            1           1.160         3520          440
        1760            2           0.409         7040          880
        1760            4           0.399        14080         1760
        1760            8           0.517        28160         3520
        1760           16           0.442        56320         7040
        1760           32           0.521       112640        14080
        1760           64           0.671       225280        28160
        1760          128           0.897       450560        56320
        1760          256           1.563       901120       112640
        1760          512           2.888      1802240       225280
        1760         1024           5.631      3604480       450560
        1760         2048          10.960      7208960       901120
        1760         4096          21.666     14417920      1802240
        1760         8192          43.191     28835840      3604480
        1760        16384          86.052     57671680      7208960
        1920            1           0.339         3840          480
        1920            2           0.432         7680          960
        1920            4           0.429        15360         1920
        1920            8           0.564        30720         3840
        1920           16           0.460        61440         7680
        1920           32           0.538       122880        15360
        1920           64           0.702       245760        30720
        1920          128           0.806       491520        61440
        1920          256           1.425       983040       122880
        1920          512           2.761      1966080       245760
        1920         1024           5.255      3932160       491520
        1920         2048          10.283      7864320       983040
        1920         4096          20.153     15728640      1966080
        1920         8192          40.434     31457280      3932160
        2112            1           0.300         4224          528
        2112            2           0.363         8448         1056
        2112            4           0.615        16896         2112
        2112            8           0.382        33792         4224
        2112           16           0.423        67584         8448
        2112           32           0.506       135168        16896
        2112           64           0.650       270336        33792
        2112          128           0.959       540672        67584
        2112          256           1.736      1081344       135168
        2112          512           3.323      2162688       270336
        2112         1024           6.447      4325376       540672
        2112         2048          12.652      8650752      1081344
        2112         4096          25.077     17301504      2162688
        2112         8192          49.896     34603008      4325376
        2304            1           0.648         4608          576
        2304            2           0.535         9216         1152
        2304            4           0.399        18432         2304
        2304            8           0.438        36864         4608
        2304           16           0.334        73728         9216
        2304           32           0.512       147456        18432
        2304           64           0.645       294912        36864
        2304          128           0.965       589824        73728
        2304          256           1.688      1179648       147456
        2304          512           3.220      2359296       294912
        2304         1024           6.281      4718592       589824
        2304         2048          12.216      9437184      1179648
        2304         4096          24.243     18874368      2359296
        2304         8192          48.205     37748736      4718592
        2528            1           0.346         5056          632
        2528            2           0.526        10112         1264
        2528            4           0.435        20224         2528
        2528            8           0.363        40448         5056
        2528           16           0.563        80896        10112
        2528           32           0.551       161792        20224
        2528           64           0.763       323584        40448
        2528          128           1.132       647168        80896
        2528          256           1.992      1294336       161792
        2528          512           3.721      2588672       323584
        2528         1024           7.200      5177344       647168
        2528         2048          14.332     10354688      1294336
        2528         4096          28.286     20709376      2588672
        2528         8192          56.387     41418752      5177344
        2752            1           0.356         5504          688
        2752            2           0.535        11008         1376
        2752            4           0.506        22016         2752
        2752            8           0.572        44032         5504
        2752           16           0.630        88064        11008
        2752           32           0.561       176128        22016
        2752           64           0.771       352256        44032
        2752          128           1.147       704512        88064
        2752          256           2.049      1409024       176128
        2752          512           3.980      2818048       352256
        2752         1024           7.575      5636096       704512
        2752         2048          14.921     11272192      1409024
        2752         4096          29.643     22544384      2818048
        2752         8192          59.047     45088768      5636096
        3008            1           0.355         6016          752
        3008            2           0.431        12032         1504
        3008            4           0.607        24064         3008
        3008            8           0.432        48128         6016
        3008           16           0.466        96256        12032
        3008           32           0.634       192512        24064
        3008           64           0.860       385024        48128
        3008          128           1.222       770048        96256
        3008          256           2.222      1540096       192512
        3008          512           4.177      3080192       385024
        3008         1024           8.071      6160384       770048
        3008         2048          15.896     12320768      1540096
        3008         4096          31.535     24641536      3080192
        3008         8192          62.706     49283072      6160384
        3296            1           0.387         6592          824
        3296            2           0.439        13184         1648
        3296            4           0.434        26368         3296
        3296            8           0.653        52736         6592
        3296           16           0.471       105472        13184
        3296           32           0.688       210944        26368
        3296           64           0.815       421888        52736
        3296          128           1.280       843776       105472
        3296          256           2.379      1687552       210944
        3296          512           4.411      3375104       421888
        3296         1024           8.619      6750208       843776
        3296         2048          17.024     13500416      1687552
        3296         4096          33.792     27000832      3375104
        3296         8192          67.266     54001664      6750208
        3616            1           0.439         7232          904
        3616            2           0.383        14464         1808
        3616            4           0.603        28928         3616
        3616            8           0.537        57856         7232
        3616           16           0.514       115712        14464
        3616           32           0.613       231424        28928
        3616           64           0.867       462848        57856
        3616          128           1.367       925696       115712
        3616          256           2.525      1851392       231424
        3616          512           4.685      3702784       462848
        3616         1024           9.137      7405568       925696
        3616         2048          18.040     14811136      1851392
        3616         4096          35.788     29622272      3702784
        3616         8192          71.281     59244544      7405568
        3968            1           0.346         7936          992
        3968            2           0.348        15872         1984
        3968            4           0.404        31744         3968
        3968            8           0.452        63488         7936
        3968           16           0.542       126976        15872
        3968           32           0.745       253952        31744
        3968           64           0.892       507904        63488
        3968          128           1.415      1015808       126976
        3968          256           2.592      2031616       253952
        3968          512           5.000      4063232       507904
        3968         1024           9.717      8126464      1015808
        3968         2048          19.084     16252928      2031616
        3968         4096          37.772     32505856      4063232
        4352            1           0.359         8704         1088
        4352            2           0.428        17408         2176
        4352            4           0.380        34816         4352
        4352            8           0.428        69632         8704
        4352           16           0.560       139264        17408
        4352           32           0.833       278528        34816
        4352           64           1.187       557056        69632
        4352          128           1.935      1114112       139264
        4352          256           3.468      2228224       278528
        4352          512           6.550      4456448       557056
        4352         1024          12.870      8912896      1114112
        4352         2048          25.299     17825792      2228224
        4352         4096          50.047     35651584      4456448
        4768            1           0.393         9536         1192
        4768            2           0.568        19072         2384
        4768            4           0.522        38144         4768
        4768            8           0.454        76288         9536
        4768           16           0.621       152576        19072
        4768           32           0.813       305152        38144
        4768           64           1.042       610304        76288
        4768          128           1.636      1220608       152576
        4768          256           3.033      2441216       305152
        4768          512           5.795      4882432       610304
        4768         1024          11.338      9764864      1220608
        4768         2048          22.458     19529728      2441216
        4768         4096          44.698     39059456      4882432
        5216            1           0.401        10432         1304
        5216            2           0.575        20864         2608
        5216            4           0.564        41728         5216
        5216            8           0.546        83456        10432
        5216           16           0.725       166912        20864
        5216           32           0.828       333824        41728
        5216           64           1.294       667648        83456
        5216          128           2.121      1335296       166912
        5216          256           4.016      2670592       333824
        5216          512           7.490      5341184       667648
        5216         1024          14.712     10682368      1335296
        5216         2048          29.293     21364736      2670592
        5216         4096          58.116     42729472      5341184
        5728            1           0.442        11456         1432
        5728            2           0.515        22912         2864
        5728            4           0.438        45824         5728
        5728            8           0.500        91648        11456
        5728           16           0.653       183296        22912
        5728           32           0.911       366592        45824
        5728           64           1.409       733184        91648
        5728          128           2.234      1466368       183296
        5728          256           4.373      2932736       366592
        5728          512           8.137      5865472       733184
        5728         1024          15.796     11730944      1466368
        5728         2048          31.303     23461888      2932736
        5728         4096          62.272     46923776      5865472
        6272            1           0.431        12544         1568
        6272            2           0.560        25088         3136
        6272            4           0.412        50176         6272
        6272            8           0.518       100352        12544
        6272           16           0.578       200704        25088
        6272           32           0.774       401408        50176
        6272           64           1.249       802816       100352
        6272          128           1.972      1605632       200704
        6272          256           3.739      3211264       401408
        6272          512           7.318      6422528       802816
        6272         1024          14.243     12845056      1605632
        6272         2048          28.309     25690112      3211264
        6272         4096          69.524     51380224      6422528
        6880            1           0.463        13760         1720
        6880            2           0.479        27520         3440
        6880            4           0.548        55040         6880
        6880            8           0.508       110080        13760
        6880           16           0.714       220160        27520
        6880           32           0.763       440320        55040
        6880           64           1.238       880640       110080
        6880          128           2.187      1761280       220160
        6880          256           4.133      3522560       440320
        6880          512           7.980      7045120       880640
        6880         1024          15.782     14090240      1761280
        6880         2048          31.342     28180480      3522560
        6880         4096          62.372     56360960      7045120
        7552            1           0.589        15104         1888
        7552            2           0.567        30208         3776
        7552            4           0.436        60416         7552
        7552            8           0.444       120832        15104
        7552           16           0.634       241664        30208
        7552           32           0.848       483328        60416
        7552           64           1.314       966656       120832
        7552          128           2.307      1933312       241664
        7552          256           4.459      3866624       483328
        7552          512           8.579      7733248       966656
        7552         1024          16.869     15466496      1933312
        7552         2048          33.525     30932992      3866624
        7552         4096          67.049     61865984      7733248
        8288            1           0.411        16576         2072
        8288            2           0.641        33152         4144
        8288            4           0.498        66304         8288
        8288            8           0.703       132608        16576
        8288           16           0.700       265216        33152
        8288           32           0.920       530432        66304
        8288           64           1.537      1060864       132608
        8288          128           2.577      2121728       265216
        8288          256           4.871      4243456       530432
        8288          512           9.603      8486912      1060864
        8288         1024          18.707     16973824      2121728
        8288         2048          37.143     33947648      4243456
        9088            1           0.365        18176         2272
        9088            2           0.526        36352         4544
        9088            4           0.399        72704         9088
        9088            8           0.553       145408        18176
        9088           16           0.756       290816        36352
        9088           32           1.062       581632        72704
        9088           64           1.512      1163264       145408
        9088          128           2.755      2326528       290816
        9088          256           5.167      4653056       581632
        9088          512          10.163      9306112      1163264
        9088         1024          19.953     18612224      2326528
        9088         2048          39.779     37224448      4653056
        9984            1           0.352        19968         2496
        9984            2           0.657        39936         4992
        9984            4           0.499        79872         9984
        9984            8           0.573       159744        19968
        9984           16           0.733       319488        39936
        9984           32           1.216       638976        79872
        9984           64           1.904      1277952       159744
        9984          128           3.377      2555904       319488
        9984          256           6.471      5111808       638976
        9984          512          12.370     10223616      1277952
        9984         1024          24.592     20447232      2555904
        9984         2048          48.769     40894464      5111808
       10976            1           0.513        21952         2744
       10976            2           0.403        43904         5488
       10976            4           0.654        87808        10976
       10976            8           0.653       175616        21952
       10976           16           0.763       351232        43904
       10976           32           1.333       702464        87808
       10976           64           2.053      1404928       175616
       10976          128           3.752      2809856       351232
       10976          256           7.062      5619712       702464
       10976          512          13.432     11239424      1404928
       10976         1024          26.685     22478848      2809856
       10976         2048          52.927     44957696      5619712
       12064            1           0.486        24128         3016
       12064            2           0.448        48256         6032
       12064            4           0.742        96512        12064
       12064            8           0.603       193024        24128
       12064           16           0.759       386048        48256
       12064           32           1.180       772096        96512
       12064           64           1.873      1544192       193024
       12064          128           3.497      3088384       386048
       12064          256           6.737      6176768       772096
       12064          512          13.304     12353536      1544192
       12064         1024          26.237     24707072      3088384
       12064         2048          52.159     49414144      6176768
       13248            1           0.427        26496         3312
       13248            2           0.513        52992         6624
       13248            4           0.556       105984        13248
       13248            8           0.703       211968        26496
       13248           16           0.851       423936        52992
       13248           32           1.416       847872       105984
       13248           64           2.344      1695744       211968
       13248          128           4.205      3391488       423936
       13248          256           8.076      6782976       847872
       13248          512          15.720     13565952      1695744
       13248         1024          31.059     27131904      3391488
       13248         2048          62.094     54263808      6782976
       14560            1           0.465        29120         3640
       14560            2           0.619        58240         7280
       14560            4           0.539       116480        14560
       14560            8           0.746       232960        29120
       14560           16           0.832       465920        58240
       14560           32           1.511       931840       116480
       14560           64           2.498      1863680       232960
       14560          128           4.576      3727360       465920
       14560          256           8.924      7454720       931840
       14560          512          17.391     14909440      1863680
       14560         1024          34.416     29818880      3727360
       14560         2048          68.355     59637760      7454720
       16000            1           0.498        32000         4000
       16000            2           0.602        64000         8000
       16000            4           0.557       128000        16000
       16000            8           0.748       256000        32000
       16000           16           1.107       512000        64000
       16000           32           1.503      1024000       128000
       16000           64           2.717      2048000       256000
       16000          128           4.920      4096000       512000
       16000          256           9.472      8192000      1024000
       16000          512          18.724     16384000      2048000
       16000         1024          36.933     32768000      4096000
       17600            1           0.501        35200         4400
       17600            2           0.566        70400         8800
       17600            4           0.599       140800        17600
       17600            8           0.761       281600        35200
       17600           16           1.000       563200        70400
       17600           32           1.769      1126400       140800
       17600           64           2.930      2252800       281600
       17600          128           5.458      4505600       563200
       17600          256          10.532      9011200      1126400
       17600          512          20.688     18022400      2252800
       17600         1024          41.045     36044800      4505600
       19360            1           0.487        38720         4840
       19360            2           0.553        77440         9680
       19360            4           0.490       154880        19360
       19360            8           0.886       309760        38720
       19360           16           1.190       619520        77440
       19360           32           1.739      1239040       154880
       19360           64           3.131      2478080       309760
       19360          128           5.964      4956160       619520
       19360          256          11.370      9912320      1239040
       19360          512          22.302     19824640      2478080
       19360         1024          44.310     39649280      4956160
       21280            1           0.503        42560         5320
       21280            2           0.540        85120        10640
       21280            4           0.696       170240        21280
       21280            8           0.810       340480        42560
       21280           16           1.174       680960        85120
       21280           32           1.999      1361920       170240
       21280           64           3.505      2723840       340480
       21280          128           6.447      5447680       680960
       21280          256          12.449     10895360      1361920
       21280          512          24.523     21790720      2723840
       21280         1024          48.758     43581440      5447680
       23392            1           0.616        46784         5848
       23392            2           0.609        93568        11696
       23392            4           0.713       187136        23392
       23392            8           0.849       374272        46784
       23392           16           1.217       748544        93568
       23392           32           2.121      1497088       187136
       23392           64           3.750      2994176       374272
       23392          128           6.894      5988352       748544
       23392          256          13.510     11976704      1497088
       23392          512          26.339     23953408      2994176
       23392         1024          52.264     47906816      5988352
       25728            1           0.596        51456         6432
       25728            2           0.561       102912        12864
       25728            4           0.823       205824        25728
       25728            8           0.889       411648        51456
       25728           16           1.443       823296       102912
       25728           32           2.194      1646592       205824
       25728           64           4.037      3293184       411648
       25728          128           7.575      6586368       823296
       25728          256          14.761     13172736      1646592
       25728          512          29.042     26345472      3293184
       25728         1024          58.077     52690944      6586368
       28288            1           0.681        56576         7072
       28288            2           0.661       113152        14144
       28288            4           0.672       226304        28288
       28288            8           1.061       452608        56576
       28288           16           1.508       905216       113152
       28288           32           2.392      1810432       226304
       28288           64           4.323      3620864       452608
       28288          128           8.343      7241728       905216
       28288          256          16.430     14483456      1810432
       28288          512          31.727     28966912      3620864
       28288         1024          63.518     57933824      7241728
       31104            1           0.681        62208         7776
       31104            2           0.587       124416        15552
       31104            4           0.678       248832        31104
       31104            8           1.037       497664        62208
       31104           16           1.517       995328       124416
       31104           32           2.638      1990656       248832
       31104           64           4.678      3981312       497664
       31104          128           9.004      7962624       995328
       31104          256          17.620     15925248      1990656
       31104          512          34.765     31850496      3981312
       34208            1           0.867        68416         8552
       34208            2           0.685       136832        17104
       34208            4           0.734       273664        34208
       34208            8           1.127       547328        68416
       34208           16           1.637      1094656       136832
       34208           32           2.818      2189312       273664
       34208           64           5.241      4378624       547328
       34208          128           9.971      8757248      1094656
       34208          256          19.504     17514496      2189312
       34208          512          38.507     35028992      4378624
       37600            1           0.821        75200         9400
       37600            2           0.733       150400        18800
       37600            4           0.940       300800        37600
       37600            8           1.171       601600        75200
       37600           16           1.844      1203200       150400
       37600           32           3.117      2406400       300800
       37600           64           5.783      4812800       601600
       37600          128          10.885      9625600      1203200
       37600          256          21.302     19251200      2406400
       37600          512          42.224     38502400      4812800
       41344            1           0.885        82688        10336
       41344            2           0.677       165376        20672
       41344            4           0.860       330752        41344
       41344            8           1.341       661504        82688
       41344           16           1.900      1323008       165376
       41344           32           3.289      2646016       330752
       41344           64           6.240      5292032       661504
       41344          128          11.835     10584064      1323008
       41344          256          23.332     21168128      2646016
       41344          512          46.183     42336256      5292032
       45472            1           0.867        90944        11368
       45472            2           0.799       181888        22736
       45472            4           1.001       363776        45472
       45472            8           1.336       727552        90944
       45472           16           2.099      1455104       181888
       45472           32           3.660      2910208       363776
       45472           64           6.677      5820416       727552
       45472          128          12.899     11640832      1455104
       45472          256          25.231     23281664      2910208
       45472          512          50.062     46563328      5820416
       50016            1           1.205       100032        12504
       50016            2           0.790       200064        25008
       50016            4           1.034       400128        50016
       50016            8           1.426       800256       100032
       50016           16           2.277      1600512       200064
       50016           32           3.915      3201024       400128
       50016           64           7.523      6402048       800256
       50016          128          14.356     12804096      1600512
       50016          256          28.185     25608192      3201024
       50016          512          55.926     51216384      6402048
       55008            1           0.984       110016        13752
       55008            2           0.891       220032        27504
       55008            4           1.088       440064        55008
       55008            8           1.474       880128       110016
       55008           16           2.471      1760256       220032
       55008           32           4.266      3520512       440064
       55008           64           8.025      7041024       880128
       55008          128          15.535     14082048      1760256
       55008          256          30.714     28164096      3520512
       55008          512          60.962     56328192      7041024
       60480            1           1.087       120960        15120
       60480            2           0.853       241920        30240
       60480            4           1.111       483840        60480
       60480            8           1.631       967680       120960
       60480           16           2.668      1935360       241920
       60480           32           4.686      3870720       483840
       60480           64           8.781      7741440       967680
       60480          128          17.123     15482880      1935360
       60480          256          33.729     30965760      3870720
       60480          512          66.966     61931520      7741440
       66528            1           1.239       133056        16632
       66528            2           0.790       266112        33264
       66528            4           1.136       532224        66528
       66528            8           1.777      1064448       133056
       66528           16           2.909      2128896       266112
       66528           32           5.237      4257792       532224
       66528           64           9.807      8515584      1064448
       66528          128          19.079     17031168      2128896
       66528          256          37.687     34062336      4257792
       73152            1           1.367       146304        18288
       73152            2           0.971       292608        36576
       73152            4           1.228       585216        73152
       73152            8           1.856      1170432       146304
       73152           16           3.147      2340864       292608
       73152           32           5.595      4681728       585216
       73152           64          10.624      9363456      1170432
       73152          128          20.866     18726912      2340864
       73152          256          40.916     37453824      4681728
       80448            1           1.739       160896        20112
       80448            2           0.930       321792        40224
       80448            4           1.279       643584        80448
       80448            8           2.070      1287168       160896
       80448           16           3.394      2574336       321792
       80448           32           6.187      5148672       643584
       80448           64          11.654     10297344      1287168
       80448          128          22.842     20594688      2574336
       80448          256          45.350     41189376      5148672
       88480            1           1.527       176960        22120
       88480            2           1.041       353920        44240
       88480            4           1.386       707840        88480
       88480            8           2.150      1415680       176960
       88480           16           3.688      2831360       353920
       88480           32           6.649      5662720       707840
       88480           64          12.824     11325440      1415680
       88480          128          24.882     22650880      2831360
       88480          256          49.687     45301760      5662720
       97312            1           2.066       194624        24328
       97312            2           1.165       389248        48656
       97312            4           1.528       778496        97312
       97312            8           2.337      1556992       194624
       97312           16           4.031      3113984       389248
       97312           32           7.359      6227968       778496
       97312           64          14.364     12455936      1556992
       97312          128          28.093     24911872      3113984
       97312          256          55.809     49823744      6227968
      107040            1           1.855       214080        26760
      107040            2           1.156       428160        53520
      107040            4           1.613       856320       107040
      107040            8           2.505      1712640       214080
      107040           16           4.404      3425280       428160
      107040           32           8.198      6850560       856320
      107040           64          15.754     13701120      1712640
      107040          128          30.870     27402240      3425280
      107040          256          61.347     54804480      6850560
      117728            1           2.200       235456        29432
      117728            2           1.278       470912        58864
      117728            4           1.748       941824       117728
      117728            8           2.779      1883648       235456
      117728           16           4.860      3767296       470912
      117728           32           8.908      7534592       941824
      117728           64          17.257     15069184      1883648
      117728          128          33.993     30138368      3767296
      117728          256          67.214     60276736      7534592
      129472            1           2.304       258944        32368
      129472            2           1.460       517888        64736
      129472            4           2.021      1035776       129472
      129472            8           3.068      2071552       258944
      129472           16           5.309      4143104       517888
      129472           32          10.071      8286208      1035776
      129472           64          19.207     16572416      2071552
      129472          128          37.413     33144832      4143104
      142400            1           2.517       284800        35600
      142400            2           1.609       569600        71200
      142400            4           2.424      1139200       142400
      142400            8           4.217      2278400       284800
      142400           16           7.815      4556800       569600
      142400           32          14.875      9113600      1139200
      142400           64          29.348     18227200      2278400
      142400          128          57.823     36454400      4556800
      156640            1           2.768       313280        39160
      156640            2           1.792       626560        78320
      156640            4           2.915      1253120       156640
      156640            8           5.114      2506240       313280
      156640           16           9.253      5012480       626560
      156640           32          17.950     10024960      1253120
      156640           64          35.149     20049920      2506240
      156640          128          70.065     40099840      5012480
      172288            1           3.189       344576        43072
      172288            2           2.073       689152        86144
      172288            4           3.227      1378304       172288
      172288            8           5.508      2756608       344576
      172288           16          10.398      5513216       689152
      172288           32          19.734     11026432      1378304
      172288           64          38.681     22052864      2756608
      172288          128          76.374     44105728      5513216
      189504            1           3.742       379008        47376
      189504            2           2.095       758016        94752
      189504            4           3.397      1516032       189504
      189504            8           6.107      3032064       379008
      189504           16          11.381      6064128       758016
      189504           32          21.641     12128256      1516032
      189504           64          42.513     24256512      3032064
      189504          128          84.379     48513024      6064128
      208448            1           3.515       416896        52112
      208448            2           2.284       833792       104224
      208448            4           3.701      1667584       208448
      208448            8           6.642      3335168       416896
      208448           16          12.253      6670336       833792
      208448           32          23.850     13340672      1667584
      208448           64          46.684     26681344      3335168
      208448          128          92.721     53362688      6670336
      229280            1           4.182       458560        57320
      229280            2           2.617       917120       114640
      229280            4           4.017      1834240       229280
      229280            8           7.200      3668480       458560
      229280           16          13.484      7336960       917120
      229280           32          26.052     14673920      1834240
      229280           64          51.244     29347840      3668480
      229280          128         101.587     58695680      7336960
      252192            1           4.093       504384        63048
      252192            2           2.672      1008768       126096
      252192            4           4.369      2017536       252192
      252192            8           8.055      4035072       504384
      252192           16          14.934      8070144      1008768
      252192           32          28.777     16140288      2017536
      252192           64          56.631     32280576      4035072
      277408            1           4.927       554816        69352
      277408            2           3.002      1109632       138704
      277408            4           4.874      2219264       277408
      277408            8           8.692      4438528       554816
      277408           16          16.324      8877056      1109632
      277408           32          31.597     17754112      2219264
      277408           64          62.006     35508224      4438528
      305120            1           5.516       610240        76280
      305120            2           3.203      1220480       152560
      305120            4           5.450      2440960       305120
      305120            8           9.450      4881920       610240
      305120           16          17.833      9763840      1220480
      305120           32          34.612     19527680      2440960
      305120           64          68.107     39055360      4881920
      335616            1           5.658       671232        83904
      335616            2           3.575      1342464       167808
      335616            4           5.818      2684928       335616
      335616            8          10.392      5369856       671232
      335616           16          19.553     10739712      1342464
      335616           32          37.719     21479424      2684928
      335616           64          74.498     42958848      5369856
      369152            1           6.386       738304        92288
      369152            2           3.916      1476608       184576
      369152            4           6.380      2953216       369152
      369152            8          11.287      5906432       738304
      369152           16          21.392     11812864      1476608
      369152           32          41.631     23625728      2953216
      369152           64          81.757     47251456      5906432
      406048            1           7.228       812096       101512
      406048            2           4.266      1624192       203024
      406048            4           7.069      3248384       406048
      406048            8          12.450      6496768       812096
      406048           16          23.434     12993536      1624192
      406048           32          45.549     25987072      3248384
      406048           64          89.781     51974144      6496768
      446624            1           7.980       893248       111656
      446624            2           4.463      1786496       223312
      446624            4           7.463      3572992       446624
      446624            8          13.813      7145984       893248
      446624           16          25.927     14291968      1786496
      446624           32          50.389     28583936      3572992
      446624           64          98.894     57167872      7145984
      491264            1           8.531       982528       122816
      491264            2           5.003      1965056       245632
      491264            4           8.192      3930112       491264
      491264            8          14.912      7860224       982528
      491264           16          28.204     15720448      1965056
      491264           32          55.119     31440896      3930112
      540384            1          11.671      1080768       135096
      540384            2           5.502      2161536       270192
      540384            4           9.032      4323072       540384
      540384            8          16.378      8646144      1080768
      540384           16          31.402     17292288      2161536
      540384           32          60.599     34584576      4323072
      594400            1          10.836      1188800       148600
      594400            2           5.891      2377600       297200
      594400            4           9.852      4755200       594400
      594400            8          18.155      9510400      1188800
      594400           16          34.272     19020800      2377600
      594400           32          66.384     38041600      4755200
      653824            1          11.282      1307648       163456
      653824            2           6.429      2615296       326912
      653824            4          10.767      5230592       653824
      653824            8          19.827     10461184      1307648
      653824           16          37.628     20922368      2615296
      653824           32          73.011     41844736      5230592
      719200            1          12.912      1438400       179800
      719200            2           7.078      2876800       359600
      719200            4          11.999      5753600       719200
      719200            8          21.772     11507200      1438400
      719200           16          41.292     23014400      2876800
      719200           32          80.227     46028800      5753600
      791104            1          14.368      1582208       197776
      791104            2           7.611      3164416       395552
      791104            4          13.156      6328832       791104
      791104            8          23.784     12657664      1582208
      791104           16          45.439     25315328      3164416
      791104           32          88.585     50630656      6328832
      870208            1          15.605      1740416       217552
      870208            2           8.520      3480832       435104
      870208            4          14.394      6961664       870208
      870208            8          26.262     13923328      1740416
      870208           16          49.946     27846656      3480832
      870208           32          97.172     55693312      6961664
      957216            1          17.200      1914432       239304
      957216            2           9.399      3828864       478608
      957216            4          15.654      7657728       957216
      957216            8          28.812     15315456      1914432
      957216           16          54.840     30630912      3828864
      957216           32         114.384     61261824      7657728
     1052928            1          18.366      2105856       263232
     1052928            2          10.221      4211712       526464
     1052928            4          17.210      8423424      1052928
     1052928            8          31.612     16846848      2105856
     1052928           16          60.308     33693696      4211712
     1158208            1          20.897      2316416       289552
     1158208            2          11.047      4632832       579104
     1158208            4          19.002      9265664      1158208
     1158208            8          34.829     18531328      2316416
     1158208           16          66.463     37062656      4632832
     1274016            1          22.287      2548032       318504
     1274016            2          12.106      5096064       637008
     1274016            4          20.781     10192128      1274016
     1274016            8          38.077     20384256      2548032
     1274016           16          72.670     40768512      5096064
     1401408            1          24.076      2802816       350352
     1401408            2          13.442      5605632       700704
     1401408            4          22.885     11211264      1401408
     1401408            8          41.977     22422528      2802816
     1401408           16          80.190     44845056      5605632
     1541536            1          26.912      3083072       385384
     1541536            2          14.768      6166144       770768
     1541536            4          25.124     12332288      1541536
     1541536            8          46.128     24664576      3083072
     1541536           16          88.189     49329152      6166144
     1695680            1          29.998      3391360       423920
     1695680            2          16.598      6782720       847840
     1695680            4          27.470     13565440      1695680
     1695680            8          50.703     27130880      3391360
     1695680           16          96.796     54261760      6782720
     1865248            1          32.318      3730496       466312
     1865248            2          18.153      7460992       932624
     1865248            4          30.341     14921984      1865248
     1865248            8          55.483     29843968      3730496
     1865248           16         106.582     59687936      7460992
     2051744            1          35.526      4103488       512936
     2051744            2          20.248      8206976      1025872
     2051744            4          33.383     16413952      2051744
     2051744            8          61.230     32827904      4103488
     2256896            1          37.377      4513792       564224
     2256896            2          23.774      9027584      1128448
     2256896            4          37.766     18055168      2256896
     2256896            8          68.483     36110336      4513792
     2482560            1          40.444      4965120       620640
     2482560            2          26.402      9930240      1241280
     2482560            4          42.646     19860480      2482560
     2482560            8          77.472     39720960      4965120
     2730816            1          46.054      5461632       682704
     2730816            2          30.429     10923264      1365408
     2730816            4          47.361     21846528      2730816
     2730816            8          85.764     43693056      5461632
     3003872            1          49.787      6007744       750968
     3003872            2          33.650     12015488      1501936
     3003872            4          51.615     24030976      3003872
     3003872            8          94.211     48061952      6007744
     3304256            1          53.933      6608512       826064
     3304256            2          38.218     13217024      1652128
     3304256            4          56.789     26434048      3304256
     3304256            8         103.679     52868096      6608512
     3634656            1          57.143      7269312       908664
     3634656            2          47.170     14538624      1817328
     3634656            4          70.653     29077248      3634656
     3634656            8         126.107     58154496      7269312
     3998112            1          61.344      7996224       999528
     3998112            2          55.254     15992448      1999056
     3998112            4          79.751     31984896      3998112
     4397920            1          64.850      8795840      1099480
     4397920            2          66.431     17591680      2198960
     4397920            4          96.294     35183360      4397920
     4837696            1          67.693      9675392      1209424
     4837696            2          83.735     19350784      2418848
     4837696            4         116.628     38701568      4837696
     5321440            1          68.805     10642880      1330360
     5321440            2          97.492     21285760      2660720
     5321440            4         150.532     42571520      5321440
     5853568            1          74.636     11707136      1463392
     5853568            2         111.732     23414272      2926784
     5853568            4         163.625     46828544      5853568
     6438912            1          81.758     12877824      1609728
     6438912            2         129.360     25755648      3219456
     6438912            4         189.534     51511296      6438912
     7082784            1          85.350     14165568      1770696
     7082784            2         144.812     28331136      3541392
     7082784            4         216.763     56662272      7082784
     7791040            1          95.031     15582080      1947760
     7791040            2         165.452     31164160      3895520
     8570144            1         103.166     17140288      2142536
     8570144            2         190.329     34280576      4285072
     9427136            1         114.856     18854272      2356784
     9427136            2         202.979     37708544      4713568
    10369824            1         133.430     20739648      2592456
    10369824            2         223.123     41479296      5184912
    11406784            1         151.778     22813568      2851696
    11406784            2         266.991     45627136      5703392
    12547456            1         153.381     25094912      3136864
    12547456            2         268.966     50189824      6273728
    13802176            1         169.561     27604352      3450544
    13802176            2         303.190     55208704      6901088
    15182368            1         195.248     30364736      3795592
    15182368            2         343.492     60729472      7591184
    16700576            1         214.002     33401152      4175144
    18370624            1         248.247     36741248      4592656
    20207680            1         278.526     40415360      5051920
    22228448            1         318.870     44456896      5557112
    24451264            1         366.562     48902528      6112816
    26896384            1         421.951     53792768      6724096
    29586016            1         485.179     59172032      7396504

META_DATA
FLOPS          2
OPENMP_THREADS 4
ERT_VERSION  1.1.0
HOSTNAME  ('cirrus4.computing.clemson.edu', ['cirrus4'], ['127.0.1.1'])
UNAME  uname_result(system='Linux', node='cirrus4.computing.clemson.edu', release='5.4.0-81-generic', version='#91-Ubuntu SMP Thu Jul 15 19:09:17 UTC 2021', machine='x86_64', processor='x86_64')
TIMESTAMP_DATA  1632245403.9246821
CONFIG  {'ERT_RESULTS': ['Results.cs.clemson.edu'], 'ERT_DRIVER': ['driver1'], 'ERT_KERNEL': ['kernel1'], 'ERT_MPI': ['False'], 'ERT_MPI_CFLAGS': [], 'ERT_MPI_LDFLAGS': [], 'ERT_OPENMP': ['True'], 'ERT_OPENMP_CFLAGS': ['-fopenmp'], 'ERT_OPENMP_LDFLAGS': ['-fopenmp'], 'ERT_FLOPS': ['1,2,4'], 'ERT_ALIGN': ['32'], 'ERT_CC': ['g++'], 'ERT_CFLAGS': ['-O3', '-std=c++11', '-fstrict-aliasing', '-march=native'], 'ERT_LD': ['g++'], 'ERT_LDFLAGS': [], 'ERT_LDLIBS': [], 'ERT_PRECISION': ['FP64'], 'ERT_RUN': ['export', 'OMP_NUM_THREADS=ERT_OPENMP_THREADS;', 'export', 'OMP_PLACES=threads;', 'export', 'OMP_PROC_BIND=spread;', './ERT_CODE'], 'ERT_PROCS_THREADS': ['8'], 'ERT_MPI_PROCS': ['2,4,8'], 'ERT_OPENMP_THREADS': ['1-8'], 'ERT_NUM_EXPERIMENTS': ['5'], 'ERT_MEMORY_MAX': ['31000000'], 'ERT_WORKING_SET_MIN': ['1'], 'ERT_TRIALS_MIN': ['1'], 'ERT_GNUPLOT': ['gnuplot'], 'ERT_GPU': [False], 'ERT_HIP': [False], 'ERT_OCL': [False], 'ERT_SYCL': [False], 'ERT_WSS_MULT': [1.1]}
