fp64
          32            1           1.489           64            8
          32            2           0.526          128           16
          32            4           0.753          256           32
          32            8           0.692          512           64
          32           16           0.690         1024          128
          32           32           0.733         2048          256
          32           64           0.769         4096          512
          32          128           1.294         8192         1024
          32          256           2.152        16384         2048
          32          512           3.661        32768         4096
          32         1024           6.854        65536         8192
          32         2048          13.476       131072        16384
          32         4096          26.706       262144        32768
          32         8192          50.150       524288        65536
          32        16384         107.349      1048576       131072
          32        32768         213.955      2097152       262144
          32        65536         423.363      4194304       524288
          32       131072         923.312      8388608      1048576
          32       262144        1746.644     16777216      2097152
          32       524288        2665.846     33554432      4194304
          64            1           0.976          128           16
          64            2           0.487          256           32
          64            4           0.554          512           64
          64            8           0.469         1024          128
          64           16           0.555         2048          256
          64           32           0.628         4096          512
          64           64           0.578         8192         1024
          64          128           0.923        16384         2048
          64          256           1.260        32768         4096
          64          512           2.457        65536         8192
          64         1024           4.508       131072        16384
          64         2048           8.740       262144        32768
          64         4096          17.092       524288        65536
          64         8192          33.812      1048576       131072
          64        16384          66.958      2097152       262144
          64        32768         133.733      4194304       524288
          64        65536         275.300      8388608      1048576
          64       131072         552.751     16777216      2097152
          64       262144        1081.348     33554432      4194304
          96            1           0.696          192           24
          96            2           0.480          384           48
          96            4           0.599          768           96
          96            8           0.570         1536          192
          96           16           0.413         3072          384
          96           32           0.553         6144          768
          96           64           0.646        12288         1536
          96          128           0.970        24576         3072
          96          256           1.488        49152         6144
          96          512           2.373        98304        12288
          96         1024           4.431       196608        24576
          96         2048           8.537       393216        49152
          96         4096          16.823       786432        98304
          96         8192          33.447      1572864       196608
          96        16384          66.392      3145728       393216
          96        32768         132.296      6291456       786432
          96        65536         265.275     12582912      1572864
          96       131072         529.634     25165824      3145728
          96       262144        1057.638     50331648      6291456
         128            1           0.834          256           32
         128            2           0.465          512           64
         128            4           0.628         1024          128
         128            8           0.662         2048          256
         128           16           0.591         4096          512
         128           32           0.735         8192         1024
         128           64           0.885        16384         2048
         128          128           1.063        32768         4096
         128          256           1.293        65536         8192
         128          512           2.476       131072        16384
         128         1024           4.575       262144        32768
         128         2048           9.090       524288        65536
         128         4096          17.776      1048576       131072
         128         8192          35.094      2097152       262144
         128        16384          69.928      4194304       524288
         128        32768         139.358      8388608      1048576
         128        65536         281.136     16777216      2097152
         128       131072         562.223     33554432      4194304
         160            1           0.475          320           40
         160            2           0.259          640           80
         160            4           0.484         1280          160
         160            8           0.470         2560          320
         160           16           0.409         5120          640
         160           32           0.400        10240         1280
         160           64           0.522        20480         2560
         160          128           0.606        40960         5120
         160          256           1.066        81920        10240
         160          512           1.877       163840        20480
         160         1024           3.203       327680        40960
         160         2048           6.349       655360        81920
         160         4096          12.189      1310720       163840
         160         8192          24.140      2621440       327680
         160        16384          48.067      5242880       655360
         160        32768          95.857     10485760      1310720
         160        65536         191.888     20971520      2621440
         160       131072         383.793     41943040      5242880
         192            1           0.645          384           48
         192            2           0.560          768           96
         192            4           0.523         1536          192
         192            8           0.538         3072          384
         192           16           0.418         6144          768
         192           32           0.391        12288         1536
         192           64           0.475        24576         3072
         192          128           0.848        49152         6144
         192          256           1.167        98304        12288
         192          512           1.780       196608        24576
         192         1024           3.287       393216        49152
         192         2048           6.348       786432        98304
         192         4096          12.281      1572864       196608
         192         8192          24.357      3145728       393216
         192        16384          48.471      6291456       786432
         192        32768          96.540     12582912      1572864
         192        65536         192.701     25165824      3145728
         192       131072         385.135     50331648      6291456
         224            1           0.604          448           56
         224            2           0.256          896          112
         224            4           0.497         1792          224
         224            8           0.520         3584          448
         224           16           0.385         7168          896
         224           32           0.510        14336         1792
         224           64           0.637        28672         3584
         224          128           0.822        57344         7168
         224          256           0.967       114688        14336
         224          512           1.837       229376        28672
         224         1024           3.283       458752        57344
         224         2048           6.387       917504       114688
         224         4096          12.396      1835008       229376
         224         8192          24.282      3670016       458752
         224        16384          48.480      7340032       917504
         224        32768          96.443     14680064      1835008
         224        65536         192.864     29360128      3670016
         224       131072         385.525     58720256      7340032
         256            1           1.083          512           64
         256            2           0.490         1024          128
         256            4           0.564         2048          256
         256            8           0.427         4096          512
         256           16           0.431         8192         1024
         256           32           0.469        16384         2048
         256           64           0.516        32768         4096
         256          128           0.658        65536         8192
         256          256           1.193       131072        16384
         256          512           1.833       262144        32768
         256         1024           3.384       524288        65536
         256         2048           6.414      1048576       131072
         256         4096          12.404      2097152       262144
         256         8192          24.696      4194304       524288
         256        16384          49.246      8388608      1048576
         256        32768          98.182     16777216      2097152
         256        65536         196.291     33554432      4194304
         288            1           0.646          576           72
         288            2           0.399         1152          144
         288            4           0.344         2304          288
         288            8           0.443         4608          576
         288           16           0.383         9216         1152
         288           32           0.624        18432         2304
         288           64           0.504        36864         4608
         288          128           0.827        73728         9216
         288          256           1.115       147456        18432
         288          512           1.925       294912        36864
         288         1024           3.326       589824        73728
         288         2048           6.425      1179648       147456
         288         4096          12.561      2359296       294912
         288         8192          25.025      4718592       589824
         288        16384          49.512      9437184      1179648
         288        32768          98.577     18874368      2359296
         288        65536         197.419     37748736      4718592
         320            1           0.475          640           80
         320            2           0.252         1280          160
         320            4           0.438         2560          320
         320            8           0.517         5120          640
         320           16           0.413        10240         1280
         320           32           0.400        20480         2560
         320           64           0.619        40960         5120
         320          128           0.757        81920        10240
         320          256           1.102       163840        20480
         320          512           1.964       327680        40960
         320         1024           3.575       655360        81920
         320         2048          13.929      1310720       163840
         320         4096          18.220      2621440       327680
         320         8192          24.910      5242880       655360
         320        16384          49.386     10485760      1310720
         320        32768          98.575     20971520      2621440
         320        65536         196.674     41943040      5242880
         352            1           0.884          704           88
         352            2           0.499         1408          176
         352            4           0.506         2816          352
         352            8           0.449         5632          704
         352           16           0.430        11264         1408
         352           32           0.408        22528         2816
         352           64           0.639        45056         5632
         352          128           0.691        90112        11264
         352          256           1.076       180224        22528
         352          512           2.205       360448        45056
         352         1024           3.272       720896        90112
         352         2048          14.347      1441792       180224
         352         4096          12.694      2883584       360448
         352         8192          25.017      5767168       720896
         352        16384          49.770     11534336      1441792
         352        32768          98.814     23068672      2883584
         352        65536         197.302     46137344      5767168
         384            1           0.568          768           96
         384            2           8.595         1536          192
         384            4           0.411         3072          384
         384            8           0.407         6144          768
         384           16           0.470        12288         1536
         384           32           0.585        24576         3072
         384           64           0.380        49152         6144
         384          128           0.578        98304        12288
         384          256           1.197       196608        24576
         384          512          11.381       393216        49152
         384         1024           3.716       786432        98304
         384         2048           7.306      1572864       196608
         384         4096          24.769      3145728       393216
         384         8192          32.286      6291456       786432
         384        16384          37.843     12582912      1572864
         384        32768          71.897     25165824      3145728
         384        65536         143.498     50331648      6291456
         416            1           0.439          832          104
         416            2           0.366         1664          208
         416            4           0.513         3328          416
         416            8           0.383         6656          832
         416           16           0.389        13312         1664
         416           32           0.426        26624         3328
         416           64           0.434        53248         6656
         416          128           0.660       106496        13312
         416          256           1.034       212992        26624
         416          512           1.510       425984        53248
         416         1024           2.530       851968       106496
         416         2048           4.725      1703936       212992
         416         4096           9.237      3407872       425984
         416         8192          18.113      6815744       851968
         416        16384          35.809     13631488      1703936
         416        32768          71.235     27262976      3407872
         416        65536         142.479     54525952      6815744
         448            1           0.626          896          112
         448            2           0.401         1792          224
         448            4           0.322         3584          448
         448            8           0.349         7168          896
         448           16           0.348        14336         1792
         448           32           0.462        28672         3584
         448           64           0.556        57344         7168
         448          128           0.697       114688        14336
         448          256           0.926       229376        28672
         448          512           1.435       458752        57344
         448         1024           2.532       917504       114688
         448         2048           4.866      1835008       229376
         448         4096           9.223      3670016       458752
         448         8192          17.966      7340032       917504
         448        16384          35.794     14680064      1835008
         448        32768          71.239     29360128      3670016
         448        65536         142.181     58720256      7340032
         480            1           0.197          960          120
         480            2           0.364         1920          240
         480            4           0.646         3840          480
         480            8           0.370         7680          960
         480           16           0.619        15360         1920
         480           32           0.392        30720         3840
         480           64           0.491        61440         7680
         480          128           0.834       122880        15360
         480          256           0.941       245760        30720
         480          512           1.567       491520        61440
         480         1024           2.552       983040       122880
         480         2048           4.805      1966080       245760
         480         4096           9.315      3932160       491520
         480         8192          18.158      7864320       983040
         480        16384          36.102     15728640      1966080
         480        32768          72.106     31457280      3932160
         512            1           0.253         1024          128
         512            2           0.466         2048          256
         512            4           0.399         4096          512
         512            8           0.407         8192         1024
         512           16           0.438        16384         2048
         512           32           0.453        32768         4096
         512           64           0.438        65536         8192
         512          128           0.578       131072        16384
         512          256           0.892       262144        32768
         512          512           1.534       524288        65536
         512         1024           2.608      1048576       131072
         512         2048           4.810      2097152       262144
         512         4096           9.135      4194304       524288
         512         8192          18.112      8388608      1048576
         512        16384          36.577     16777216      2097152
         512        32768          71.572     33554432      4194304
         544            1           0.339         1088          136
         544            2           0.262         2176          272
         544            4           0.306         4352          544
         544            8           0.454         8704         1088
         544           16           0.539        17408         2176
         544           32           0.539        34816         4352
         544           64           0.491        69632         8704
         544          128           0.656       139264        17408
         544          256           0.931       278528        34816
         544          512           1.564       557056        69632
         544         1024           2.601      1114112       139264
         544         2048           4.748      2228224       278528
         544         4096           9.266      4456448       557056
         544         8192          19.182      8912896      1114112
         544        16384          35.974     17825792      2228224
         544        32768          71.498     35651584      4456448
         576            1           0.401         1152          144
         576            2           0.425         2304          288
         576            4           0.563         4608          576
         576            8           0.569         9216         1152
         576           16           0.488        18432         2304
         576           32           0.388        36864         4608
         576           64           0.607        73728         9216
         576          128           0.674       147456        18432
         576          256           0.951       294912        36864
         576          512           1.467       589824        73728
         576         1024           2.518      1179648       147456
         576         2048           4.803      2359296       294912
         576         4096           9.191      4718592       589824
         576         8192          18.158      9437184      1179648
         576        16384          36.753     18874368      2359296
         576        32768          71.792     37748736      4718592
         608            1           0.710         1216          152
         608            2           0.455         2432          304
         608            4           0.324         4864          608
         608            8           0.437         9728         1216
         608           16           0.393        19456         2432
         608           32           0.578        38912         4864
         608           64           0.507        77824         9728
         608          128           0.625       155648        19456
         608          256           0.946       311296        38912
         608          512           1.628       622592        77824
         608         1024           2.651      1245184       155648
         608         2048           5.071      2490368       311296
         608         4096           9.761      4980736       622592
         608         8192          19.092      9961472      1245184
         608        16384          37.441     19922944      2490368
         608        32768          74.673     39845888      4980736
         640            1           0.756         1280          160
         640            2           0.402         2560          320
         640            4           0.483         5120          640
         640            8           0.552        10240         1280
         640           16           0.503        20480         2560
         640           32           0.442        40960         5120
         640           64           0.566        81920        10240
         640          128           0.759       163840        20480
         640          256           1.009       327680        40960
         640          512           1.546       655360        81920
         640         1024           2.724      1310720       163840
         640         2048           4.841      2621440       327680
         640         4096           9.329      5242880       655360
         640         8192          18.499     10485760      1310720
         640        16384          36.943     20971520      2621440
         640        32768          73.293     41943040      5242880
         704            1           0.837         1408          176
         704            2           0.342         2816          352
         704            4           0.332         5632          704
         704            8           0.354        11264         1408
         704           16           0.427        22528         2816
         704           32           0.424        45056         5632
         704           64           0.480        90112        11264
         704          128           0.709       180224        22528
         704          256           0.925       360448        45056
         704          512           1.442       720896        90112
         704         1024           2.686      1441792       180224
         704         2048           5.092      2883584       360448
         704         4096           9.743      5767168       720896
         704         8192          19.216     11534336      1441792
         704        16384          38.122     23068672      2883584
         704        32768          75.809     46137344      5767168
         768            1           0.451         1536          192
         768            2           0.355         3072          384
         768            4           0.439         6144          768
         768            8           0.384        12288         1536
         768           16           0.472        24576         3072
         768           32           0.535        49152         6144
         768           64           0.481        98304        12288
         768          128           0.684       196608        24576
         768          256           0.898       393216        49152
         768          512           1.636       786432        98304
         768         1024           3.026      1572864       196608
         768         2048           5.920      3145728       393216
         768         4096          11.562      6291456       786432
         768         8192          22.959     12582912      1572864
         768        16384          58.347     25165824      3145728
         768        32768          90.845     50331648      6291456
         832            1           0.263         1664          208
         832            2           0.447         3328          416
         832            4           0.465         6656          832
         832            8           0.522        13312         1664
         832           16           0.574        26624         3328
         832           32           0.579        53248         6656
         832           64           0.447       106496        13312
         832          128           0.605       212992        26624
         832          256           1.055       425984        53248
         832          512           1.913       851968       106496
         832         1024           3.690      1703936       212992
         832         2048           7.210      3407872       425984
         832         4096          14.228      6815744       851968
         832         8192          28.279     13631488      1703936
         832        16384          56.381     27262976      3407872
         832        32768         112.125     54525952      6815744
         896            1           0.230         1792          224
         896            2           0.523         3584          448
         896            4           0.454         7168          896
         896            8           0.363        14336         1792
         896           16           0.432        28672         3584
         896           32           0.480        57344         7168
         896           64           0.618       114688        14336
         896          128           0.742       229376        28672
         896          256           1.071       458752        57344
         896          512           1.893       917504       114688
         896         1024           3.601      1835008       229376
         896         2048           7.000      3670016       458752
         896         4096          13.896      7340032       917504
         896         8192          27.477     14680064      1835008
         896        16384          54.734     29360128      3670016
         896        32768         109.115     58720256      7340032
         960            1           0.400         1920          240
         960            2           0.379         3840          480
         960            4           0.440         7680          960
         960            8           0.343        15360         1920
         960           16           0.486        30720         3840
         960           32           0.520        61440         7680
         960           64           0.687       122880        15360
         960          128           0.664       245760        30720
         960          256           1.015       491520        61440
         960          512           1.874       983040       122880
         960         1024           3.676      1966080       245760
         960         2048           6.947      3932160       491520
         960         4096          13.606      7864320       983040
         960         8192          27.150     15728640      1966080
         960        16384          54.545     31457280      3932160
        1056            1           1.010         2112          264
        1056            2           0.379         4224          528
        1056            4           0.431         8448         1056
        1056            8           0.467        16896         2112
        1056           16           0.490        33792         4224
        1056           32           0.427        67584         8448
        1056           64           0.455       135168        16896
        1056          128           0.705       270336        33792
        1056          256           1.111       540672        67584
        1056          512           2.084      1081344       135168
        1056         1024           4.042      2162688       270336
        1056         2048           7.753      4325376       540672
        1056         4096          15.229      8650752      1081344
        1056         8192          30.192     17301504      2162688
        1056        16384          60.212     34603008      4325376
        1152            1           0.864         2304          288
        1152            2           0.322         4608          576
        1152            4           0.461         9216         1152
        1152            8           0.403        18432         2304
        1152           16           0.428        36864         4608
        1152           32           0.413        73728         9216
        1152           64           0.496       147456        18432
        1152          128           0.686       294912        36864
        1152          256           1.307       589824        73728
        1152          512           2.260      1179648       147456
        1152         1024           4.300      2359296       294912
        1152         2048           8.460      4718592       589824
        1152         4096          16.791      9437184      1179648
        1152         8192          33.422     18874368      2359296
        1152        16384          82.146     37748736      4718592
        1248            1           0.427         2496          312
        1248            2           1.320         4992          624
        1248            4           0.539         9984         1248
        1248            8           0.485        19968         2496
        1248           16           0.384        39936         4992
        1248           32           0.418        79872         9984
        1248           64           0.559       159744        19968
        1248          128           0.910       319488        39936
        1248          256           1.599       638976        79872
        1248          512           2.991      1277952       159744
        1248         1024           5.762      2555904       319488
        1248         2048          33.941      5111808       638976
        1248         4096          29.521     10223616      1277952
        1248         8192          34.438     20447232      2555904
        1248        16384          77.725     40894464      5111808
        1344            1           0.554         2688          336
        1344            2           0.291         5376          672
        1344            4           0.323        10752         1344
        1344            8           0.534        21504         2688
        1344           16           9.525        43008         5376
        1344           32           0.473        86016        10752
        1344           64           0.608       172032        21504
        1344          128           1.180       344064        43008
        1344          256           1.969       688128        86016
        1344          512           3.598      1376256       172032
        1344         1024           6.729      2752512       344064
        1344         2048          25.318      5505024       688128
        1344         4096          26.365     11010048      1376256
        1344         8192          35.869     22020096      2752512
        1344        16384          80.700     44040192      5505024
        1472            1           1.030         2944          368
        1472            2           0.480         5888          736
        1472            4           0.501        11776         1472
        1472            8           0.489        23552         2944
        1472           16           0.586        47104         5888
        1472           32           0.482        94208        11776
        1472           64           0.753       188416        23552
        1472          128           1.136       376832        47104
        1472          256           1.892       753664        94208
        1472          512           3.291      1507328       188416
        1472         1024           6.468      3014656       376832
        1472         2048          11.974      6029312       753664
        1472         4096          20.581     12058624      1507328
        1472         8192          42.567     24117248      3014656
        1472        16384          97.338     48234496      6029312
        1600            1           0.412         3200          400
        1600            2           0.346         6400          800
        1600            4           0.470        12800         1600
        1600            8           0.463        25600         3200
        1600           16           0.382        51200         6400
        1600           32           0.462       102400        12800
        1600           64           0.635       204800        25600
        1600          128           0.912       409600        51200
        1600          256           1.686       819200       102400
        1600          512           2.931      1638400       204800
        1600         1024           5.293      3276800       409600
        1600         2048          10.384      6553600       819200
        1600         4096          23.008     13107200      1638400
        1600         8192          40.836     26214400      3276800
        1600        16384          99.834     52428800      6553600
        1760            1           0.948         3520          440
        1760            2           0.359         7040          880
        1760            4           0.518        14080         1760
        1760            8           0.534        28160         3520
        1760           16           0.510        56320         7040
        1760           32           0.605       112640        14080
        1760           64           0.830       225280        28160
        1760          128           1.407       450560        56320
        1760          256           2.321       901120       112640
        1760          512           4.268      1802240       225280
        1760         1024           8.308      3604480       450560
        1760         2048          15.037      7208960       901120
        1760         4096          29.135     14417920      1802240
        1760         8192          54.327     28835840      3604480
        1760        16384         107.962     57671680      7208960
        1920            1           0.540         3840          480
        1920            2           0.348         7680          960
        1920            4           0.370        15360         1920
        1920            8           0.432        30720         3840
        1920           16           0.543        61440         7680
        1920           32           0.874       122880        15360
        1920           64           1.410       245760        30720
        1920          128           2.595       491520        61440
        1920          256           4.343       983040       122880
        1920          512           7.061      1966080       245760
        1920         1024          17.482      3932160       491520
        1920         2048          22.392      7864320       983040
        1920         4096          27.725     15728640      1966080
        1920         8192          49.531     31457280      3932160
        2112            1           0.412         4224          528
        2112            2           0.434         8448         1056
        2112            4           0.399        16896         2112
        2112            8           0.366        33792         4224
        2112           16           0.502        67584         8448
        2112           32           0.559       135168        16896
        2112           64           0.616       270336        33792
        2112          128           1.012       540672        67584
        2112          256           1.903      1081344       135168
        2112          512           3.315      2162688       270336
        2112         1024           7.806      4325376       540672
        2112         2048          13.896      8650752      1081344
        2112         4096          26.585     17301504      2162688
        2112         8192          50.248     34603008      4325376
        2304            1           0.740         4608          576
        2304            2           0.405         9216         1152
        2304            4           0.421        18432         2304
        2304            8           0.477        36864         4608
        2304           16           0.519        73728         9216
        2304           32           0.529       147456        18432
        2304           64           0.723       294912        36864
        2304          128           1.182       589824        73728
        2304          256           1.997      1179648       147456
        2304          512           3.754      2359296       294912
        2304         1024           7.683      4718592       589824
        2304         2048          16.029      9437184      1179648
        2304         4096          33.252     18874368      2359296
        2304         8192          58.894     37748736      4718592
        2528            1           1.075         5056          632
        2528            2           0.467        10112         1264
        2528            4           0.508        20224         2528
        2528            8           0.442        40448         5056
        2528           16           0.525        80896        10112
        2528           32           0.612       161792        20224
        2528           64           0.672       323584        40448
        2528          128           1.125       647168        80896
        2528          256           1.985      1294336       161792
        2528          512           4.386      2588672       323584
        2528         1024           9.574      5177344       647168
        2528         2048          17.332     10354688      1294336
        2528         4096          35.092     20709376      2588672
        2528         8192          67.858     41418752      5177344
        2752            1           0.420         5504          688
        2752            2           0.414        11008         1376
        2752            4           0.359        22016         2752
        2752            8           0.484        44032         5504
        2752           16           0.504        88064        11008
        2752           32           0.582       176128        22016
        2752           64           0.709       352256        44032
        2752          128           1.153       704512        88064
        2752          256           2.072      1409024       176128
        2752          512           4.021      2818048       352256
        2752         1024           7.587      5636096       704512
        2752         2048          14.946     11272192      1409024
        2752         4096          29.649     22544384      2818048
        2752         8192          59.131     45088768      5636096
        3008            1           0.316         6016          752
        3008            2           0.452        12032         1504
        3008            4           0.534        24064         3008
        3008            8           0.550        48128         6016
        3008           16           0.606        96256        12032
        3008           32           0.604       192512        24064
        3008           64           0.813       385024        48128
        3008          128           1.208       770048        96256
        3008          256           2.160      1540096       192512
        3008          512           4.134      3080192       385024
        3008         1024           8.025      6160384       770048
        3008         2048          15.868     12320768      1540096
        3008         4096          31.451     24641536      3080192
        3008         8192          70.785     49283072      6160384
        3296            1           0.661         6592          824
        3296            2           0.543        13184         1648
        3296            4           0.570        26368         3296
        3296            8           0.664        52736         6592
        3296           16           0.707       105472        13184
        3296           32           1.164       210944        26368
        3296           64           1.992       421888        52736
        3296          128          11.433       843776       105472
        3296          256           4.324      1687552       210944
        3296          512          17.393      3375104       421888
        3296         1024          16.954      6750208       843776
        3296         2048          26.601     13500416      1687552
        3296         4096          53.542     27000832      3375104
        3296         8192         105.833     54001664      6750208
        3616            1           0.679         7232          904
        3616            2           1.388        14464         1808
        3616            4           0.496        28928         3616
        3616            8           0.612        57856         7232
        3616           16           0.720       115712        14464
        3616           32           0.825       231424        28928
        3616           64           1.957       462848        57856
        3616          128           3.618       925696       115712
        3616          256          15.162      1851392       231424
        3616          512          13.739      3702784       462848
        3616         1024          25.859      7405568       925696
        3616         2048          29.979     14811136      1851392
        3616         4096          50.356     29622272      3702784
        3616         8192          99.454     59244544      7405568
        3968            1           0.712         7936          992
        3968            2           0.488        15872         1984
        3968            4           0.594        31744         3968
        3968            8           0.655        63488         7936
        3968           16           0.846       126976        15872
        3968           32           1.262       253952        31744
        3968           64           2.250       507904        63488
        3968          128           3.954      1015808       126976
        3968          256           7.606      2031616       253952
        3968          512          16.900      4063232       507904
        3968         1024          21.533      8126464      1015808
        3968         2048          25.965     16252928      2031616
        3968         4096          53.006     32505856      4063232
        4352            1           1.236         8704         1088
        4352            2           0.590        17408         2176
        4352            4           0.613        34816         4352
        4352            8           0.763        69632         8704
        4352           16           1.064       139264        17408
        4352           32           1.456       278528        34816
        4352           64           2.764       557056        69632
        4352          128          14.346      1114112       139264
        4352          256           5.760      2228224       278528
        4352          512           8.938      4456448       557056
        4352         1024          17.716      8912896      1114112
        4352         2048          27.852     17825792      2228224
        4352         4096          51.104     35651584      4456448
        4768            1           0.464         9536         1192
        4768            2           0.303        19072         2384
        4768            4           0.375        38144         4768
        4768            8           0.625        76288         9536
        4768           16           0.475       152576        19072
        4768           32           0.778       305152        38144
        4768           64           1.028       610304        76288
        4768          128           1.632      1220608       152576
        4768          256           3.067      2441216       305152
        4768          512           5.775      4882432       610304
        4768         1024          11.328      9764864      1220608
        4768         2048          22.504     19529728      2441216
        4768         4096          44.730     39059456      4882432
        5216            1           0.434        10432         1304
        5216            2           0.316        20864         2608
        5216            4           0.445        41728         5216
        5216            8           0.476        83456        10432
        5216           16           0.554       166912        20864
        5216           32           0.722       333824        41728
        5216           64           1.293       667648        83456
        5216          128           2.104      1335296       166912
        5216          256           3.849      2670592       333824
        5216          512           7.448      5341184       667648
        5216         1024          14.640     10682368      1335296
        5216         2048          29.081     21364736      2670592
        5216         4096          57.879     42729472      5341184
        5728            1           0.358        11456         1432
        5728            2           0.453        22912         2864
        5728            4           0.493        45824         5728
        5728            8           0.523        91648        11456
        5728           16           0.667       183296        22912
        5728           32           0.910       366592        45824
        5728           64           1.276       733184        91648
        5728          128           2.360      1466368       183296
        5728          256           4.556      2932736       366592
        5728          512           8.042      5865472       733184
        5728         1024          15.712     11730944      1466368
        5728         2048          31.263     23461888      2932736
        5728         4096          62.201     46923776      5865472
        6272            1           0.348        12544         1568
        6272            2           0.357        25088         3136
        6272            4           0.519        50176         6272
        6272            8           0.601       100352        12544
        6272           16           0.580       200704        25088
        6272           32           0.774       401408        50176
        6272           64           1.173       802816       100352
        6272          128           2.012      1605632       200704
        6272          256           3.743      3211264       401408
        6272          512           7.199      6422528       802816
        6272         1024          14.251     12845056      1605632
        6272         2048          28.282     25690112      3211264
        6272         4096          56.337     51380224      6422528
        6880            1           0.462        13760         1720
        6880            2           0.380        27520         3440
        6880            4           0.371        55040         6880
        6880            8           0.543       110080        13760
        6880           16           0.706       220160        27520
        6880           32           0.794       440320        55040
        6880           64           1.391       880640       110080
        6880          128           2.251      1761280       220160
        6880          256           4.113      3522560       440320
        6880          512           7.949      7045120       880640
        6880         1024          15.775     14090240      1761280
        6880         2048          31.378     28180480      3522560
        6880         4096          62.382     56360960      7045120
        7552            1           0.395        15104         1888
        7552            2           0.592        30208         3776
        7552            4           0.468        60416         7552
        7552            8           1.071       120832        15104
        7552           16           0.711       241664        30208
        7552           32           0.930       483328        60416
        7552           64           1.317       966656       120832
        7552          128           2.324      1933312       241664
        7552          256           4.375      3866624       483328
        7552          512           8.560      7733248       966656
        7552         1024          17.000     15466496      1933312
        7552         2048          33.523     30932992      3866624
        7552         4096          66.776     61865984      7733248
        8288            1           1.219        16576         2072
        8288            2           0.388        33152         4144
        8288            4           0.629        66304         8288
        8288            8           0.541       132608        16576
        8288           16           0.689       265216        33152
        8288           32           0.877       530432        66304
        8288           64           1.418      1060864       132608
        8288          128           2.567      2121728       265216
        8288          256           4.917      4243456       530432
        8288          512           9.468      8486912      1060864
        8288         1024          18.733     16973824      2121728
        8288         2048          37.178     33947648      4243456
        9088            1           0.750        18176         2272
        9088            2           0.371        36352         4544
        9088            4           0.497        72704         9088
        9088            8           0.715       145408        18176
        9088           16           0.733       290816        36352
        9088           32           1.043       581632        72704
        9088           64           1.794      1163264       145408
        9088          128           3.348      2326528       290816
        9088          256           6.281      4653056       581632
        9088          512          12.313      9306112      1163264
        9088         1024          25.090     18612224      2326528
        9088         2048          49.814     37224448      4653056
        9984            1           1.169        19968         2496
        9984            2           0.391        39936         4992
        9984            4           0.537        79872         9984
        9984            8           0.582       159744        19968
        9984           16           0.798       319488        39936
        9984           32           1.180       638976        79872
        9984           64           1.843      1277952       159744
        9984          128           3.360      2555904       319488
        9984          256           6.304      5111808       638976
        9984          512          12.442     10223616      1277952
        9984         1024          24.349     20447232      2555904
        9984         2048          48.407     40894464      5111808
       10976            1           0.429        21952         2744
       10976            2           0.476        43904         5488
       10976            4           0.457        87808        10976
       10976            8           0.562       175616        21952
       10976           16           0.835       351232        43904
       10976           32           1.240       702464        87808
       10976           64           2.052      1404928       175616
       10976          128           3.561      2809856       351232
       10976          256           7.002      5619712       702464
       10976          512          13.631     11239424      1404928
       10976         1024          26.633     22478848      2809856
       10976         2048          53.083     44957696      5619712
       12064            1           0.506        24128         3016
       12064            2           0.558        48256         6032
       12064            4           0.542        96512        12064
       12064            8           0.708       193024        24128
       12064           16           0.766       386048        48256
       12064           32           1.306       772096        96512
       12064           64           1.956      1544192       193024
       12064          128           3.504      3088384       386048
       12064          256           6.812      6176768       772096
       12064          512          13.254     12353536      1544192
       12064         1024          26.494     24707072      3088384
       12064         2048          52.292     49414144      6176768
       13248            1           0.863        26496         3312
       13248            2           0.360        52992         6624
       13248            4           0.685       105984        13248
       13248            8           0.797       211968        26496
       13248           16           0.942       423936        52992
       13248           32           1.411       847872       105984
       13248           64           2.365      1695744       211968
       13248          128           4.354      3391488       423936
       13248          256           8.065      6782976       847872
       13248          512          15.774     13565952      1695744
       13248         1024          31.065     27131904      3391488
       13248         2048          61.871     54263808      6782976
       14560            1           0.996        29120         3640
       14560            2           0.598        58240         7280
       14560            4           0.625       116480        14560
       14560            8           0.734       232960        29120
       14560           16           0.925       465920        58240
       14560           32           1.588       931840       116480
       14560           64           2.563      1863680       232960
       14560          128           4.694      3727360       465920
       14560          256           9.035      7454720       931840
       14560          512          17.516     14909440      1863680
       14560         1024          42.851     29818880      3727360
       14560         2048          68.452     59637760      7454720
       16000            1           0.723        32000         4000
       16000            2           0.860        64000         8000
       16000            4           0.625       128000        16000
       16000            8           0.737       256000        32000
       16000           16           1.198       512000        64000
       16000           32           1.966      1024000       128000
       16000           64           3.613      2048000       256000
       16000          128           6.797      4096000       512000
       16000          256          13.404      8192000      1024000
       16000          512          26.337     16384000      2048000
       16000         1024          52.490     32768000      4096000
       17600            1           0.584        35200         4400
       17600            2           0.683        70400         8800
       17600            4           1.136       140800        17600
       17600            8           0.863       281600        35200
       17600           16           2.115       563200        70400
       17600           32           2.651      1126400       140800
       17600           64           5.047      2252800       281600
       17600          128           9.614      4505600       563200
       17600          256          19.413      9011200      1126400
       17600          512          38.940     18022400      2252800
       17600         1024          75.921     36044800      4505600
       19360            1           2.268        38720         4840
       19360            2           0.899        77440         9680
       19360            4           1.102       154880        19360
       19360            8           1.655       309760        38720
       19360           16           2.870       619520        77440
       19360           32           5.214      1239040       154880
       19360           64           7.881      2478080       309760
       19360          128          26.963      4956160       619520
       19360          256          16.011      9912320      1239040
       19360          512          27.859     19824640      2478080
       19360         1024          70.546     39649280      4956160
       21280            1           1.422        42560         5320
       21280            2           0.977        85120        10640
       21280            4           1.213       170240        21280
       21280            8           1.836       340480        42560
       21280           16           3.166       680960        85120
       21280           32           5.333      1361920       170240
       21280           64           5.893      2723840       340480
       21280          128          20.217      5447680       680960
       21280          256          19.625     10895360      1361920
       21280          512          38.141     21790720      2723840
       21280         1024          76.142     43581440      5447680
       23392            1           0.926        46784         5848
       23392            2           0.922        93568        11696
       23392            4           1.375       187136        23392
       23392            8           2.137       374272        46784
       23392           16           3.517       748544        93568
       23392           32           6.386      1497088       187136
       23392           64           9.094      2994176       374272
       23392          128          27.034      5988352       748544
       23392          256          21.726     11976704      1497088
       23392          512          42.010     23953408      2994176
       23392         1024          81.344     47906816      5988352
       25728            1           1.573        51456         6432
       25728            2           1.044       102912        12864
       25728            4           1.500       205824        25728
       25728            8           2.282       411648        51456
       25728           16           4.209       823296       102912
       25728           32           7.174      1646592       205824
       25728           64          25.278      3293184       411648
       25728          128          25.661      6586368       823296
       25728          256          36.099     13172736      1646592
       25728          512          42.467     26345472      3293184
       25728         1024          58.117     52690944      6586368
       28288            1           0.656        56576         7072
       28288            2           0.714       113152        14144
       28288            4           0.758       226304        28288
       28288            8           0.878       452608        56576
       28288           16           1.487       905216       113152
       28288           32           2.444      1810432       226304
       28288           64           4.355      3620864       452608
       28288          128           8.217      7241728       905216
       28288          256          16.165     14483456      1810432
       28288          512          31.773     28966912      3620864
       28288         1024          63.817     57933824      7241728
       31104            1           1.058        62208         7776
       31104            2           0.508       124416        15552
       31104            4           0.745       248832        31104
       31104            8           0.888       497664        62208
       31104           16           1.578       995328       124416
       31104           32           2.621      1990656       248832
       31104           64           4.738      3981312       497664
       31104          128           9.030      7962624       995328
       31104          256          17.741     15925248      1990656
       31104          512          34.948     31850496      3981312
       34208            1           1.005        68416         8552
       34208            2           0.502       136832        17104
       34208            4           0.886       273664        34208
       34208            8           1.142       547328        68416
       34208           16           1.702      1094656       136832
       34208           32           2.843      2189312       273664
       34208           64           5.309      4378624       547328
       34208          128          10.008      8757248      1094656
       34208          256          19.533     17514496      2189312
       34208          512          38.565     35028992      4378624
       37600            1           0.739        75200         9400
       37600            2           0.584       150400        18800
       37600            4           0.853       300800        37600
       37600            8           1.178       601600        75200
       37600           16           1.801      1203200       150400
       37600           32           3.008      2406400       300800
       37600           64           5.663      4812800       601600
       37600          128          10.878      9625600      1203200
       37600          256          21.375     19251200      2406400
       37600          512          42.300     38502400      4812800
       41344            1           0.915        82688        10336
       41344            2           0.668       165376        20672
       41344            4           0.879       330752        41344
       41344            8           1.193       661504        82688
       41344           16           1.999      1323008       165376
       41344           32           3.262      2646016       330752
       41344           64           6.018      5292032       661504
       41344          128          11.670     10584064      1323008
       41344          256          23.174     21168128      2646016
       41344          512          45.913     42336256      5292032
       45472            1           0.956        90944        11368
       45472            2           0.696       181888        22736
       45472            4           0.888       363776        45472
       45472            8           1.447       727552        90944
       45472           16           2.074      1455104       181888
       45472           32           3.617      2910208       363776
       45472           64           6.723      5820416       727552
       45472          128          12.944     11640832      1455104
       45472          256          25.673     23281664      2910208
       45472          512          50.467     46563328      5820416
       50016            1           0.974       100032        12504
       50016            2           0.764       200064        25008
       50016            4           1.061       400128        50016
       50016            8           1.375       800256       100032
       50016           16           2.227      1600512       200064
       50016           32           3.905      3201024       400128
       50016           64           7.368      6402048       800256
       50016          128          14.246     12804096      1600512
       50016          256          28.352     25608192      3201024
       50016          512          55.638     51216384      6402048
       55008            1           1.094       110016        13752
       55008            2           0.885       220032        27504
       55008            4           1.079       440064        55008
       55008            8           1.533       880128       110016
       55008           16           2.404      1760256       220032
       55008           32           4.286      3520512       440064
       55008           64           8.085      7041024       880128
       55008          128          19.399     14082048      1760256
       55008          256          33.494     28164096      3520512
       55008          512          60.981     56328192      7041024
       60480            1           1.359       120960        15120
       60480            2           0.827       241920        30240
       60480            4           1.144       483840        60480
       60480            8           1.642       967680       120960
       60480           16           2.716      1935360       241920
       60480           32           4.665      3870720       483840
       60480           64           8.748      7741440       967680
       60480          128          17.060     15482880      1935360
       60480          256          33.649     30965760      3870720
       60480          512          66.842     61931520      7741440
       66528            1           1.274       133056        16632
       66528            2           0.774       266112        33264
       66528            4           1.120       532224        66528
       66528            8           1.696      1064448       133056
       66528           16           2.820      2128896       266112
       66528           32           5.023      4257792       532224
       66528           64           9.706      8515584      1064448
       66528          128          19.052     17031168      2128896
       66528          256          37.082     34062336      4257792
       73152            1           1.671       146304        18288
       73152            2           0.806       292608        36576
       73152            4           1.273       585216        73152
       73152            8           1.897      1170432       146304
       73152           16           3.091      2340864       292608
       73152           32          19.431      4681728       585216
       73152           64          15.682      9363456      1170432
       73152          128          28.075     18726912      2340864
       73152          256          53.642     37453824      4681728
       80448            1           2.122       160896        20112
       80448            2           0.853       321792        40224
       80448            4           1.355       643584        80448
       80448            8           2.066      1287168       160896
       80448           16           3.320      2574336       321792
       80448           32           6.114      5148672       643584
       80448           64          11.616     10297344      1287168
       80448          128          22.604     20594688      2574336
       80448          256          44.470     41189376      5148672
       88480            1           2.624       176960        22120
       88480            2           1.311       353920        44240
       88480            4           2.047       707840        88480
       88480            8           3.346      1415680       176960
       88480           16           5.703      2831360       353920
       88480           32          10.430      5662720       707840
       88480           64          20.200     11325440      1415680
       88480          128          44.742     22650880      2831360
       88480          256          86.588     45301760      5662720
       97312            1           2.932       194624        24328
       97312            2           4.075       389248        48656
       97312            4           6.536       778496        97312
       97312            8          20.307      1556992       194624
       97312           16          15.922      3113984       389248
       97312           32          34.906      6227968       778496
       97312           64          74.070     12455936      1556992
       97312          128         142.649     24911872      3113984
       97312          256         140.875     49823744      6227968
      107040            1           2.214       214080        26760
      107040            2           1.129       428160        53520
      107040            4           1.577       856320       107040
      107040            8           2.514      1712640       214080
      107040           16           4.305      3425280       428160
      107040           32           7.931      6850560       856320
      107040           64          15.216     13701120      1712640
      107040          128          29.819     27402240      3425280
      107040          256          59.032     54804480      6850560
      117728            1           2.216       235456        29432
      117728            2           1.264       470912        58864
      117728            4           1.761       941824       117728
      117728            8           2.769      1883648       235456
      117728           16           4.848      3767296       470912
      117728           32           8.909      7534592       941824
      117728           64          17.249     15069184      1883648
      117728          128          33.227     30138368      3767296
      117728          256          93.654     60276736      7534592
      129472            1           3.050       258944        32368
      129472            2           1.360       517888        64736
      129472            4           2.996      1035776       129472
      129472            8           5.191      2071552       258944
      129472           16           9.851      4143104       517888
      129472           32          18.894      8286208      1035776
      129472           64          36.555     16572416      2071552
      129472          128          71.080     33144832      4143104
      142400            1           2.569       284800        35600
      142400            2           1.586       569600        71200
      142400            4           2.275      1139200       142400
      142400            8           3.784      2278400       284800
      142400           16           6.923      4556800       569600
      142400           32          13.079      9113600      1139200
      142400           64          25.399     18227200      2278400
      142400          128          49.695     36454400      4556800
      156640            1           3.540       313280        39160
      156640            2           1.649       626560        78320
      156640            4           2.710      1253120       156640
      156640            8           4.798      2506240       313280
      156640           16           8.685      5012480       626560
      156640           32          17.010     10024960      1253120
      156640           64          32.947     20049920      2506240
      156640          128          65.277     40099840      5012480
      172288            1           3.610       344576        43072
      172288            2           1.985       689152        86144
      172288            4           3.073      1378304       172288
      172288            8           5.546      2756608       344576
      172288           16          10.312      5513216       689152
      172288           32          19.886     11026432      1378304
      172288           64          39.037     22052864      2756608
      172288          128          77.051     44105728      5513216
      189504            1           3.596       379008        47376
      189504            2           2.230       758016        94752
      189504            4           3.552      1516032       189504
      189504            8           5.989      3032064       379008
      189504           16          11.267      6064128       758016
      189504           32          21.783     12128256      1516032
      189504           64          42.542     24256512      3032064
      189504          128          84.544     48513024      6064128
      208448            1           3.989       416896        52112
      208448            2           2.368       833792       104224
      208448            4           3.837      1667584       208448
      208448            8           6.630      3335168       416896
      208448           16          12.465      6670336       833792
      208448           32          23.857     13340672      1667584
      208448           64          46.756     26681344      3335168
      208448          128          92.741     53362688      6670336
      229280            1           4.656       458560        57320
      229280            2           3.094       917120       114640
      229280            4           4.741      1834240       229280
      229280            8           7.883      3668480       458560
      229280           16          15.547      7336960       917120
      229280           32          26.232     14673920      1834240
      229280           64          51.337     29347840      3668480
      229280          128         101.145     58695680      7336960
      252192            1           4.548       504384        63048
      252192            2           2.660      1008768       126096
      252192            4           4.473      2017536       252192
      252192            8           7.995      4035072       504384
      252192           16          14.791      8070144      1008768
      252192           32          28.640     16140288      2017536
      252192           64          56.210     32280576      4035072
      277408            1           4.993       554816        69352
      277408            2           2.975      1109632       138704
      277408            4           4.785      2219264       277408
      277408            8           8.690      4438528       554816
      277408           16          16.306      8877056      1109632
      277408           32          31.551     17754112      2219264
      277408           64          61.907     35508224      4438528
      305120            1           5.022       610240        76280
      305120            2           3.191      1220480       152560
      305120            4           5.293      2440960       305120
      305120            8           9.548      4881920       610240
      305120           16          17.893      9763840      1220480
      305120           32          34.620     19527680      2440960
      305120           64          67.876     39055360      4881920
      335616            1           5.433       671232        83904
      335616            2           3.588      1342464       167808
      335616            4           5.795      2684928       335616
      335616            8          10.325      5369856       671232
      335616           16          19.605     10739712      1342464
      335616           32          37.864     21479424      2684928
      335616           64          74.805     42958848      5369856
      369152            1           6.219       738304        92288
      369152            2           3.737      1476608       184576
      369152            4           6.235      2953216       369152
      369152            8          11.309      5906432       738304
      369152           16          21.413     11812864      1476608
      369152           32          41.600     23625728      2953216
      369152           64          82.308     47251456      5906432
      406048            1           6.774       812096       101512
      406048            2           4.205      1624192       203024
      406048            4           6.745      3248384       406048
      406048            8          12.507      6496768       812096
      406048           16          23.362     12993536      1624192
      406048           32          45.600     25987072      3248384
      406048           64          89.820     51974144      6496768
      446624            1           8.125       893248       111656
      446624            2           4.486      1786496       223312
      446624            4           7.388      3572992       446624
      446624            8          13.474      7145984       893248
      446624           16          25.807     14291968      1786496
      446624           32          50.381     28583936      3572992
      446624           64          99.596     57167872      7145984
      491264            1           8.142       982528       122816
      491264            2           4.950      1965056       245632
      491264            4           8.066      3930112       491264
      491264            8          14.898      7860224       982528
      491264           16          28.387     15720448      1965056
      491264           32          55.237     31440896      3930112
      540384            1           9.719      1080768       135096
      540384            2           5.350      2161536       270192
      540384            4           8.901      4323072       540384
      540384            8          16.475      8646144      1080768
      540384           16          31.114     17292288      2161536
      540384           32          74.061     34584576      4323072
      594400            1          13.240      1188800       148600
      594400            2           8.592      2377600       297200
      594400            4          12.624      4755200       594400
      594400            8          25.930      9510400      1188800
      594400           16          42.504     19020800      2377600
      594400           32          79.794     38041600      4755200
      653824            1          14.419      1307648       163456
      653824            2           9.982      2615296       326912
      653824            4          14.514      5230592       653824
      653824            8          23.807     10461184      1307648
      653824           16          45.898     20922368      2615296
      653824           32          90.131     41844736      5230592
      719200            1          16.267      1438400       179800
      719200            2           8.696      2876800       359600
      719200            4          16.493      5753600       719200
      719200            8          30.817     11507200      1438400
      719200           16          45.033     23014400      2876800
      719200           32          81.753     46028800      5753600
      791104            1          16.158      1582208       197776
      791104            2          10.282      3164416       395552
      791104            4          16.854      6328832       791104
      791104            8          25.135     12657664      1582208
      791104           16          48.401     25315328      3164416
      791104           32         128.926     50630656      6328832
      870208            1          21.892      1740416       217552
      870208            2          21.299      3480832       435104
      870208            4          28.976      6961664       870208
      870208            8          33.621     13923328      1740416
      870208           16          56.907     27846656      3480832
      870208           32          97.268     55693312      6961664
      957216            1          16.441      1914432       239304
      957216            2           9.382      3828864       478608
      957216            4          15.749      7657728       957216
      957216            8          28.607     15315456      1914432
      957216           16          54.756     30630912      3828864
      957216           32         106.496     61261824      7657728
     1052928            1          20.666      2105856       263232
     1052928            2          13.222      4211712       526464
     1052928            4          22.145      8423424      1052928
     1052928            8          39.387     16846848      2105856
     1052928           16          74.867     33693696      4211712
     1158208            1          53.547      2316416       289552
     1158208            2          37.647      4632832       579104
     1158208            4          26.845      9265664      1158208
     1158208            8          39.916     18531328      2316416
     1158208           16          69.919     37062656      4632832
     1274016            1          44.729      2548032       318504
     1274016            2          25.241      5096064       637008
     1274016            4          28.291     10192128      1274016
     1274016            8          76.597     20384256      2548032
     1274016           16         251.680     40768512      5096064
     1401408            1          68.134      2802816       350352
     1401408            2          44.590      5605632       700704
     1401408            4          55.119     11211264      1401408
     1401408            8          48.550     22422528      2802816
     1401408           16         104.779     44845056      5605632
     1541536            1          58.282      3083072       385384
     1541536            2          38.210      6166144       770768
     1541536            4          50.161     12332288      1541536
     1541536            8          87.645     24664576      3083072
     1541536           16         162.543     49329152      6166144
     1695680            1          43.445      3391360       423920
     1695680            2          34.416      6782720       847840
     1695680            4          54.471     13565440      1695680
     1695680            8          95.900     27130880      3391360
     1695680           16         361.215     54261760      6782720
     1865248            1          41.521      3730496       466312
     1865248            2          17.529      7460992       932624
     1865248            4          30.165     14921984      1865248
     1865248            8          55.647     29843968      3730496
     1865248           16         106.384     59687936      7460992
     2051744            1          34.551      4103488       512936
     2051744            2          19.913      8206976      1025872
     2051744            4          33.293     16413952      2051744
     2051744            8          61.383     32827904      4103488
     2256896            1          44.714      4513792       564224
     2256896            2          51.793      9027584      1128448
     2256896            4          36.518     18055168      2256896
     2256896            8          67.004     36110336      4513792
     2482560            1          41.270      4965120       620640
     2482560            2          24.098      9930240      1241280
     2482560            4          73.208     19860480      2482560
     2482560            8          86.771     39720960      4965120
     2730816            1          45.412      5461632       682704
     2730816            2          27.929     10923264      1365408
     2730816            4          46.703     21846528      2730816
     2730816            8         100.303     43693056      5461632
     3003872            1          57.526      6007744       750968
     3003872            2          44.077     12015488      1501936
     3003872            4          60.244     24030976      3003872
     3003872            8         102.335     48061952      6007744
     3304256            1          54.350      6608512       826064
     3304256            2          46.501     13217024      1652128
     3304256            4          70.862     26434048      3304256
     3304256            8         127.674     52868096      6608512
     3634656            1          65.817      7269312       908664
     3634656            2          54.506     14538624      1817328
     3634656            4          90.999     29077248      3634656
     3634656            8         140.345     58154496      7269312
     3998112            1         123.766      7996224       999528
     3998112            2          77.015     15992448      1999056
     3998112            4         124.045     31984896      3998112
     4397920            1         151.761      8795840      1099480
     4397920            2         232.921     17591680      2198960
     4397920            4         258.487     35183360      4397920
     4837696            1          69.727      9675392      1209424
     4837696            2          75.221     19350784      2418848
     4837696            4         112.167     38701568      4837696
     5321440            1          85.256     10642880      1330360
     5321440            2         188.067     21285760      2660720
     5321440            4         363.242     42571520      5321440
     5853568            1          86.520     11707136      1463392
     5853568            2         175.448     23414272      2926784
     5853568            4         263.916     46828544      5853568
     6438912            1         115.685     12877824      1609728
     6438912            2         188.697     25755648      3219456
     6438912            4         296.224     51511296      6438912
     7082784            1         111.487     14165568      1770696
     7082784            2         147.159     28331136      3541392
     7082784            4         220.452     56662272      7082784
     7791040            1         101.885     15582080      1947760
     7791040            2         203.890     31164160      3895520
     8570144            1         107.628     17140288      2142536
     8570144            2         218.731     34280576      4285072
     9427136            1         147.246     18854272      2356784
     9427136            2         237.310     37708544      4713568
    10369824            1         132.401     20739648      2592456
    10369824            2         252.992     41479296      5184912
    11406784            1         142.795     22813568      2851696
    11406784            2         243.107     45627136      5703392
    12547456            1         190.598     25094912      3136864
    12547456            2         417.777     50189824      6273728
    13802176            1         284.821     27604352      3450544
    13802176            2         636.638     55208704      6901088
    15182368            1         197.308     30364736      3795592
    15182368            2         332.112     60729472      7591184
    16700576            1         213.970     33401152      4175144
    18370624            1         247.111     36741248      4592656
    20207680            1         349.239     40415360      5051920
    22228448            1         440.561     44456896      5557112
    24451264            1         430.116     48902528      6112816
    26896384            1         476.348     53792768      6724096
    29586016            1         516.093     59172032      7396504

META_DATA
FLOPS          2
OPENMP_THREADS 4
ERT_VERSION  1.1.0
HOSTNAME  ('cirrus4.computing.clemson.edu', ['cirrus4'], ['127.0.1.1'])
UNAME  uname_result(system='Linux', node='cirrus4.computing.clemson.edu', release='5.4.0-81-generic', version='#91-Ubuntu SMP Thu Jul 15 19:09:17 UTC 2021', machine='x86_64', processor='x86_64')
TIMESTAMP_DATA  1632245403.5193667
CONFIG  {'ERT_RESULTS': ['Results.cs.clemson.edu'], 'ERT_DRIVER': ['driver1'], 'ERT_KERNEL': ['kernel1'], 'ERT_MPI': ['False'], 'ERT_MPI_CFLAGS': [], 'ERT_MPI_LDFLAGS': [], 'ERT_OPENMP': ['True'], 'ERT_OPENMP_CFLAGS': ['-fopenmp'], 'ERT_OPENMP_LDFLAGS': ['-fopenmp'], 'ERT_FLOPS': ['1,2,4'], 'ERT_ALIGN': ['32'], 'ERT_CC': ['g++'], 'ERT_CFLAGS': ['-O3', '-std=c++11', '-fstrict-aliasing', '-march=native'], 'ERT_LD': ['g++'], 'ERT_LDFLAGS': [], 'ERT_LDLIBS': [], 'ERT_PRECISION': ['FP64'], 'ERT_RUN': ['export', 'OMP_NUM_THREADS=ERT_OPENMP_THREADS;', 'export', 'OMP_PLACES=threads;', 'export', 'OMP_PROC_BIND=spread;', './ERT_CODE'], 'ERT_PROCS_THREADS': ['8'], 'ERT_MPI_PROCS': ['2,4,8'], 'ERT_OPENMP_THREADS': ['1-8'], 'ERT_NUM_EXPERIMENTS': ['5'], 'ERT_MEMORY_MAX': ['31000000'], 'ERT_WORKING_SET_MIN': ['1'], 'ERT_TRIALS_MIN': ['1'], 'ERT_GNUPLOT': ['gnuplot'], 'ERT_GPU': [False], 'ERT_HIP': [False], 'ERT_OCL': [False], 'ERT_SYCL': [False], 'ERT_WSS_MULT': [1.1]}
