fp64
 40 524288 1807.702 1914.533 3599.911 11.651132486330912 21.90771326480139 23.202408361555168 2.912783121582728 5.476928316200348 5.800602090388792
 80 262144 910.582 1156.383 1636.844 25.62433561170154 36.27088948903607 46.06179344638924 6.406083902925385 9.067722372259018 11.51544836159731
 120 131072 460.737 589.592 853.243 36.86790281314936 53.35431959728083 68.27600127621614 9.21697570328734 13.338579899320207 17.069000319054034
 160 131072 392.154 512.466 604.682 69.363797830926 81.84550779954182 106.95553277538927 17.3409494577315 20.461376949885455 26.738883193847318
 200 131072 351.691 503.872 604.574 86.72023606704886 104.05182268512637 149.07631983758472 21.680059016762215 26.012955671281592 37.26907995939618
 240 65536 176.207 252.35 319.48 98.46400400651056 124.65734099465028 178.52457620866366 24.61600100162764 31.16433524866257 44.631144052165915
 280 65536 176.113 204.573 280.486 130.844890654079 179.3988453999306 208.3898406136969 32.71122266351975 44.84971134998265 52.09746015342422
 320 65536 183.819 213.487 292.527 143.38177330639564 196.46648273665377 228.17575985072273 35.84544332659891 49.11662068416344 57.04393996268068
 360 65536 183.931 213.464 299.683 157.45277509902132 221.04860772776675 256.5414204239633 39.36319377475533 55.26215193194169 64.13535510599083
 400 65536 207.963 208.467 293.582 178.58315564305715 251.4968796020473 252.1063843087472 44.64578891076429 62.874219900511825 63.0265960771868
 440 65536 207.778 210.5 240.937 239.36414913442104 273.9747268408551 277.5639384342905 59.84103728360526 68.49368171021378 69.39098460857262
 480 32768 104.154 104.284 106.913 294.23250680459813 301.65010931686544 302.02661443631547 73.55812670114953 75.41252732921636 75.50665360907887
 520 32768 104.24 107.28 117.139 290.9254816926899 317.6614466815809 326.92555640828857 72.73137042317248 79.41536167039523 81.73138910207214
 560 32768 104.221 104.285 113.905 322.1997278433783 351.92175288871846 352.13786089175886 80.54993196084457 87.98043822217961 88.03446522293972
 600 32768 104.755 104.841 123.969 317.1889746630206 375.0593756259479 375.36728557109444 79.29724366575515 93.76484390648697 93.84182139277361
 640 32768 104.148 104.738 118.639 353.53500956683723 400.45675876950105 402.7253523831471 88.38375239170931 100.11418969237526 100.68133809578677
 680 32768 104.085 104.591 116.138 383.7200571733627 426.0833150079835 428.15468127011576 95.93001429334068 106.52082875199588 107.03867031752894
 720 32768 106.373 106.516 120.335 392.12132795944655 442.99372864170635 443.58925667227584 98.03033198986164 110.74843216042659 110.89731416806896
 760 32768 112.907 112.942 159.891 311.5082149714493 440.9994510456695 441.1361563056321 77.87705374286233 110.24986276141738 110.28403907640802
 800 32768 104.083 104.222 118.15 443.7477782479898 503.0492602329643 503.72106876243 110.93694456199745 125.76231505824107 125.9302671906075
 880 32768 114.308 114.585 157.613 365.9068731640157 503.3091591395035 504.5288168807083 91.47671829100392 125.82728978487587 126.13220422017707
 960 16384 53.386 53.531 53.616 586.7144136078782 587.6460368758289 589.2421234031393 146.67860340196955 146.91150921895724 147.31053085078483
 1040 16384 61.739 61.835 61.958 550.0293747377257 551.123473760815 551.9804337614797 137.50734368443142 137.78086844020376 137.99510844036993
 1120 16384 54.821 54.873 55.092 666.1613301386772 668.820002551346 669.4544061582242 166.5403325346693 167.2050006378365 167.36360153955604
 1200 16384 62.719 62.781 64.853 606.3189058331919 626.3296220194009 626.9487715046477 151.57972645829798 156.58240550485021 156.7371928761619
 1320 16384 63.487 63.62 63.923 676.6540994634169 679.8767683118516 681.3010537590374 169.1635248658542 169.9691920779629 170.32526343975934
 1440 16384 63.063 63.198 78.968 597.5321649275655 746.6362859584164 748.2346225203368 149.38304123189138 186.6590714896041 187.0586556300842
 1560 16384 80.564 80.715 82.259 621.428415127828 633.3157405686676 634.5027555732089 155.357103781957 158.3289351421669 158.62568889330223
 1680 16384 81.728 82.424 82.571 666.7018686948203 667.8909055614869 673.5787000783085 166.67546717370507 166.97272639037172 168.39467501957714
 1840 16384 87.662 88.422 116.209 518.8334810556842 681.8791703422226 687.7908329720973 129.70837026392104 170.46979258555564 171.94770824302432
 2000 8192 47.249 47.658 58.867 556.6446396113272 687.5655713626253 693.5173231179496 139.1611599028318 171.89139284065632 173.3793307794874
 2200 8192 52.97 53.686 72.779 495.26374366232017 671.4003650858697 680.4757409854635 123.81593591558004 167.85009127146742 170.11893524636588
 2400 8192 47.061 47.132 69.413 566.4875455606299 834.2866842060596 835.5453560272837 141.62188639015747 208.5716710515149 208.88633900682092
 2640 8192 59.724 59.784 76.673 564.1328759798104 723.5006021678041 724.2274462527628 141.0332189949526 180.87515054195103 181.0568615631907
 2880 8192 56.474 56.667 59.406 794.2955257044742 832.687807718778 835.5335198498425 198.57388142611856 208.1719519296945 208.88337996246062
 3160 8192 69.515 69.556 107.592 481.20157632537735 744.3418252918511 744.7808386679134 120.30039408134434 186.08545632296278 186.19520966697834
 3440 8192 72.951 73.087 126.433 445.7772891571029 771.1489047299793 772.5865306849804 111.44432228927573 192.78722618249483 193.1466326712451
 3760 8192 78.989 79.044 137.469 448.1289599837055 779.3613683518041 779.9040372710124 112.03223999592637 194.84034208795103 194.9760093177531
 4120 4096 43.873 43.92 43.983 767.3655730623196 768.4663023679418 769.2895402639438 191.8413932655799 192.11657559198545 192.32238506598594
 4520 4096 45.432 45.509 45.596 812.0852706377754 813.6377419851018 815.0167282972354 203.02131765944384 203.40943549627545 203.75418207430886
 4960 4096 47.886 48.044 48.266 841.8414618986451 845.7314128715345 848.521906193877 210.46036547466127 211.43285321788363 212.13047654846926
 5440 4096 64.281 64.295 64.833 687.3734055187945 693.1251263706353 693.276084690655 171.84335137969862 173.28128159265881 173.31902117266375
 5960 4096 58.905 58.98 59.126 825.7673443155296 827.8114615123772 828.8654613360495 206.4418360788824 206.9528653780943 207.21636533401238
 6520 4096 75.699 76.043 80.329 664.9135430541897 702.3899635732414 705.5818438816895 166.22838576354744 175.59749089331035 176.39546097042236
 7160 4096 80.996 82.179 82.492 711.0352519032148 713.7434137675075 724.1681070670157 177.7588129758037 178.43585344187687 181.04202676675393
 7840 2048 38.085 38.181 48.335 664.3765387400433 841.0633561195359 843.1834055402389 166.09413468501083 210.26583902988398 210.79585138505973
 8600 2048 43.856 43.959 44.052 799.6367928811405 801.3285106576583 803.210507114192 199.90919822028513 200.33212766441457 200.802626778548
 9440 2048 45.679 45.712 45.802 844.2041832234399 845.8662933146655 846.4773747236147 211.05104580585999 211.46657332866639 211.61934368090368
 10360 2048 52.292 52.684 52.863 802.7270491648223 805.4544074102195 811.4923888931386 200.6817622912056 201.36360185255486 202.87309722328465
 11360 2048 54.857 54.974 55.077 844.8274234253862 846.410303052352 848.2155422279745 211.20685585634655 211.602575763088 212.05388555699363
 12480 2048 65.904 66.233 66.365 770.2566111655242 771.7917050412937 775.6445739257102 192.56415279138105 192.9479262603234 193.91114348142756
 13720 2048 72.007 72.064 77.507 725.0586398647864 779.822380106572 780.4396794756066 181.2646599661966 194.955595026643 195.10991986890164
 15080 2048 73.553 73.672 73.724 837.8232325972546 838.4145944185037 839.7710494473374 209.45580814931364 209.60364860462593 209.94276236183435
 16560 1024 42.889 43.088 52.856 641.6467383078553 787.10731526179 790.7594021777146 160.41168457696384 196.7768288154475 197.68985054442865
 18200 1024 47.151 47.198 47.244 788.9594445855558 789.7283783211153 790.5155776123516 197.23986114638896 197.43209458027883 197.6288944030879
 20000 1024 50.975 51.397 54.852 746.7366732297821 796.9336731715861 803.5311427170183 186.68416830744553 199.23341829289652 200.88278567925457
 22000 1024 56.206 56.633 82.652 545.128974495475 795.5785496088852 801.6226025691207 136.28224362386874 198.8946374022213 200.40565064228016
 24200 1024 60.766 61.343 105.729 468.76069952425536 807.9422264969107 815.6139946680709 117.19017488106384 201.98555662422768 203.90349866701771
 26600 1024 66.369 66.848 109.032 499.6404725218285 814.9353757778842 820.8169476713525 124.91011813045712 203.73384394447106 205.20423691783813
 29240 1024 72.946 73.504 94.82 631.5494621387894 814.697431432303 820.9294546650947 157.88736553469735 203.67435785807575 205.23236366627367
 32160 512 40.428 40.479 65.437 503.26023503522464 813.5536945082636 814.5799940635203 125.81505875880616 203.3884236270659 203.64499851588008
 35360 512 43.856 44.33 72.077 502.3605310986862 816.7976539589444 825.6256840569135 125.59013277467155 204.1994134897361 206.40642101422839
 38880 512 48.18 48.441 78.154 509.4188397266935 821.8888957701121 826.3412204234122 127.35470993167337 205.47222394252802 206.58530510585305
 42760 512 52.95 53.061 116.695 375.219503834783 825.2057066395281 826.9355996222852 93.80487595869575 206.30142665988203 206.7338999055713
 47000 512 58.002 58.272 104.014 462.7069432960947 825.9198242723778 829.7644908796248 115.67673582402368 206.47995606809445 207.4411227199062
 51680 512 63.912 63.981 104.39 506.9481751125587 827.1255528985168 828.0185254725247 126.73704377813968 206.7813882246292 207.0046313681312
 56840 512 69.928 70.052 114.964 506.2816185936467 830.870781705019 832.3441253861114 126.57040464841168 207.71769542625475 208.08603134652785
 62520 256 38.488 38.806 63.606 503.25818319026513 824.878627016441 831.6940345042611 125.81454579756628 206.21965675411025 207.92350862606528
 68760 256 42.265 43.13 70.725 497.7747613997879 816.2559703222814 832.9615521116763 124.44369034994698 204.06399258057036 208.24038802791907
 75600 256 46.5 46.534 77.722 498.02115231208666 831.8047019383677 832.4129032258064 124.50528807802166 207.95117548459191 208.1032258064516
 83160 256 51.108 51.229 85.88 495.783884489986 831.1292432020925 833.0969711199812 123.9459711224965 207.78231080052313 208.2742427799953
 91440 256 55.607 56.148 95.69 489.2599017661198 833.8191921350716 841.9314115129391 122.31497544152995 208.4547980337679 210.48285287823478
 100560 256 60.974 61.369 106.4 483.8977443609022 838.9695122944809 844.4045002788074 120.97443609022555 209.74237807362022 211.10112506970185
 110600 256 67.301 67.435 119.936 472.14514407684095 839.7301104767554 841.4020594047637 118.03628601921024 209.93252761918885 210.35051485119092
 121640 128 37.188 37.412 67.97 458.14094453435337 832.3489789372394 837.3625900828223 114.53523613358834 208.08724473430985 209.34064752070557
 133800 128 41.05 41.303 76.646 446.89611982360464 829.3053773333658 834.4165651644337 111.72402995590116 207.32634433334144 208.60414129110842
 147160 128 45.412 45.432 89.553 420.67781090527393 829.2164113400246 829.5816083854488 105.16945272631848 207.30410283500615 207.3954020963622
 161840 128 49.954 50.124 60.246 687.6977724662217 826.5709041576889 829.3838331264764 171.92444311655544 206.64272603942223 207.3459582816191
 178000 128 70.441 71.323 71.378 638.4039900249376 638.8962887147204 646.8959838730285 159.6009975062344 159.7240721786801 161.72399596825713
 195800 128 79.971 80.94 83.823 597.9838469155244 619.2834198171486 626.7872103637568 149.4959617288811 154.82085495428714 156.6968025909392
 215360 128 92.301 93.33 95.205 579.0889133974056 590.7228115289831 597.3083715236022 144.7722283493514 147.68070288224578 149.32709288090055
 236880 128 101.421 102.45 102.706 590.435612330341 591.910980966325 597.9164078445292 147.60890308258524 147.97774524158126 149.4791019611323
 260560 64 56.146 56.594 56.992 585.199326221224 589.3147683500018 594.0170270366544 146.299831555306 147.32869208750046 148.5042567591636
 286600 64 61.65 62.206 62.496 586.9943676395288 589.7308941259685 595.0494728304948 146.7485919098822 147.43272353149212 148.7623682076237
 315240 64 67.996 68.599 68.75 586.9195636363636 588.2114899634106 593.4278486969822 146.7298909090909 147.05287249085265 148.35696217424555
 346760 64 74.562 74.833 86.983 510.27534115861715 593.1244237168095 595.2801695233497 127.56883528965429 148.28110592920237 148.82004238083744
 381400 64 81.998 82.415 82.908 588.8358180151494 592.3581872231996 595.3706187955803 147.20895450378734 148.0895468057999 148.84265469889507
 419520 64 89.658 90.372 91.206 588.7612657062035 594.194662063471 598.9265876999264 147.19031642655088 148.54866551586775 149.7316469249816
 461440 64 98.945 100.092 114.77 514.6320467020998 590.1003077169004 596.9409267775027 128.65801167552496 147.5250769292251 149.23523169437567
 507560 32 55.023 55.5 55.891 581.1998353938917 585.2944144144144 590.3683913999599 145.29995884847293 146.3236036036036 147.59209784998998
 558280 32 60.597 61.093 61.398 581.9394768559237 584.844744897124 589.6318299585788 145.48486921398091 146.211186224281 147.4079574896447
 614080 32 66.782 67.111 67.304 583.9343872578153 585.6136847908689 588.4986972537511 145.98359681445382 146.40342119771722 147.12467431343777
 675480 32 73.166 73.781 77.661 556.659327075366 585.9329637711605 590.8580488204905 139.1648317688415 146.48324094279013 147.71451220512262
 743000 32 80.317 80.722 81.285 585.0033831580242 589.0835212209806 592.0539860801574 146.25084578950606 147.27088030524516 148.01349652003935
 817280 32 87.889 88.878 89.186 586.4812863005403 588.5136929273835 595.1361376281446 146.62032157513508 147.1284232318459 148.78403440703616
 899000 32 97.204 98.157 133.148 432.1206477003034 586.1629837912731 591.9097979507015 108.03016192507584 146.54074594781827 147.9774494876754
 988880 16 54.436 54.858 77.297 409.38406406458205 576.8376535783295 581.3094275846865 102.34601601614551 144.20941339458238 145.32735689617164
 1087760 16 59.846 60.211 79.713 436.6705556182806 578.1056617561575 581.6315209036527 109.16763890457015 144.52641543903937 145.40788022591317
 1196520 16 66.235 66.354 66.44 576.2889825406382 577.035898363324 578.0726202158979 144.07224563515956 144.258974590831 144.51815505397448
 1316160 16 72.363 72.52 72.809 578.4603551758711 580.7655819084391 582.0256208283239 144.61508879396777 145.19139547710978 145.50640520708097
 1447760 16 79.406 79.765 80.199 577.6670532051522 580.8101297561586 583.4360123920106 144.41676330128806 145.20253243903966 145.85900309800266
 1592520 16 87.443 87.892 113.198 450.1902860474567 579.8097665316526 582.786958361447 112.54757151186418 144.95244163291315 145.69673959036174
 1751760 16 96.172 96.499 96.731 579.507293421964 580.9005274666059 582.8756810714137 144.876823355491 145.22513186665148 145.71892026785343
 1926920 16 105.907 106.16 130.153 473.7611887547733 580.8349660889223 582.2225159810022 118.44029718869332 145.20874152223058 145.55562899525054
 2119600 8 60.09 60.28 87.638 386.9736872133093 562.601194426012 564.3800965218838 96.74342180332732 140.650298606503 141.09502413047096
 2331560 8 66.037 66.292 78.407 475.7860905276315 562.7369818379291 564.9099747111467 118.94652263190787 140.68424545948227 141.22749367778667
 2564680 8 72.382 72.849 86.684 473.3847076738499 563.2867987206413 566.921057721533 118.34617691846248 140.82169968016032 141.73026443038324
 2821120 8 79.933 80.798 86.578 521.3555406685301 558.651451768608 564.6969336819585 130.33888516713253 139.662862942152 141.17423342048963
 3103200 8 87.689 91.437 193.28 256.8874172185431 543.0099412710391 566.2192521296856 64.22185430463577 135.75248531775978 141.5548130324214
 3413520 8 96.723 99.618 102.268 534.0509250205342 548.2575438173825 564.6673490276356 133.51273125513356 137.06438595434562 141.1668372569089
 3754840 8 109.349 111.595 114.759 523.5096158035535 538.3524351449438 549.4100540471335 130.87740395088838 134.58810878623595 137.35251351178337
 4130320 4 67.687 68.034 71.014 465.29642042414173 485.6771614192903 488.167004003723 116.32410510603543 121.41929035482258 122.04175100093074
 4543320 4 77.233 78.59 80.037 454.1219685895273 462.48326759129657 470.60919555112446 113.53049214738182 115.62081689782414 117.65229888778111
 4997640 4 89.95 90.696 92.344 432.9585029888244 440.8256152421276 444.481600889383 108.2396257472061 110.2064038105319 111.12040022234575
 5497400 4 106.365 107.934 109.833 400.4188176595377 407.46382048288774 413.4743571663612 100.10470441488442 101.86595512072194 103.3685892915903
 6047120 4 127.29 128.95 133.283 362.9642189926697 375.1606048856146 380.053107078325 90.74105474816743 93.79015122140365 95.01327676958125
 6651800 4 149.225 151.887 157.093 338.7445653211792 350.3551982723999 356.6051264868488 84.6861413302948 87.58879956809997 89.1512816217122
 7316960 4 177.617 177.961 205.41 284.9699625139964 328.9242024938048 329.5612469527129 71.2424906284991 82.2310506234512 82.39031173817823
 8048640 2 136.311 138.797 162.013 198.71590551375505 231.95429296022246 236.18460725840168 49.67897637843876 57.988573240055615 59.04615181460042
 8853480 2 153.308 153.736 177.648 199.34882464198864 230.3554144767654 230.99851279776658 49.83720616049716 57.58885361919135 57.749628199441645
 9738800 2 170.802 172.589 192.361 202.51090397741748 225.71079269246593 228.072270816501 50.62772599435437 56.42769817311648 57.01806770412525
 10712680 2 188.894 190.062 201.366 212.8001748060745 225.4565352358704 226.85061463042766 53.200043701518624 56.3641338089676 56.712653657606914
 11783920 2 210.991 212.156 213.438 220.84015030125846 222.17462621844302 223.40137730993263 55.210037575314615 55.543656554610756 55.85034432748316
 12962280 2 235.774 236.551 243.681 212.77457003213215 219.18791296591434 219.9102530389271 53.19364250803304 54.796978241478584 54.977563259731774
 14258480 2 261.631 262.567 285.602 199.69720099999302 217.21663423050117 217.99373927401572 49.924300249998254 54.30415855762529 54.49843481850393
 15684320 1 175.391 176.565 177.935 176.2926911512631 177.66057825729902 178.84976994258545 44.07317278781578 44.415144564324756 44.71244248564636
 17252720 1 198.119 203.678 214.382 160.95306508941982 169.41171849684304 174.16522393107172 40.238266272354956 42.35292962421076 43.54130598276793
 18977960 1 225.285 229.649 241.676 157.0529138185008 165.27796768111332 168.47957032203652 39.2632284546252 41.31949192027833 42.11989258050913
 20875720 1 255.523 257.275 265.647 157.16887448380746 162.28331551841418 163.39601523150557 39.292218620951864 40.570828879603546 40.84900380787639
 22963280 1 294.355 294.894 311.351 147.5073470134992 155.73921476869654 156.02439231540146 36.8768367533748 38.934803692174135 39.006098078850364
 25259600 1 344.794 346.48 355.151 142.24710052907074 145.80697298545368 146.51995104323163 35.561775132267684 36.45174324636342 36.62998776080791
 27785560 1 400.135 405.867 436.488 127.31419878667913 136.91953275334038 138.8809276869057 31.828549696669782 34.229883188335094 34.72023192172642
 30564080 1 458.07 477.052 484.696 126.11649363724891 128.1373099787864 133.44720239264743 31.529123409312227 32.0343274946966 33.36180059816186
 
META_DATA
 FLOPS          4
 OPENMP_THREADS 5
 ERT_VERSION  1.1.0
 HOSTNAME  ('cirrus4.computing.clemson.edu', ['cirrus4'], ['127.0.1.1'])
 UNAME  uname_result(system='Linux', node='cirrus4.computing.clemson.edu', release='5.4.0-81-generic', version='#91-Ubuntu SMP Thu Jul 15 19:09:17 UTC 2021', machine='x86_64', processor='x86_64')
 TIMESTAMP_DATA  1632245416.1329796
 CONFIG  {'ERT_RESULTS': ['Results.cs.clemson.edu'], 'ERT_DRIVER': ['driver1'], 'ERT_KERNEL': ['kernel1'], 'ERT_MPI': ['False'], 'ERT_MPI_CFLAGS': [], 'ERT_MPI_LDFLAGS': [], 'ERT_OPENMP': ['True'], 'ERT_OPENMP_CFLAGS': ['-fopenmp'], 'ERT_OPENMP_LDFLAGS': ['-fopenmp'], 'ERT_FLOPS': ['1,2,4'], 'ERT_ALIGN': ['32'], 'ERT_CC': ['g++'], 'ERT_CFLAGS': ['-O3', '-std=c++11', '-fstrict-aliasing', '-march=native'], 'ERT_LD': ['g++'], 'ERT_LDFLAGS': [], 'ERT_LDLIBS': [], 'ERT_PRECISION': ['FP64'], 'ERT_RUN': ['export', 'OMP_NUM_THREADS=ERT_OPENMP_THREADS;', 'export', 'OMP_PLACES=threads;', 'export', 'OMP_PROC_BIND=spread;', './ERT_CODE'], 'ERT_PROCS_THREADS': ['8'], 'ERT_MPI_PROCS': ['2,4,8'], 'ERT_OPENMP_THREADS': ['1-8'], 'ERT_NUM_EXPERIMENTS': ['5'], 'ERT_MEMORY_MAX': ['31000000'], 'ERT_WORKING_SET_MIN': ['1'], 'ERT_TRIALS_MIN': ['1'], 'ERT_GNUPLOT': ['gnuplot'], 'ERT_GPU': [False], 'ERT_HIP': [False], 'ERT_OCL': [False], 'ERT_SYCL': [False], 'ERT_WSS_MULT': [1.1]}
 TIMESTAMP_DATA  1632245416.2625048
 TIMESTAMP_DATA  1632245416.3692439
 TIMESTAMP_DATA  1632245416.4766705
 TIMESTAMP_DATA  1632245416.5854743
 