fp64
          40            1           0.809           80           20
          40            2           0.379          160           40
          40            4           0.478          320           80
          40            8           0.527          640          160
          40           16           0.412         1280          320
          40           32           0.672         2560          640
          40           64           0.638         5120         1280
          40          128           0.956        10240         2560
          40          256           1.291        20480         5120
          40          512           2.153        40960        10240
          40         1024           3.729        81920        20480
          40         2048           7.562       163840        40960
          40         4096          14.550       327680        81920
          40         8192          28.722       655360       163840
          40        16384          56.907      1310720       327680
          40        32768         113.340      2621440       655360
          40        65536         226.308      5242880      1310720
          40       131072         470.518     10485760      2621440
          40       262144         904.215     20971520      5242880
          40       524288        1807.702     41943040     10485760
          80            1           0.308          160           40
          80            2           0.459          320           80
          80            4           0.518          640          160
          80            8           0.453         1280          320
          80           16           0.428         2560          640
          80           32           0.614         5120         1280
          80           64           0.625        10240         2560
          80          128           0.952        20480         5120
          80          256           1.410        40960        10240
          80          512           2.192        81920        20480
          80         1024           3.910       163840        40960
          80         2048           7.311       327680        81920
          80         4096          14.475       655360       163840
          80         8192          28.659      1310720       327680
          80        16384          56.806      2621440       655360
          80        32768         113.298      5242880      1310720
          80        65536         226.259     10485760      2621440
          80       131072         484.853     20971520      5242880
          80       262144         964.569     41943040     10485760
         120            1           0.590          240           60
         120            2           0.403          480          120
         120            4           0.509          960          240
         120            8           0.630         1920          480
         120           16           0.498         3840          960
         120           32           0.394         7680         1920
         120           64           0.736        15360         3840
         120          128           0.878        30720         7680
         120          256           1.307        61440        15360
         120          512           2.264       122880        30720
         120         1024           4.273       245760        61440
         120         2048           8.045       491520       122880
         120         4096          15.707       983040       245760
         120         8192          31.070      1966080       491520
         120        16384          61.687      3932160       983040
         120        32768         124.222      7864320      1966080
         120        65536         245.855     15728640      3932160
         120       131072         491.312     31457280      7864320
         160            1           0.980          320           80
         160            2           0.460          640          160
         160            4           0.515         1280          320
         160            8           0.530         2560          640
         160           16           0.349         5120         1280
         160           32           0.614        10240         2560
         160           64           0.781        20480         5120
         160          128           0.890        40960        10240
         160          256           1.293        81920        20480
         160          512           2.251       163840        40960
         160         1024           4.189       327680        81920
         160         2048           8.138       655360       163840
         160         4096          16.016      1310720       327680
         160         8192          31.839      2621440       655360
         160        16384          63.297      5242880      1310720
         160        32768         126.262     10485760      2621440
         160        65536         252.131     20971520      5242880
         160       131072         512.466     41943040     10485760
         200            1           0.655          400          100
         200            2           0.292          800          200
         200            4           0.488         1600          400
         200            8           0.513         3200          800
         200           16           0.499         6400         1600
         200           32           0.650        12800         3200
         200           64           0.692        25600         6400
         200          128           0.837        51200        12800
         200          256           1.486       102400        25600
         200          512           2.228       204800        51200
         200         1024           4.365       409600       102400
         200         2048           8.337       819200       204800
         200         4096          16.105      1638400       409600
         200         8192          31.785      3276800       819200
         200        16384          63.395      6553600      1638400
         200        32768         126.507     13107200      3276800
         200        65536         253.934     26214400      6553600
         200       131072         503.872     52428800     13107200
         240            1           0.443          480          120
         240            2           0.410          960          240
         240            4           0.408         1920          480
         240            8           0.385         3840          960
         240           16           0.513         7680         1920
         240           32           0.508        15360         3840
         240           64           0.624        30720         7680
         240          128           0.984        61440        15360
         240          256           1.262       122880        30720
         240          512           2.392       245760        61440
         240         1024           4.097       491520       122880
         240         2048           8.174       983040       245760
         240         4096          16.129      1966080       491520
         240         8192          31.900      3932160       983040
         240        16384          63.208      7864320      1966080
         240        32768         126.277     15728640      3932160
         240        65536         252.350     31457280      7864320
         280            1           0.361          560          140
         280            2           0.440         1120          280
         280            4           0.489         2240          560
         280            8           0.455         4480         1120
         280           16           0.474         8960         2240
         280           32           0.507        17920         4480
         280           64           0.590        35840         8960
         280          128           0.829        71680        17920
         280          256           1.299       143360        35840
         280          512           2.215       286720        71680
         280         1024           4.288       573440       143360
         280         2048           8.978      1146880       286720
         280         4096          16.880      2293760       573440
         280         8192          31.889      4587520      1146880
         280        16384          63.500      9175040      2293760
         280        32768         126.228     18350080      4587520
         280        65536         252.208     36700160      9175040
         320            1           0.732          640          160
         320            2           0.403         1280          320
         320            4           0.508         2560          640
         320            8           0.684         5120         1280
         320           16           0.532        10240         2560
         320           32           0.614        20480         5120
         320           64           0.554        40960        10240
         320          128           0.981        81920        20480
         320          256           1.292       163840        40960
         320          512           2.341       327680        81920
         320         1024           4.401       655360       163840
         320         2048           8.638      1310720       327680
         320         4096          16.892      2621440       655360
         320         8192          33.278      5242880      1310720
         320        16384          67.044     10485760      2621440
         320        32768         131.695     20971520      5242880
         320        65536         263.201     41943040     10485760
         360            1           0.343          720          180
         360            2           0.349         1440          360
         360            4           0.484         2880          720
         360            8           0.626         5760         1440
         360           16           0.558        11520         2880
         360           32           0.561        23040         5760
         360           64           0.686        46080        11520
         360          128           0.874        92160        23040
         360          256           1.482       184320        46080
         360          512           2.402       368640        92160
         360         1024           4.583       737280       184320
         360         2048           8.505      1474560       368640
         360         4096          16.784      2949120       737280
         360         8192          33.356      5898240      1474560
         360        16384          66.743     11796480      2949120
         360        32768         132.778     23592960      5898240
         360        65536         272.220     47185920     11796480
         400            1           0.311          800          200
         400            2           0.460         1600          400
         400            4           0.509         3200          800
         400            8           0.598         6400         1600
         400           16           0.549        12800         3200
         400           32           0.607        25600         6400
         400           64           0.568        51200        12800
         400          128           0.912       102400        25600
         400          256           1.162       204800        51200
         400          512           1.958       409600       102400
         400         1024           3.189       819200       204800
         400         2048           6.265      1638400       409600
         400         4096          22.427      3276800       819200
         400         8192          33.230      6553600      1638400
         400        16384          52.243     13107200      3276800
         400        32768         106.748     26214400      6553600
         400        65536         208.122     52428800     13107200
         440            1           0.320          880          220
         440            2           0.470         1760          440
         440            4           0.558         3520          880
         440            8           0.457         7040         1760
         440           16           0.558        14080         3520
         440           32           0.516        28160         7040
         440           64           0.666        56320        14080
         440          128           0.811       112640        28160
         440          256           1.165       225280        56320
         440          512           1.953       450560       112640
         440         1024           3.582       901120       225280
         440         2048          16.057      1802240       450560
         440         4096          22.012      3604480       901120
         440         8192          26.318      7208960      1802240
         440        16384          52.206     14417920      3604480
         440        32768         104.139     28835840      7208960
         440        65536         210.500     57671680     14417920
         480            1           0.274          960          240
         480            2           0.446         1920          480
         480            4           0.443         3840          960
         480            8           0.553         7680         1920
         480           16           0.478        15360         3840
         480           32           0.432        30720         7680
         480           64           0.600        61440        15360
         480          128           0.769       122880        30720
         480          256           1.402       245760        61440
         480          512           2.148       491520       122880
         480         1024           3.655       983040       245760
         480         2048           6.987      1966080       491520
         480         4096          13.391      3932160       983040
         480         8192          26.427      7864320      1966080
         480        16384          52.323     15728640      3932160
         480        32768         104.154     31457280      7864320
         520            1           0.240         1040          260
         520            2           0.459         2080          520
         520            4           0.361         4160         1040
         520            8           0.479         8320         2080
         520           16           0.456        16640         4160
         520           32           0.461        33280         8320
         520           64           0.606        66560        16640
         520          128           0.906       133120        33280
         520          256           1.107       266240        66560
         520          512           1.941       532480       133120
         520         1024           3.833      1064960       266240
         520         2048           6.828      2129920       532480
         520         4096          13.374      4259840      1064960
         520         8192          26.354      8519680      2129920
         520        16384          52.227     17039360      4259840
         520        32768         104.464     34078720      8519680
         560            1           0.350         1120          280
         560            2           0.529         2240          560
         560            4           0.490         4480         1120
         560            8           0.504         8960         2240
         560           16           0.428        17920         4480
         560           32           0.441        35840         8960
         560           64           0.684        71680        17920
         560          128           0.786       143360        35840
         560          256           1.273       286720        71680
         560          512           2.130       573440       143360
         560         1024           3.597      1146880       286720
         560         2048           6.985      2293760       573440
         560         4096          13.471      4587520      1146880
         560         8192          26.345      9175040      2293760
         560        16384          55.114     18350080      4587520
         560        32768         104.285     36700160      9175040
         600            1           0.232         1200          300
         600            2           0.590         2400          600
         600            4           0.497         4800         1200
         600            8           0.426         9600         2400
         600           16           0.527        19200         4800
         600           32           0.540        38400         9600
         600           64           0.604        76800        19200
         600          128           0.947       153600        38400
         600          256           1.268       307200        76800
         600          512           2.079       614400       153600
         600         1024           3.807      1228800       307200
         600         2048           7.077      2457600       614400
         600         4096          13.421      4915200      1228800
         600         8192          26.706      9830400      2457600
         600        16384          52.702     19660800      4915200
         600        32768         105.260     39321600      9830400
         640            1           0.212         1280          320
         640            2           0.558         2560          640
         640            4           0.554         5120         1280
         640            8           0.445        10240         2560
         640           16           0.454        20480         5120
         640           32           0.526        40960        10240
         640           64           0.560        81920        20480
         640          128           1.065       163840        40960
         640          256           1.388       327680        81920
         640          512           2.075       655360       163840
         640         1024           3.634      1310720       327680
         640         2048           6.894      2621440       655360
         640         4096          13.433      5242880      1310720
         640         8192          26.420     10485760      2621440
         640        16384          52.244     20971520      5242880
         640        32768         104.250     41943040     10485760
         680            1           0.283         1360          340
         680            2           0.519         2720          680
         680            4           0.559         5440         1360
         680            8           0.580        10880         2720
         680           16           0.468        21760         5440
         680           32           0.593        43520        10880
         680           64           0.556        87040        21760
         680          128           0.875       174080        43520
         680          256           1.150       348160        87040
         680          512           1.951       696320       174080
         680         1024           3.623      1392640       348160
         680         2048           7.053      2785280       696320
         680         4096          13.550      5570560      1392640
         680         8192          26.552     11141120      2785280
         680        16384          52.401     22282240      5570560
         680        32768         107.167     44564480     11141120
         720            1           0.572         1440          360
         720            2           0.382         2880          720
         720            4           0.521         5760         1440
         720            8           0.693        11520         2880
         720           16           0.606        23040         5760
         720           32           0.452        46080        11520
         720           64           0.560        92160        23040
         720          128           0.704       184320        46080
         720          256           1.227       368640        92160
         720          512           2.166       737280       184320
         720         1024           3.780      1474560       368640
         720         2048           6.975      2949120       737280
         720         4096          13.544      5898240      1474560
         720         8192          26.880     11796480      2949120
         720        16384          53.430     23592960      5898240
         720        32768         106.417     47185920     11796480
         760            1           0.782         1520          380
         760            2           0.391         3040          760
         760            4           0.439         6080         1520
         760            8           0.459        12160         3040
         760           16           0.487        24320         6080
         760           32           0.624        48640        12160
         760           64           0.671        97280        24320
         760          128           0.792       194560        48640
         760          256           1.326       389120        97280
         760          512           2.183       778240       194560
         760         1024           3.794      1556480       389120
         760         2048           7.230      3112960       778240
         760         4096          14.355      6225920      1556480
         760         8192          28.216     12451840      3112960
         760        16384          56.308     24903680      6225920
         760        32768         112.907     49807360     12451840
         800            1           0.259         1600          400
         800            2           0.542         3200          800
         800            4           0.548         6400         1600
         800            8           0.508        12800         3200
         800           16           0.601        25600         6400
         800           32           0.471        51200        12800
         800           64           0.677       102400        25600
         800          128           0.759       204800        51200
         800          256           1.324       409600       102400
         800          512           1.978       819200       204800
         800         1024           3.558      1638400       409600
         800         2048           6.877      3276800       819200
         800         4096          13.469      6553600      1638400
         800         8192          26.389     13107200      3276800
         800        16384          52.399     26214400      6553600
         800        32768         104.506     52428800     13107200
         880            1           1.947         1760          440
         880            2           0.577         3520          880
         880            4           0.509         7040         1760
         880            8           0.579        14080         3520
         880           16           0.438        28160         7040
         880           32           0.504        56320        14080
         880           64           0.654       112640        28160
         880          128           0.783       225280        56320
         880          256           1.318       450560       112640
         880          512           2.222       901120       225280
         880         1024           3.846      1802240       450560
         880         2048           7.372      3604480       901120
         880         4096          14.568      7208960      1802240
         880         8192          28.823     14417920      3604480
         880        16384          57.303     28835840      7208960
         880        32768         114.416     57671680     14417920
         960            1           0.456         1920          480
         960            2           0.606         3840          960
         960            4           0.434         7680         1920
         960            8           0.521        15360         3840
         960           16           0.477        30720         7680
         960           32           0.619        61440        15360
         960           64           0.766       122880        30720
         960          128           0.789       245760        61440
         960          256           1.161       491520       122880
         960          512           1.956       983040       245760
         960         1024           3.729      1966080       491520
         960         2048           6.975      3932160       983040
         960         4096          13.632      7864320      1966080
         960         8192          26.927     15728640      3932160
         960        16384          53.531     31457280      7864320
        1040            1           0.323         2080          520
        1040            2           0.386         4160         1040
        1040            4           0.634         8320         2080
        1040            8           0.669        16640         4160
        1040           16           0.577        33280         8320
        1040           32           0.583        66560        16640
        1040           64           0.711       133120        33280
        1040          128           0.745       266240        66560
        1040          256           1.397       532480       133120
        1040          512           2.168      1064960       266240
        1040         1024           4.087      2129920       532480
        1040         2048           7.972      4259840      1064960
        1040         4096          15.683      8519680      2129920
        1040         8192          31.035     17039360      4259840
        1040        16384          61.833     34078720      8519680
        1120            1           0.802         2240          560
        1120            2           0.400         4480         1120
        1120            4           0.411         8960         2240
        1120            8           0.511        17920         4480
        1120           16           0.442        35840         8960
        1120           32           0.503        71680        17920
        1120           64           0.641       143360        35840
        1120          128           0.791       286720        71680
        1120          256           1.200       573440       143360
        1120          512           2.111      1146880       286720
        1120         1024           3.816      2293760       573440
        1120         2048           7.277      4587520      1146880
        1120         4096          13.997      9175040      2293760
        1120         8192          27.736     18350080      4587520
        1120        16384          54.821     36700160      9175040
        1200            1           0.744         2400          600
        1200            2           0.590         4800         1200
        1200            4           0.555         9600         2400
        1200            8           0.507        19200         4800
        1200           16           0.468        38400         9600
        1200           32           0.663        76800        19200
        1200           64           0.774       153600        38400
        1200          128           0.996       307200        76800
        1200          256           1.321       614400       153600
        1200          512           2.389      1228800       307200
        1200         1024           4.190      2457600       614400
        1200         2048           8.075      4915200      1228800
        1200         4096          16.038      9830400      2457600
        1200         8192          31.589     19660800      4915200
        1200        16384          62.719     39321600      9830400
        1320            1           0.669         2640          660
        1320            2           0.560         5280         1320
        1320            4           0.457        10560         2640
        1320            8           0.468        21120         5280
        1320           16           0.499        42240        10560
        1320           32           0.584        84480        21120
        1320           64           0.616       168960        42240
        1320          128           0.756       337920        84480
        1320          256           1.382       675840       168960
        1320          512           2.315      1351680       337920
        1320         1024           4.325      2703360       675840
        1320         2048           8.232      5406720      1351680
        1320         4096          16.278     10813440      2703360
        1320         8192          32.036     21626880      5406720
        1320        16384          63.620     43253760     10813440
        1440            1           0.378         2880          720
        1440            2           0.399         5760         1440
        1440            4           0.571        11520         2880
        1440            8           0.552        23040         5760
        1440           16           0.470        46080        11520
        1440           32           0.436        92160        23040
        1440           64           0.611       184320        46080
        1440          128           0.951       368640        92160
        1440          256           1.442       737280       184320
        1440          512           2.363      1474560       368640
        1440         1024           4.417      2949120       737280
        1440         2048           8.346      5898240      1474560
        1440         4096          16.102     11796480      2949120
        1440         8192          31.702     23592960      5898240
        1440        16384          63.176     47185920     11796480
        1560            1           0.304         3120          780
        1560            2           0.424         6240         1560
        1560            4           0.518        12480         3120
        1560            8           0.533        24960         6240
        1560           16           0.540        49920        12480
        1560           32           0.463        99840        24960
        1560           64           0.665       199680        49920
        1560          128           0.922       399360        99840
        1560          256           1.572       798720       199680
        1560          512           2.753      1597440       399360
        1560         1024           5.266      3194880       798720
        1560         2048          10.472      6389760      1597440
        1560         4096          20.412     12779520      3194880
        1560         8192          40.589     25559040      6389760
        1560        16384          80.564     51118080     12779520
        1680            1           0.334         3360          840
        1680            2           0.570         6720         1680
        1680            4           0.553        13440         3360
        1680            8           0.452        26880         6720
        1680           16           0.464        53760        13440
        1680           32           0.528       107520        26880
        1680           64           0.747       215040        53760
        1680          128           0.997       430080       107520
        1680          256           1.639       860160       215040
        1680          512           3.000      1720320       430080
        1680         1024           5.723      3440640       860160
        1680         2048          10.629      6881280      1720320
        1680         4096          20.990     13762560      3440640
        1680         8192          41.535     27525120      6881280
        1680        16384          82.424     55050240     13762560
        1840            1           0.496         3680          920
        1840            2           0.540         7360         1840
        1840            4           0.559        14720         3680
        1840            8           0.528        29440         7360
        1840           16           0.474        58880        14720
        1840           32           0.619       117760        29440
        1840           64           0.758       235520        58880
        1840          128           1.102       471040       117760
        1840          256           1.703       942080       235520
        1840          512           3.071      1884160       471040
        1840         1024           5.686      3768320       942080
        1840         2048          11.314      7536640      1884160
        1840         4096          22.307     15073280      3768320
        1840         8192          44.485     30146560      7536640
        1840        16384         116.209     60293120     15073280
        2000            1           0.565         4000         1000
        2000            2           0.650         8000         2000
        2000            4           0.518        16000         4000
        2000            8           0.515        32000         8000
        2000           16           0.646        64000        16000
        2000           32           0.601       128000        32000
        2000           64           0.703       256000        64000
        2000          128           1.063       512000       128000
        2000          256           1.735      1024000       256000
        2000          512           3.273      2048000       512000
        2000         1024           6.390      4096000      1024000
        2000         2048          12.305      8192000      2048000
        2000         4096          24.004     16384000      4096000
        2000         8192          47.671     32768000      8192000
        2200            1           0.717         4400         1100
        2200            2           0.373         8800         2200
        2200            4           0.580        17600         4400
        2200            8           0.638        35200         8800
        2200           16           0.555        70400        17600
        2200           32           0.688       140800        35200
        2200           64           0.938       281600        70400
        2200          128           1.209       563200       140800
        2200          256           2.084      1126400       281600
        2200          512           3.663      2252800       563200
        2200         1024           7.022      4505600      1126400
        2200         2048          13.947      9011200      2252800
        2200         4096          27.224     18022400      4505600
        2200         8192          53.686     36044800      9011200
        2400            1           1.566         4800         1200
        2400            2           0.324         9600         2400
        2400            4           0.584        19200         4800
        2400            8           0.488        38400         9600
        2400           16           0.546        76800        19200
        2400           32           0.667       153600        38400
        2400           64           0.805       307200        76800
        2400          128           1.184       614400       153600
        2400          256           1.862      1228800       307200
        2400          512           3.315      2457600       614400
        2400         1024           6.201      4915200      1228800
        2400         2048          12.006      9830400      2457600
        2400         4096          23.688     19660800      4915200
        2400         8192          47.061     39321600      9830400
        2640            1           1.099         5280         1320
        2640            2           0.592        10560         2640
        2640            4           0.453        21120         5280
        2640            8           0.508        42240        10560
        2640           16           0.590        84480        21120
        2640           32           0.671       168960        42240
        2640           64           0.979       337920        84480
        2640          128           1.342       675840       168960
        2640          256           2.210      1351680       337920
        2640          512           3.932      2703360       675840
        2640         1024           7.814      5406720      1351680
        2640         2048          15.396     10813440      2703360
        2640         4096          30.599     21626880      5406720
        2640         8192          59.757     43253760     10813440
        2880            1           1.439         5760         1440
        2880            2           0.556        11520         2880
        2880            4           0.433        23040         5760
        2880            8           0.573        46080        11520
        2880           16           0.507        92160        23040
        2880           32           0.592       184320        46080
        2880           64           0.746       368640        92160
        2880          128           1.247       737280       184320
        2880          256           2.180      1474560       368640
        2880          512           3.982      2949120       737280
        2880         1024           7.398      5898240      1474560
        2880         2048          14.499     11796480      2949120
        2880         4096          28.455     23592960      5898240
        2880         8192          56.474     47185920     11796480
        3160            1           0.319         6320         1580
        3160            2           0.509        12640         3160
        3160            4           0.511        25280         6320
        3160            8           0.599        50560        12640
        3160           16           0.564       101120        25280
        3160           32           0.636       202240        50560
        3160           64           0.985       404480       101120
        3160          128           1.566       808960       202240
        3160          256           2.684      1617920       404480
        3160          512           4.853      3235840       808960
        3160         1024           8.992      6471680      1617920
        3160         2048          17.577     12943360      3235840
        3160         4096          34.917     25886720      6471680
        3160         8192          69.515     51773440     12943360
        3440            1           0.290         6880         1720
        3440            2           0.544        13760         3440
        3440            4           0.510        27520         6880
        3440            8           0.490        55040        13760
        3440           16           0.644       110080        27520
        3440           32           0.767       220160        55040
        3440           64           0.899       440320       110080
        3440          128           1.598       880640       220160
        3440          256           2.641      1761280       440320
        3440          512           4.982      3522560       880640
        3440         1024           9.485      7045120      1761280
        3440         2048          18.493     14090240      3522560
        3440         4096          36.611     28180480      7045120
        3440         8192          72.951     56360960     14090240
        3760            1           0.482         7520         1880
        3760            2           0.555        15040         3760
        3760            4           0.519        30080         7520
        3760            8           0.471        60160        15040
        3760           16           0.616       120320        30080
        3760           32           0.637       240640        60160
        3760           64           1.057       481280       120320
        3760          128           1.698       962560       240640
        3760          256           2.898      1925120       481280
        3760          512           5.282      3850240       962560
        3760         1024          10.292      7700480      1925120
        3760         2048          19.943     15400960      3850240
        3760         4096          39.683     30801920      7700480
        3760         8192          79.044     61603840     15400960
        4120            1           0.552         8240         2060
        4120            2           0.473        16480         4120
        4120            4           0.570        32960         8240
        4120            8           0.634        65920        16480
        4120           16           0.702       131840        32960
        4120           32           0.779       263680        65920
        4120           64           1.228       527360       131840
        4120          128           1.779      1054720       263680
        4120          256           3.086      2109440       527360
        4120          512           5.876      4218880      1054720
        4120         1024          11.299      8437760      2109440
        4120         2048          22.186     16875520      4218880
        4120         4096          43.920     33751040      8437760
        4520            1           0.379         9040         2260
        4520            2           0.422        18080         4520
        4520            4           0.611        36160         9040
        4520            8           0.547        72320        18080
        4520           16           0.572       144640        36160
        4520           32           0.815       289280        72320
        4520           64           1.032       578560       144640
        4520          128           1.883      1157120       289280
        4520          256           3.134      2314240       578560
        4520          512           6.149      4628480      1157120
        4520         1024          11.681      9256960      2314240
        4520         2048          22.868     18513920      4628480
        4520         4096          45.432     37027840      9256960
        4960            1           1.353         9920         2480
        4960            2           0.299        19840         4960
        4960            4           0.457        39680         9920
        4960            8           0.526        79360        19840
        4960           16           0.656       158720        39680
        4960           32           0.766       317440        79360
        4960           64           1.070       634880       158720
        4960          128           1.955      1269760       317440
        4960          256           3.415      2539520       634880
        4960          512           6.387      5079040      1269760
        4960         1024          12.343     10158080      2539520
        4960         2048          24.134     20316160      5079040
        4960         4096          47.886     40632320     10158080
        5440            1           0.336        10880         2720
        5440            2           0.481        21760         5440
        5440            4           0.475        43520        10880
        5440            8           0.632        87040        21760
        5440           16           0.726       174080        43520
        5440           32           0.880       348160        87040
        5440           64           1.417       696320       174080
        5440          128           2.312      1392640       348160
        5440          256           4.364      2785280       696320
        5440          512           8.387      5570560      1392640
        5440         1024          16.389     11141120      2785280
        5440         2048          32.356     22282240      5570560
        5440         4096          64.281     44564480     11141120
        5960            1           1.404        11920         2980
        5960            2           0.448        23840         5960
        5960            4           0.466        47680        11920
        5960            8           0.517        95360        23840
        5960           16           0.704       190720        47680
        5960           32           0.868       381440        95360
        5960           64           1.381       762880       190720
        5960          128           2.270      1525760       381440
        5960          256           4.022      3051520       762880
        5960          512           7.726      6103040      1525760
        5960         1024          15.004     12206080      3051520
        5960         2048          29.669     24412160      6103040
        5960         4096          58.905     48824320     12206080
        6520            1           0.341        13040         3260
        6520            2           0.600        26080         6520
        6520            4           0.541        52160        13040
        6520            8           0.595       104320        26080
        6520           16           0.702       208640        52160
        6520           32           1.035       417280       104320
        6520           64           1.569       834560       208640
        6520          128           2.761      1669120       417280
        6520          256           5.060      3338240       834560
        6520          512           9.781      6676480      1669120
        6520         1024          19.224     13352960      3338240
        6520         2048          51.276     26705920      6676480
        6520         4096          80.329     53411840     13352960
        7160            1           0.702        14320         3580
        7160            2           0.467        28640         7160
        7160            4           0.508        57280        14320
        7160            8           0.487       114560        28640
        7160           16           0.781       229120        57280
        7160           32           0.954       458240       114560
        7160           64           1.580       916480       229120
        7160          128           2.840      1832960       458240
        7160          256           5.492      3665920       916480
        7160          512          10.472      7331840      1832960
        7160         1024          20.591     14663680      3665920
        7160         2048          41.009     29327360      7331840
        7160         4096          80.996     58654720     14663680
        7840            1           0.490        15680         3920
        7840            2           0.462        31360         7840
        7840            4           0.638        62720        15680
        7840            8           0.579       125440        31360
        7840           16           0.793       250880        62720
        7840           32           1.084       501760       125440
        7840           64           1.549      1003520       250880
        7840          128           2.633      2007040       501760
        7840          256           5.113      4014080      1003520
        7840          512           9.790      8028160      2007040
        7840         1024          19.200     16056320      4014080
        7840         2048          48.335     32112640      8028160
        8600            1           0.378        17200         4300
        8600            2           0.489        34400         8600
        8600            4           0.554        68800        17200
        8600            8           0.588       137600        34400
        8600           16           0.772       275200        68800
        8600           32           1.086       550400       137600
        8600           64           1.727      1100800       275200
        8600          128           3.177      2201600       550400
        8600          256           5.861      4403200      1100800
        8600          512          11.168      8806400      2201600
        8600         1024          22.161     17612800      4403200
        8600         2048          43.959     35225600      8806400
        9440            1           0.395        18880         4720
        9440            2           0.651        37760         9440
        9440            4           0.587        75520        18880
        9440            8           0.663       151040        37760
        9440           16           0.796       302080        75520
        9440           32           1.202       604160       151040
        9440           64           1.930      1208320       302080
        9440          128           3.230      2416640       604160
        9440          256           5.991      4833280      1208320
        9440          512          11.681      9666560      2416640
        9440         1024          23.020     19333120      4833280
        9440         2048          45.708     38666240      9666560
       10360            1           0.845        20720         5180
       10360            2           0.320        41440        10360
       10360            4           0.479        82880        20720
       10360            8           0.683       165760        41440
       10360           16           0.814       331520        82880
       10360           32           1.204       663040       165760
       10360           64           2.053      1326080       331520
       10360          128           3.634      2652160       663040
       10360          256           6.897      5304320      1326080
       10360          512          13.380     10608640      2652160
       10360         1024          26.461     21217280      5304320
       10360         2048          52.671     42434560     10608640
       11360            1           0.489        22720         5680
       11360            2           0.522        45440        11360
       11360            4           0.621        90880        22720
       11360            8           0.687       181760        45440
       11360           16           0.836       363520        90880
       11360           32           1.282       727040       181760
       11360           64           2.108      1454080       363520
       11360          128           3.813      2908160       727040
       11360          256           7.213      5816320      1454080
       11360          512          13.928     11632640      2908160
       11360         1024          27.715     23265280      5816320
       11360         2048          55.044     46530560     11632640
       12480            1           2.226        24960         6240
       12480            2           0.487        49920        12480
       12480            4           0.616        99840        24960
       12480            8           0.648       199680        49920
       12480           16           0.901       399360        99840
       12480           32           1.417       798720       199680
       12480           64           2.546      1597440       399360
       12480          128           4.462      3194880       798720
       12480          256           8.533      6389760      1597440
       12480          512          16.784     12779520      3194880
       12480         1024          33.320     25559040      6389760
       12480         2048          65.904     51118080     12779520
       13720            1           0.952        27440         6860
       13720            2           0.695        54880        13720
       13720            4           0.577       109760        27440
       13720            8           0.705       219520        54880
       13720           16           0.907       439040       109760
       13720           32           1.573       878080       219520
       13720           64           2.691      1756160       439040
       13720          128           5.095      3512320       878080
       13720          256           9.370      7024640      1756160
       13720          512          18.374     14049280      3512320
       13720         1024          36.340     28098560      7024640
       13720         2048          77.507     56197120     14049280
       15080            1           1.297        30160         7540
       15080            2           0.669        60320        15080
       15080            4           0.654       120640        30160
       15080            8           0.715       241280        60320
       15080           16           1.022       482560       120640
       15080           32           1.581       965120       241280
       15080           64           2.664      1930240       482560
       15080          128           5.003      3860480       965120
       15080          256           9.558      7720960      1930240
       15080          512          18.742     15441920      3860480
       15080         1024          37.028     30883840      7720960
       15080         2048          73.707     61767680     15441920
       16560            1           1.149        33120         8280
       16560            2           0.691        66240        16560
       16560            4           0.757       132480        33120
       16560            8           0.799       264960        66240
       16560           16           1.140       529920       132480
       16560           32           1.814      1059840       264960
       16560           64           3.270      2119680       529920
       16560          128           5.722      4239360      1059840
       16560          256          11.012      8478720      2119680
       16560          512          21.565     16957440      4239360
       16560         1024          52.856     33914880      8478720
       18200            1           0.893        36400         9100
       18200            2           0.374        72800        18200
       18200            4           0.642       145600        36400
       18200            8           0.873       291200        72800
       18200           16           1.136       582400       145600
       18200           32           1.799      1164800       291200
       18200           64           3.283      2329600       582400
       18200          128           6.238      4659200      1164800
       18200          256          12.168      9318400      2329600
       18200          512          23.868     18636800      4659200
       18200         1024          47.198     37273600      9318400
       20000            1           0.536        40000        10000
       20000            2           0.597        80000        20000
       20000            4           0.671       160000        40000
       20000            8           0.888       320000        80000
       20000           16           1.200       640000       160000
       20000           32           2.034      1280000       320000
       20000           64           3.604      2560000       640000
       20000          128           6.794      5120000      1280000
       20000          256          13.101     10240000      2560000
       20000          512          25.942     20480000      5120000
       20000         1024          51.382     40960000     10240000
       22000            1           1.459        44000        11000
       22000            2           0.544        88000        22000
       22000            4           0.681       176000        44000
       22000            8           0.884       352000        88000
       22000           16           1.334       704000       176000
       22000           32           2.145      1408000       352000
       22000           64           3.915      2816000       704000
       22000          128           7.418      5632000      1408000
       22000          256          14.281     11264000      2816000
       22000          512          28.656     22528000      5632000
       22000         1024          56.633     45056000     11264000
       24200            1           0.717        48400        12100
       24200            2           0.439        96800        24200
       24200            4           0.743       193600        48400
       24200            8           1.105       387200        96800
       24200           16           1.513       774400       193600
       24200           32           2.444      1548800       387200
       24200           64           4.172      3097600       774400
       24200          128           7.994      6195200      1548800
       24200          256          15.643     12390400      3097600
       24200          512          31.008     24780800      6195200
       24200         1024          70.054     49561600     12390400
       26600            1           0.584        53200        13300
       26600            2           0.578       106400        26600
       26600            4           0.734       212800        53200
       26600            8           1.064       425600       106400
       26600           16           1.635       851200       212800
       26600           32           2.492      1702400       425600
       26600           64           4.616      3404800       851200
       26600          128           8.709      6809600      1702400
       26600          256          16.993     13619200      3404800
       26600          512          33.645     27238400      6809600
       26600         1024          66.798     54476800     13619200
       29240            1           0.958        58480        14620
       29240            2           0.457       116960        29240
       29240            4           0.840       233920        58480
       29240            8           1.244       467840       116960
       29240           16           2.038       935680       233920
       29240           32           4.068      1871360       467840
       29240           64           5.859      3742720       935680
       29240          128           9.558      7485440      1871360
       29240          256          18.556     14970880      3742720
       29240          512          36.609     29941760      7485440
       29240         1024          73.389     59883520     14970880
       32160            1           1.372        64320        16080
       32160            2           0.635       128640        32160
       32160            4           0.796       257280        64320
       32160            8           1.140       514560       128640
       32160           16           1.829      1029120       257280
       32160           32           2.928      2058240       514560
       32160           64           5.423      4116480      1029120
       32160          128          10.370      8232960      2058240
       32160          256          20.445     16465920      4116480
       32160          512          40.479     32931840      8232960
       35360            1           3.222        70720        17680
       35360            2           0.496       141440        35360
       35360            4           0.895       282880        70720
       35360            8           1.186       565760       141440
       35360           16           1.892      1131520       282880
       35360           32           3.283      2263040       565760
       35360           64           5.949      4526080      1131520
       35360          128          11.301      9052160      2263040
       35360          256          22.348     18104320      4526080
       35360          512          44.330     36208640      9052160
       38880            1           1.137        77760        19440
       38880            2           0.503       155520        38880
       38880            4           0.869       311040        77760
       38880            8           1.190       622080       155520
       38880           16           2.164      1244160       311040
       38880           32           3.487      2488320       622080
       38880           64           6.430      4976640      1244160
       38880          128          12.475      9953280      2488320
       38880          256          24.470     19906560      4976640
       38880          512          48.441     39813120      9953280
       42760            1           2.465        85520        21380
       42760            2           0.778       171040        42760
       42760            4           0.947       342080        85520
       42760            8           1.322       684160       171040
       42760           16           2.250      1368320       342080
       42760           32           3.778      2736640       684160
       42760           64           7.111      5473280      1368320
       42760          128          13.499     10946560      2736640
       42760          256          26.785     21893120      5473280
       42760          512          52.950     43786240     10946560
       47000            1           1.144        94000        23500
       47000            2           0.792       188000        47000
       47000            4           0.992       376000        94000
       47000            8           1.565       752000       188000
       47000           16           2.422      1504000       376000
       47000           32           4.123      3008000       752000
       47000           64           7.719      6016000      1504000
       47000          128          15.068     12032000      3008000
       47000          256          29.469     24064000      6016000
       47000          512          58.328     48128000     12032000
       51680            1           1.154       103360        25840
       51680            2           0.764       206720        51680
       51680            4           1.069       413440       103360
       51680            8           1.464       826880       206720
       51680           16           2.581      1653760       413440
       51680           32           4.529      3307520       826880
       51680           64           8.399      6615040      1653760
       51680          128          16.244     13230080      3307520
       51680          256          32.200     26460160      6615040
       51680          512          63.925     52920320     13230080
       56840            1           1.442       113680        28420
       56840            2           0.758       227360        56840
       56840            4           1.078       454720       113680
       56840            8           1.534       909440       227360
       56840           16           2.675      1818880       454720
       56840           32           4.932      3637760       909440
       56840           64           9.435      7275520      1818880
       56840          128          18.315     14551040      3637760
       56840          256          36.125     29102080      7275520
       56840          512          71.585     58204160     14551040
       62520            1           1.221       125040        31260
       62520            2           0.843       250080        62520
       62520            4           1.131       500160       125040
       62520            8           1.745      1000320       250080
       62520           16           2.929      2000640       500160
       62520           32           5.257      4001280      1000320
       62520           64          10.042      8002560      2000640
       62520          128          19.887     16005120      4001280
       62520          256          39.573     32010240      8002560
       68760            1           1.237       137520        34380
       68760            2           0.804       275040        68760
       68760            4           1.231       550080       137520
       68760            8           1.923      1100160       275040
       68760           16           3.133      2200320       550080
       68760           32           5.755      4400640      1100160
       68760           64          11.165      8801280      2200320
       68760          128          22.219     17602560      4400640
       68760          256          43.130     35205120      8801280
       75600            1           1.925       151200        37800
       75600            2           0.743       302400        75600
       75600            4           1.209       604800       151200
       75600            8           2.094      1209600       302400
       75600           16           3.430      2419200       604800
       75600           32           6.317      4838400      1209600
       75600           64          12.057      9676800      2419200
       75600          128          24.012     19353600      4838400
       75600          256          47.525     38707200      9676800
       83160            1           1.800       166320        41580
       83160            2           0.961       332640        83160
       83160            4           1.476       665280       166320
       83160            8           2.193      1330560       332640
       83160           16           3.864      2661120       665280
       83160           32           6.955      5322240      1330560
       83160           64          13.270     10644480      2661120
       83160          128          26.463     21288960      5322240
       83160          256          51.846     42577920     10644480
       91440            1           3.033       182880        45720
       91440            2           1.052       365760        91440
       91440            4           1.377       731520       182880
       91440            8           2.203      1463040       365760
       91440           16           4.025      2926080       731520
       91440           32           7.491      5852160      1463040
       91440           64          14.536     11704320      2926080
       91440          128          28.642     23408640      5852160
       91440          256          56.677     46817280     11704320
      100560            1           2.059       201120        50280
      100560            2           1.057       402240       100560
      100560            4           1.587       804480       201120
      100560            8           2.512      1608960       402240
      100560           16           4.403      3217920       804480
      100560           32           8.175      6435840      1608960
      100560           64          21.056     12871680      3217920
      100560          128          47.263     25743360      6435840
      100560          256          91.387     51486720     12871680
      110600            1           4.046       221200        55300
      110600            2           1.014       442400       110600
      110600            4           2.694       884800       221200
      110600            8           4.060      1769600       442400
      110600           16           8.774      3539200       884800
      110600           32          16.758      7078400      1769600
      110600           64          28.116     14156800      3539200
      110600          128          58.757     28313600      7078400
      110600          256          90.209     56627200     14156800
      121640            1           3.028       243280        60820
      121640            2           1.091       486560       121640
      121640            4           1.849       973120       243280
      121640            8           2.903      1946240       486560
      121640           16           5.266      3892480       973120
      121640           32           9.796      7784960      1946240
      121640           64          19.041     15569920      3892480
      121640          128          37.668     31139840      7784960
      133800            1           2.531       267600        66900
      133800            2           1.319       535200       133800
      133800            4           1.858      1070400       267600
      133800            8           3.170      2140800       535200
      133800           16           5.697      4281600      1070400
      133800           32          10.709      8563200      2140800
      133800           64          20.938     17126400      4281600
      133800          128          41.198     34252800      8563200
      147160            1           3.252       294320        73580
      147160            2           1.314       588640       147160
      147160            4           2.107      1177280       294320
      147160            8           3.500      2354560       588640
      147160           16           6.311      4709120      1177280
      147160           32          11.916      9418240      2354560
      147160           64          23.112     18836480      4709120
      147160          128          45.575     37672960      9418240
      161840            1           3.244       323680        80920
      161840            2           1.489       647360       161840
      161840            4           2.396      1294720       323680
      161840            8           3.930      2589440       647360
      161840           16           6.973      5178880      1294720
      161840           32          13.130     10357760      2589440
      161840           64          25.398     20715520      5178880
      161840          128          50.124     41431040     10357760
      178000            1           3.270       356000        89000
      178000            2           1.706       712000       178000
      178000            4           2.810      1424000       356000
      178000            8           5.054      2848000       712000
      178000           16           9.426      5696000      1424000
      178000           32          18.262     11392000      2848000
      178000           64          35.960     22784000      5696000
      178000          128          70.867     45568000     11392000
      195800            1           2.999       391600        97900
      195800            2           1.957       783200       195800
      195800            4           3.421      1566400       391600
      195800            8           5.771      3132800       783200
      195800           16          10.697      6265600      1566400
      195800           32          20.544     12531200      3132800
      195800           64          40.360     25062400      6265600
      195800          128          79.971     50124800     12531200
      215360            1           3.629       430720       107680
      215360            2           2.219       861440       215360
      215360            4           3.759      1722880       430720
      215360            8           6.704      3445760       861440
      215360           16          12.299      6891520      1722880
      215360           32          23.749     13783040      3445760
      215360           64          46.853     27566080      6891520
      215360          128          92.957     55132160     13783040
      236880            1           4.064       473760       118440
      236880            2           2.415       947520       236880
      236880            4           3.992      1895040       473760
      236880            8           7.350      3790080       947520
      236880           16          13.513      7580160      1895040
      236880           32          26.104     15160320      3790080
      236880           64          51.097     30320640      7580160
      236880          128         101.590     60641280     15160320
      260560            1           4.358       521120       130280
      260560            2           2.525      1042240       260560
      260560            4           4.352      2084480       521120
      260560            8           7.953      4168960      1042240
      260560           16          14.836      8337920      2084480
      260560           32          28.666     16675840      4168960
      260560           64          56.221     33351680      8337920
      286600            1           5.117       573200       143300
      286600            2           2.780      1146400       286600
      286600            4           4.715      2292800       573200
      286600            8           8.673      4585600      1146400
      286600           16          16.164      9171200      2292800
      286600           32          31.355     18342400      4585600
      286600           64          61.746     36684800      9171200
      315240            1           5.682       630480       157620
      315240            2           3.055      1260960       315240
      315240            4           5.277      2521920       630480
      315240            8           9.460      5043840      1260960
      315240           16          17.903     10087680      2521920
      315240           32          34.739     20175360      5043840
      315240           64          68.750     40350720     10087680
      346760            1           5.432       693520       173380
      346760            2           3.349      1387040       346760
      346760            4           5.659      2774080       693520
      346760            8          10.247      5548160      1387040
      346760           16          19.501     11096320      2774080
      346760           32          38.062     22192640      5548160
      346760           64          74.589     44385280     11096320
      381400            1           9.461       762800       190700
      381400            2           5.007      1525600       381400
      381400            4           6.850      3051200       762800
      381400            8          11.434      6102400      1525600
      381400           16          21.423     12204800      3051200
      381400           32          41.592     24409600      6102400
      381400           64          81.998     48819200     12204800
      419520            1           6.818       839040       209760
      419520            2           4.138      1678080       419520
      419520            4           6.701      3356160       839040
      419520            8          12.512      6712320      1678080
      419520           16          23.312     13424640      3356160
      419520           32          45.634     26849280      6712320
      419520           64          89.658     53698560     13424640
      461440            1           8.033       922880       230720
      461440            2           4.450      1845760       461440
      461440            4           7.569      3691520       922880
      461440            8          13.526      7383040      1845760
      461440           16          25.855     14766080      3691520
      461440           32          50.289     29532160      7383040
      461440           64          99.373     59064320     14766080
      507560            1          10.295      1015120       253780
      507560            2           4.721      2030240       507560
      507560            4           8.144      4060480      1015120
      507560            8          14.881      8120960      2030240
      507560           16          28.281     16241920      4060480
      507560           32          55.023     32483840      8120960
      558280            1           7.960      1116560       279140
      558280            2           5.096      2233120       558280
      558280            4           9.023      4466240      1116560
      558280            8          16.417      8932480      2233120
      558280           16          31.060     17864960      4466240
      558280           32          60.597     35729920      8932480
      614080            1           9.234      1228160       307040
      614080            2           5.732      2456320       614080
      614080            4           9.723      4912640      1228160
      614080            8          17.935      9825280      2456320
      614080           16          34.202     19650560      4912640
      614080           32          66.782     39301120      9825280
      675480            1          11.049      1350960       337740
      675480            2           6.293      2701920       675480
      675480            4          30.043      5403840      1350960
      675480            8          19.469     10807680      2701920
      675480           16          37.233     21615360      5403840
      675480           32          73.166     43230720     10807680
      743000            1          12.061      1486000       371500
      743000            2           6.828      2972000       743000
      743000            4          11.662      5944000      1486000
      743000            8          21.474     11888000      2972000
      743000           16          41.140     23776000      5944000
      743000           32          80.722     47552000     11888000
      817280            1          12.102      1634560       408640
      817280            2           7.454      3269120       817280
      817280            4          12.855      6538240      1634560
      817280            8          23.707     13076480      3269120
      817280           16          45.363     26152960      6538240
      817280           32          88.878     52305920     13076480
      899000            1          14.630      1798000       449500
      899000            2           8.140      3596000       899000
      899000            4          14.006      7192000      1798000
      899000            8          26.019     14384000      3596000
      899000           16          50.166     28768000      7192000
      899000           32          98.157     57536000     14384000
      988880            1          15.615      1977760       494440
      988880            2           8.562      3955520       988880
      988880            4          15.466      7911040      1977760
      988880            8          28.625     15822080      3955520
      988880           16          54.921     31644160      7911040
     1087760            1          15.894      2175520       543880
     1087760            2           9.931      4351040      1087760
     1087760            4          16.996      8702080      2175520
     1087760            8          31.248     17404160      4351040
     1087760           16          60.211     34808320      8702080
     1196520            1          18.358      2393040       598260
     1196520            2          10.618      4786080      1196520
     1196520            4          18.761      9572160      2393040
     1196520            8          34.377     19144320      4786080
     1196520           16          66.238     38288640      9572160
     1316160            1          19.448      2632320       658080
     1316160            2          11.489      5264640      1316160
     1316160            4          20.193     10529280      2632320
     1316160            8          51.066     21058560      5264640
     1316160           16          72.440     42117120     10529280
     1447760            1          21.345      2895520       723880
     1447760            2          12.507      5791040      1447760
     1447760            4          22.357     11582080      2895520
     1447760            8          41.433     23164160      5791040
     1447760           16          80.123     46328320     11582080
     1592520            1          23.839      3185040       796260
     1592520            2          14.026      6370080      1592520
     1592520            4          24.455     12740160      3185040
     1592520            8          45.474     25480320      6370080
     1592520           16          87.892     50960640     12740160
     1751760            1          26.230      3503520       875880
     1751760            2          15.732      7007040      1751760
     1751760            4          26.856     14014080      3503520
     1751760            8          49.948     28028160      7007040
     1751760           16          96.534     56056320     14014080
     1926920            1          29.429      3853840       963460
     1926920            2          17.611      7707680      1926920
     1926920            4          29.579     15415360      3853840
     1926920            8          54.730     30830720      7707680
     1926920           16         106.160     61661440     15415360
     2119600            1          30.842      4239200      1059800
     2119600            2          19.197      8478400      2119600
     2119600            4          32.492     16956800      4239200
     2119600            8          60.280     33913600      8478400
     2331560            1          34.487      4663120      1165780
     2331560            2          20.857      9326240      2331560
     2331560            4          35.514     18652480      4663120
     2331560            8          66.382     37304960      9326240
     2564680            1          52.725      5129360      1282340
     2564680            2          24.054     10258720      2564680
     2564680            4          39.104     20517440      5129360
     2564680            8          72.849     41034880     10258720
     2821120            1          42.463      5642240      1410560
     2821120            2          27.441     11284480      2821120
     2821120            4          43.354     22568960      5642240
     2821120            8          80.798     45137920     11284480
     3103200            1          46.877      6206400      1551600
     3103200            2          30.438     12412800      3103200
     3103200            4          48.952     24825600      6206400
     3103200            8          91.437     49651200     12412800
     3413520            1          50.366      6827040      1706760
     3413520            2          33.856     13654080      3413520
     3413520            4          55.292     27308160      6827040
     3413520            8         100.935     54616320     13654080
     3754840            1          54.470      7509680      1877420
     3754840            2          38.879     15019360      3754840
     3754840            4          61.416     30038720      7509680
     3754840            8         112.498     60077440     15019360
     4130320            1          59.635      8260640      2065160
     4130320            2          47.338     16521280      4130320
     4130320            4          68.477     33042560      8260640
     4543320            1          62.618      9086640      2271660
     4543320            2          51.727     18173280      4543320
     4543320            4          77.233     36346560      9086640
     4997640            1          65.505      9995280      2498820
     4997640            2          60.200     19990560      4997640
     4997640            4          89.950     39981120      9995280
     5497400            1          68.676     10994800      2748700
     5497400            2          73.581     21989600      5497400
     5497400            4         107.934     43979200     10994800
     6047120            1          74.685     12094240      3023560
     6047120            2          89.265     24188480      6047120
     6047120            4         132.027     48376960     12094240
     6651800            1          74.809     13303600      3325900
     6651800            2         103.576     26607200      6651800
     6651800            4         154.058     53214400     13303600
     7316960            1          82.450     14633920      3658480
     7316960            2         118.336     29267840      7316960
     7316960            4         205.410     58535680     14633920
     8048640            1         117.417     16097280      4024320
     8048640            2         162.013     32194560      8048640
     8853480            1          94.160     17706960      4426740
     8853480            2         153.736     35413920      8853480
     9738800            1         102.362     19477600      4869400
     9738800            2         170.802     38955200      9738800
    10712680            1         109.622     21425360      5356340
    10712680            2         188.894     42850720     10712680
    11783920            1         123.600     23567840      5891960
    11783920            2         211.502     47135680     11783920
    12962280            1         143.168     25924560      6481140
    12962280            2         235.774     51849120     12962280
    14258480            1         154.186     28516960      7129240
    14258480            2         262.162     57033920     14258480
    15684320            1         175.391     31368640      7842160
    17252720            1         198.119     34505440      8626360
    18977960            1         229.649     37955920      9488980
    20875720            1         255.523     41751440     10437860
    22963280            1         294.547     45926560     11481640
    25259600            1         345.881     50519200     12629800
    27785560            1         405.867     55571120     13892780
    30564080            1         458.070     61128160     15282040

META_DATA
FLOPS          4
OPENMP_THREADS 5
ERT_VERSION  1.1.0
HOSTNAME  ('cirrus4.computing.clemson.edu', ['cirrus4'], ['127.0.1.1'])
UNAME  uname_result(system='Linux', node='cirrus4.computing.clemson.edu', release='5.4.0-81-generic', version='#91-Ubuntu SMP Thu Jul 15 19:09:17 UTC 2021', machine='x86_64', processor='x86_64')
TIMESTAMP_DATA  1632245416.2625048
CONFIG  {'ERT_RESULTS': ['Results.cs.clemson.edu'], 'ERT_DRIVER': ['driver1'], 'ERT_KERNEL': ['kernel1'], 'ERT_MPI': ['False'], 'ERT_MPI_CFLAGS': [], 'ERT_MPI_LDFLAGS': [], 'ERT_OPENMP': ['True'], 'ERT_OPENMP_CFLAGS': ['-fopenmp'], 'ERT_OPENMP_LDFLAGS': ['-fopenmp'], 'ERT_FLOPS': ['1,2,4'], 'ERT_ALIGN': ['32'], 'ERT_CC': ['g++'], 'ERT_CFLAGS': ['-O3', '-std=c++11', '-fstrict-aliasing', '-march=native'], 'ERT_LD': ['g++'], 'ERT_LDFLAGS': [], 'ERT_LDLIBS': [], 'ERT_PRECISION': ['FP64'], 'ERT_RUN': ['export', 'OMP_NUM_THREADS=ERT_OPENMP_THREADS;', 'export', 'OMP_PLACES=threads;', 'export', 'OMP_PROC_BIND=spread;', './ERT_CODE'], 'ERT_PROCS_THREADS': ['8'], 'ERT_MPI_PROCS': ['2,4,8'], 'ERT_OPENMP_THREADS': ['1-8'], 'ERT_NUM_EXPERIMENTS': ['5'], 'ERT_MEMORY_MAX': ['31000000'], 'ERT_WORKING_SET_MIN': ['1'], 'ERT_TRIALS_MIN': ['1'], 'ERT_GNUPLOT': ['gnuplot'], 'ERT_GPU': [False], 'ERT_HIP': [False], 'ERT_OCL': [False], 'ERT_SYCL': [False], 'ERT_WSS_MULT': [1.1]}
