fp64
          40            1           1.965           80           20
          40            2           0.827          160           40
          40            4           0.860          320           80
          40            8           0.791          640          160
          40           16           0.763         1280          320
          40           32           1.079         2560          640
          40           64           1.184         5120         1280
          40          128           1.826        10240         2560
          40          256           3.082        20480         5120
          40          512           5.346        40960        10240
          40         1024          10.252        81920        20480
          40         2048          19.691       163840        40960
          40         4096          38.285       327680        81920
          40         8192          75.881       655360       163840
          40        16384         151.199      1310720       327680
          40        32768         301.906      2621440       655360
          40        65536         602.934      5242880      1310720
          40       131072        1208.524     10485760      2621440
          40       262144        2427.305     20971520      5242880
          40       524288        3599.911     41943040     10485760
          80            1           0.445          160           40
          80            2           0.694          320           80
          80            4           0.854          640          160
          80            8           0.706         1280          320
          80           16           0.788         2560          640
          80           32           0.706         5120         1280
          80           64           0.932        10240         2560
          80          128           1.437        20480         5120
          80          256           2.225        40960        10240
          80          512           3.707        81920        20480
          80         1024           6.726       163840        40960
          80         2048          13.089       327680        81920
          80         4096          25.730       655360       163840
          80         8192          50.755      1310720       327680
          80        16384         101.173      2621440       655360
          80        32768         201.284      5242880      1310720
          80        65536         401.941     10485760      2621440
          80       131072         814.606     20971520      5242880
          80       262144        1636.844     41943040     10485760
         120            1           0.538          240           60
         120            2           0.604          480          120
         120            4           0.603          960          240
         120            8           0.735         1920          480
         120           16           0.779         3840          960
         120           32           0.761         7680         1920
         120           64           0.936        15360         3840
         120          128           1.262        30720         7680
         120          256           2.253        61440        15360
         120          512           3.840       122880        30720
         120         1024           7.224       245760        61440
         120         2048          14.598       491520       122880
         120         4096          26.714       983040       245760
         120         8192          52.824      1966080       491520
         120        16384         106.858      3932160       983040
         120        32768         213.729      7864320      1966080
         120        65536         427.132     15728640      3932160
         120       131072         853.243     31457280      7864320
         160            1           1.974          320           80
         160            2           0.656          640          160
         160            4           0.617         1280          320
         160            8           0.821         2560          640
         160           16           0.614         5120         1280
         160           32           0.598        10240         2560
         160           64           1.212        20480         5120
         160          128           1.554        40960        10240
         160          256           2.175        81920        20480
         160          512           3.854       163840        40960
         160         1024           7.239       327680        81920
         160         2048          15.783       655360       163840
         160         4096          28.250      1310720       327680
         160         8192          55.950      2621440       655360
         160        16384         111.205      5242880      1310720
         160        32768         209.108     10485760      2621440
         160        65536         286.524     20971520      5242880
         160       131072         560.974     41943040     10485760
         200            1           0.355          400          100
         200            2           0.609          800          200
         200            4           0.509         1600          400
         200            8           0.659         3200          800
         200           16           0.807         6400         1600
         200           32           0.713        12800         3200
         200           64           0.784        25600         6400
         200          128           1.168        51200        12800
         200          256           1.731       102400        25600
         200          512           2.640       204800        51200
         200         1024           4.803       409600       102400
         200         2048           9.181       819200       204800
         200         4096          17.935      1638400       409600
         200         8192          35.567      3276800       819200
         200        16384          70.538      6553600      1638400
         200        32768         141.492     13107200      3276800
         200        65536         292.676     26214400      6553600
         200       131072         559.989     52428800     13107200
         240            1           0.357          480          120
         240            2           0.791          960          240
         240            4           0.787         1920          480
         240            8           0.771         3840          960
         240           16           0.798         7680         1920
         240           32           0.624        15360         3840
         240           64           0.743        30720         7680
         240          128           1.356        61440        15360
         240          256           1.756       122880        30720
         240          512           2.616       245760        61440
         240         1024           4.861       491520       122880
         240         2048           9.285       983040       245760
         240         4096          17.917      1966080       491520
         240         8192          35.501      3932160       983040
         240        16384          70.579      7864320      1966080
         240        32768         140.502     15728640      3932160
         240        65536         281.481     31457280      7864320
         280            1           0.400          560          140
         280            2           0.589         1120          280
         280            4           0.586         2240          560
         280            8           0.589         4480         1120
         280           16           0.547         8960         2240
         280           32           0.824        17920         4480
         280           64           0.838        35840         8960
         280          128           1.211        71680        17920
         280          256           1.672       143360        35840
         280          512           2.684       286720        71680
         280         1024           4.929       573440       143360
         280         2048           9.194      1146880       286720
         280         4096          18.034      2293760       573440
         280         8192          35.420      4587520      1146880
         280        16384          70.459      9175040      2293760
         280        32768         141.394     18350080      4587520
         280        65536         280.486     36700160      9175040
         320            1           0.494          640          160
         320            2           0.578         1280          320
         320            4           0.684         2560          640
         320            8           0.675         5120         1280
         320           16           0.591        10240         2560
         320           32           0.790        20480         5120
         320           64           0.899        40960        10240
         320          128           1.024        81920        20480
         320          256           1.688       163840        40960
         320          512           2.743       327680        81920
         320         1024           5.288       655360       163840
         320         2048          41.685      1310720       327680
         320         4096          19.451      2621440       655360
         320         8192          37.431      5242880      1310720
         320        16384          73.895     10485760      2621440
         320        32768         149.301     20971520      5242880
         320        65536         292.527     41943040     10485760
         360            1           0.887          720          180
         360            2           0.348         1440          360
         360            4           0.580         2880          720
         360            8           0.671         5760         1440
         360           16           0.555        11520         2880
         360           32           0.677        23040         5760
         360           64           0.999        46080        11520
         360          128           1.082        92160        23040
         360          256           1.831       184320        46080
         360          512           2.760       368640        92160
         360         1024           5.081       737280       184320
         360         2048           9.869      1474560       368640
         360         4096          18.703      2949120       737280
         360         8192          37.011      5898240      1474560
         360        16384          73.524     11796480      2949120
         360        32768         146.411     23592960      5898240
         360        65536         299.683     47185920     11796480
         400            1           0.808          800          200
         400            2           0.642         1600          400
         400            4           0.601         3200          800
         400            8           0.671         6400         1600
         400           16           0.567        12800         3200
         400           32           0.830        25600         6400
         400           64           0.852        51200        12800
         400          128           1.024       102400        25600
         400          256           1.918       204800        51200
         400          512           2.797       409600       102400
         400         1024           5.030       819200       204800
         400         2048           9.634      1638400       409600
         400         4096          18.794      3276800       819200
         400         8192          37.024      6553600      1638400
         400        16384          73.520     13107200      3276800
         400        32768         146.778     26214400      6553600
         400        65536         293.582     52428800     13107200
         440            1           1.029          880          220
         440            2           0.661         1760          440
         440            4           0.796         3520          880
         440            8           0.666         7040         1760
         440           16           0.770        14080         3520
         440           32           0.684        28160         7040
         440           64           1.071        56320        14080
         440          128           1.212       112640        28160
         440          256           1.595       225280        56320
         440          512           2.970       450560       112640
         440         1024           5.984       901120       225280
         440         2048          12.175      1802240       450560
         440         4096          21.733      3604480       901120
         440         8192          37.288      7208960      1802240
         440        16384          94.781     14417920      3604480
         440        32768         120.788     28835840      7208960
         440        65536         236.666     57671680     14417920
         480            1           0.813          960          240
         480            2           0.395         1920          480
         480            4           0.679         3840          960
         480            8           0.434         7680         1920
         480           16           0.700        15360         3840
         480           32           0.527        30720         7680
         480           64           0.705        61440        15360
         480          128           1.076       122880        30720
         480          256           1.281       245760        61440
         480          512           2.232       491520       122880
         480         1024           3.852       983040       245760
         480         2048           7.045      1966080       491520
         480         4096          13.624      3932160       983040
         480         8192          26.480      7864320      1966080
         480        16384          52.521     15728640      3932160
         480        32768         104.252     31457280      7864320
         520            1           0.766         1040          260
         520            2           0.684         2080          520
         520            4           0.595         4160         1040
         520            8           0.473         8320         2080
         520           16           0.562        16640         4160
         520           32           0.806        33280         8320
         520           64           0.908        66560        16640
         520          128           1.063       133120        33280
         520          256           1.509       266240        66560
         520          512           2.221       532480       133120
         520         1024           3.852      1064960       266240
         520         2048           7.239      2129920       532480
         520         4096          14.911      4259840      1064960
         520         8192          27.243      8519680      2129920
         520        16384          56.765     17039360      4259840
         520        32768         111.349     34078720      8519680
         560            1           0.993         1120          280
         560            2           0.309         2240          560
         560            4           0.769         4480         1120
         560            8           0.549         8960         2240
         560           16           0.713        17920         4480
         560           32           0.875        35840         8960
         560           64           0.911        71680        17920
         560          128           1.021       143360        35840
         560          256           1.440       286720        71680
         560          512           2.134       573440       143360
         560         1024           3.936      1146880       286720
         560         2048           7.011      2293760       573440
         560         4096          17.151      4587520      1146880
         560         8192          29.146      9175040      2293760
         560        16384          60.463     18350080      4587520
         560        32768         113.905     36700160      9175040
         600            1           0.673         1200          300
         600            2           0.352         2400          600
         600            4           0.706         4800         1200
         600            8           0.648         9600         2400
         600           16           0.642        19200         4800
         600           32           0.621        38400         9600
         600           64           0.852        76800        19200
         600          128           1.088       153600        38400
         600          256           1.668       307200        76800
         600          512           2.608       614400       153600
         600         1024           5.143      1228800       307200
         600         2048           9.992      2457600       614400
         600         4096          17.974      4915200      1228800
         600         8192          28.714      9830400      2457600
         600        16384          60.899     19660800      4915200
         600        32768         123.969     39321600      9830400
         640            1           0.657         1280          320
         640            2           0.441         2560          640
         640            4           0.701         5120         1280
         640            8           0.585        10240         2560
         640           16           0.714        20480         5120
         640           32           0.552        40960        10240
         640           64           0.691        81920        20480
         640          128           1.114       163840        40960
         640          256           1.312       327680        81920
         640          512           2.296       655360       163840
         640         1024           4.154      1310720       327680
         640         2048           7.825      2621440       655360
         640         4096          14.839      5242880      1310720
         640         8192          30.000     10485760      2621440
         640        16384          62.258     20971520      5242880
         640        32768         118.639     41943040     10485760
         680            1           0.331         1360          340
         680            2           0.747         2720          680
         680            4           0.590         5440         1360
         680            8           0.695        10880         2720
         680           16           0.697        21760         5440
         680           32           0.771        43520        10880
         680           64           0.789        87040        21760
         680          128           0.856       174080        43520
         680          256           1.441       348160        87040
         680          512           2.425       696320       174080
         680         1024           4.114      1392640       348160
         680         2048           7.875      2785280       696320
         680         4096          14.990      5570560      1392640
         680         8192          26.754     11141120      2785280
         680        16384          53.183     22282240      5570560
         680        32768         116.138     44564480     11141120
         720            1           1.044         1440          360
         720            2           0.549         2880          720
         720            4           0.507         5760         1440
         720            8           0.525        11520         2880
         720           16           0.492        23040         5760
         720           32           0.577        46080        11520
         720           64           0.764        92160        23040
         720          128           0.898       184320        46080
         720          256           1.228       368640        92160
         720          512           2.278       737280       184320
         720         1024           4.590      1474560       368640
         720         2048           8.274      2949120       737280
         720         4096          16.440      5898240      1474560
         720         8192          32.695     11796480      2949120
         720        16384          60.831     23592960      5898240
         720        32768         120.335     47185920     11796480
         760            1           0.586         1520          380
         760            2           0.532         3040          760
         760            4           0.637         6080         1520
         760            8           0.533        12160         3040
         760           16           0.829        24320         6080
         760           32           0.631        48640        12160
         760           64           0.633        97280        24320
         760          128           0.984       194560        48640
         760          256           1.614       389120        97280
         760          512           2.831       778240       194560
         760         1024           5.365      1556480       389120
         760         2048          10.344      3112960       778240
         760         4096          20.408      6225920      1556480
         760         8192          40.250     12451840      3112960
         760        16384          80.147     24903680      6225920
         760        32768         159.891     49807360     12451840
         800            1           0.935         1600          400
         800            2           0.579         3200          800
         800            4           0.725         6400         1600
         800            8           0.605        12800         3200
         800           16           0.590        25600         6400
         800           32           0.573        51200        12800
         800           64           0.668       102400        25600
         800          128           0.892       204800        51200
         800          256           1.358       409600       102400
         800          512           2.189       819200       204800
         800         1024           4.009      1638400       409600
         800         2048           7.918      3276800       819200
         800         4096          15.259      6553600      1638400
         800         8192          29.831     13107200      3276800
         800        16384          59.219     26214400      6553600
         800        32768         118.150     52428800     13107200
         880            1           0.759         1760          440
         880            2           0.467         3520          880
         880            4           0.647         7040         1760
         880            8           0.566        14080         3520
         880           16           0.672        28160         7040
         880           32           0.583        56320        14080
         880           64           0.637       112640        28160
         880          128           0.944       225280        56320
         880          256           1.556       450560       112640
         880          512           2.908       901120       225280
         880         1024           5.347      1802240       450560
         880         2048          10.149      3604480       901120
         880         4096          20.071      7208960      1802240
         880         8192          40.269     14417920      3604480
         880        16384          79.106     28835840      7208960
         880        32768         157.613     57671680     14417920
         960            1           0.657         1920          480
         960            2           0.445         3840          960
         960            4           0.698         7680         1920
         960            8           0.467        15360         3840
         960           16           0.533        30720         7680
         960           32           0.530        61440        15360
         960           64           0.737       122880        30720
         960          128           0.848       245760        61440
         960          256           1.289       491520       122880
         960          512           2.108       983040       245760
         960         1024           3.816      1966080       491520
         960         2048           7.305      3932160       983040
         960         4096          13.743      7864320      1966080
         960         8192          27.083     15728640      3932160
         960        16384          53.490     31457280      7864320
        1040            1           0.511         2080          520
        1040            2           0.445         4160         1040
        1040            4           0.573         8320         2080
        1040            8           0.617        16640         4160
        1040           16           0.756        33280         8320
        1040           32           0.876        66560        16640
        1040           64           0.882       133120        33280
        1040          128           0.890       266240        66560
        1040          256           1.474       532480       133120
        1040          512           2.266      1064960       266240
        1040         1024           4.060      2129920       532480
        1040         2048           7.939      4259840      1064960
        1040         4096          15.637      8519680      2129920
        1040         8192          31.001     17039360      4259840
        1040        16384          61.835     34078720      8519680
        1120            1           0.540         2240          560
        1120            2           0.440         4480         1120
        1120            4           0.705         8960         2240
        1120            8           0.613        17920         4480
        1120           16           0.492        35840         8960
        1120           32           0.710        71680        17920
        1120           64           0.655       143360        35840
        1120          128           1.045       286720        71680
        1120          256           1.326       573440       143360
        1120          512           2.154      1146880       286720
        1120         1024           3.888      2293760       573440
        1120         2048           7.306      4587520      1146880
        1120         4096          14.115      9175040      2293760
        1120         8192          27.917     18350080      4587520
        1120        16384          55.092     36700160      9175040
        1200            1           0.304         2400          600
        1200            2           0.630         4800         1200
        1200            4           0.678         9600         2400
        1200            8           0.723        19200         4800
        1200           16           0.724        38400         9600
        1200           32           0.723        76800        19200
        1200           64           0.942       153600        38400
        1200          128           1.035       307200        76800
        1200          256           1.610       614400       153600
        1200          512           2.449      1228800       307200
        1200         1024           4.407      2457600       614400
        1200         2048           8.232      4915200      1228800
        1200         4096          16.269      9830400      2457600
        1200         8192          31.785     19660800      4915200
        1200        16384          63.009     39321600      9830400
        1320            1           1.002         2640          660
        1320            2           0.486         5280         1320
        1320            4           0.744        10560         2640
        1320            8           0.693        21120         5280
        1320           16           0.581        42240        10560
        1320           32           0.580        84480        21120
        1320           64           0.844       168960        42240
        1320          128           1.013       337920        84480
        1320          256           1.564       675840       168960
        1320          512           2.357      1351680       337920
        1320         1024           4.227      2703360       675840
        1320         2048           8.550      5406720      1351680
        1320         4096          16.496     10813440      2703360
        1320         8192          32.249     21626880      5406720
        1320        16384          63.873     43253760     10813440
        1440            1           0.290         2880          720
        1440            2           0.489         5760         1440
        1440            4           0.654        11520         2880
        1440            8           0.691        23040         5760
        1440           16           0.627        46080        11520
        1440           32           0.588        92160        23040
        1440           64           0.666       184320        46080
        1440          128           1.008       368640        92160
        1440          256           1.509       737280       184320
        1440          512           2.506      1474560       368640
        1440         1024           4.452      2949120       737280
        1440         2048           8.362      5898240      1474560
        1440         4096          16.405     11796480      2949120
        1440         8192          32.113     23592960      5898240
        1440        16384          63.388     47185920     11796480
        1560            1           0.767         3120          780
        1560            2           0.687         6240         1560
        1560            4           0.511        12480         3120
        1560            8           0.711        24960         6240
        1560           16           0.488        49920        12480
        1560           32           0.644        99840        24960
        1560           64           0.792       199680        49920
        1560          128           1.190       399360        99840
        1560          256           1.737       798720       199680
        1560          512           2.964      1597440       399360
        1560         1024           5.511      3194880       798720
        1560         2048          10.641      6389760      1597440
        1560         4096          20.654     12779520      3194880
        1560         8192          40.640     25559040      6389760
        1560        16384          80.715     51118080     12779520
        1680            1           0.792         3360          840
        1680            2           0.644         6720         1680
        1680            4           0.580        13440         3360
        1680            8           0.435        26880         6720
        1680           16           0.620        53760        13440
        1680           32           0.648       107520        26880
        1680           64           0.824       215040        53760
        1680          128           1.046       430080       107520
        1680          256           1.799       860160       215040
        1680          512           2.832      1720320       430080
        1680         1024           5.353      3440640       860160
        1680         2048          10.480      6881280      1720320
        1680         4096          20.717     13762560      3440640
        1680         8192          41.283     27525120      6881280
        1680        16384          81.728     55050240     13762560
        1840            1           0.944         3680          920
        1840            2           0.421         7360         1840
        1840            4           0.688        14720         3680
        1840            8           0.584        29440         7360
        1840           16           0.645        58880        14720
        1840           32           0.681       117760        29440
        1840           64           0.841       235520        58880
        1840          128           1.325       471040       117760
        1840          256           1.787       942080       235520
        1840          512           3.051      1884160       471040
        1840         1024           5.774      3768320       942080
        1840         2048          11.190      7536640      1884160
        1840         4096          22.164     15073280      3768320
        1840         8192          44.011     30146560      7536640
        1840        16384          87.662     60293120     15073280
        2000            1           0.533         4000         1000
        2000            2           0.455         8000         2000
        2000            4           0.599        16000         4000
        2000            8           0.523        32000         8000
        2000           16           0.566        64000        16000
        2000           32           0.697       128000        32000
        2000           64           0.797       256000        64000
        2000          128           1.355       512000       128000
        2000          256           1.956      1024000       256000
        2000          512           3.345      2048000       512000
        2000         1024           6.134      4096000      1024000
        2000         2048          12.016      8192000      2048000
        2000         4096          23.764     16384000      4096000
        2000         8192          47.249     32768000      8192000
        2200            1           0.623         4400         1100
        2200            2           0.425         8800         2200
        2200            4           0.611        17600         4400
        2200            8           0.665        35200         8800
        2200           16           0.611        70400        17600
        2200           32           0.829       140800        35200
        2200           64           0.877       281600        70400
        2200          128           1.233       563200       140800
        2200          256           2.119      1126400       281600
        2200          512           3.602      2252800       563200
        2200         1024           6.844      4505600      1126400
        2200         2048          13.481      9011200      2252800
        2200         4096          26.654     18022400      4505600
        2200         8192          52.978     36044800      9011200
        2400            1           0.379         4800         1200
        2400            2           0.477         9600         2400
        2400            4           0.638        19200         4800
        2400            8           0.752        38400         9600
        2400           16           0.613        76800        19200
        2400           32           0.789       153600        38400
        2400           64           1.004       307200        76800
        2400          128           1.224       614400       153600
        2400          256           1.910      1228800       307200
        2400          512           3.417      2457600       614400
        2400         1024           6.366      4915200      1228800
        2400         2048          12.102      9830400      2457600
        2400         4096          23.669     19660800      4915200
        2400         8192          47.078     39321600      9830400
        2640            1           1.262         5280         1320
        2640            2           0.460        10560         2640
        2640            4           0.466        21120         5280
        2640            8           0.671        42240        10560
        2640           16           0.612        84480        21120
        2640           32           0.747       168960        42240
        2640           64           0.950       337920        84480
        2640          128           1.364       675840       168960
        2640          256           2.246      1351680       337920
        2640          512           4.041      2703360       675840
        2640         1024           7.736      5406720      1351680
        2640         2048          15.187     10813440      2703360
        2640         4096          30.041     21626880      5406720
        2640         8192          59.784     43253760     10813440
        2880            1           0.792         5760         1440
        2880            2           0.464        11520         2880
        2880            4           0.471        23040         5760
        2880            8           0.538        46080        11520
        2880           16           0.546        92160        23040
        2880           32           0.745       184320        46080
        2880           64           0.890       368640        92160
        2880          128           1.347       737280       184320
        2880          256           2.213      1474560       368640
        2880          512           3.857      2949120       737280
        2880         1024           7.405      5898240      1474560
        2880         2048          14.476     11796480      2949120
        2880         4096          28.433     23592960      5898240
        2880         8192          56.681     47185920     11796480
        3160            1           0.268         6320         1580
        3160            2           0.742        12640         3160
        3160            4           0.476        25280         6320
        3160            8           0.509        50560        12640
        3160           16           0.631       101120        25280
        3160           32           0.781       202240        50560
        3160           64           1.086       404480       101120
        3160          128           1.527       808960       202240
        3160          256           2.641      1617920       404480
        3160          512           4.750      3235840       808960
        3160         1024           9.045      6471680      1617920
        3160         2048          17.587     12943360      3235840
        3160         4096          34.996     25886720      6471680
        3160         8192          69.619     51773440     12943360
        3440            1           0.322         6880         1720
        3440            2           0.632        13760         3440
        3440            4           0.669        27520         6880
        3440            8           0.540        55040        13760
        3440           16           0.779       110080        27520
        3440           32           0.942       220160        55040
        3440           64           1.101       440320       110080
        3440          128           1.664       880640       220160
        3440          256           2.667      1761280       440320
        3440          512           5.042      3522560       880640
        3440         1024           9.563      7045120      1761280
        3440         2048          18.586     14090240      3522560
        3440         4096          36.798     28180480      7045120
        3440         8192          73.177     56360960     14090240
        3760            1           0.398         7520         1880
        3760            2           0.693        15040         3760
        3760            4           0.562        30080         7520
        3760            8           0.527        60160        15040
        3760           16           0.667       120320        30080
        3760           32           0.824       240640        60160
        3760           64           1.128       481280       120320
        3760          128           1.720       962560       240640
        3760          256           2.891      1925120       481280
        3760          512           5.390      3850240       962560
        3760         1024          10.431      7700480      1925120
        3760         2048          20.032     15400960      3850240
        3760         4096          39.808     30801920      7700480
        3760         8192          79.169     61603840     15400960
        4120            1           0.331         8240         2060
        4120            2           0.478        16480         4120
        4120            4           0.684        32960         8240
        4120            8           0.591        65920        16480
        4120           16           0.587       131840        32960
        4120           32           0.797       263680        65920
        4120           64           1.165       527360       131840
        4120          128           1.851      1054720       263680
        4120          256           3.274      2109440       527360
        4120          512           6.222      4218880      1054720
        4120         1024          11.520      8437760      2109440
        4120         2048          22.235     16875520      4218880
        4120         4096          43.983     33751040      8437760
        4520            1           0.342         9040         2260
        4520            2           0.605        18080         4520
        4520            4           0.673        36160         9040
        4520            8           0.652        72320        18080
        4520           16           0.754       144640        36160
        4520           32           0.803       289280        72320
        4520           64           1.181       578560       144640
        4520          128           1.877      1157120       289280
        4520          256           3.257      2314240       578560
        4520          512           6.244      4628480      1157120
        4520         1024          11.690      9256960      2314240
        4520         2048          22.951     18513920      4628480
        4520         4096          45.572     37027840      9256960
        4960            1           0.558         9920         2480
        4960            2           0.312        19840         4960
        4960            4           0.663        39680         9920
        4960            8           0.815        79360        19840
        4960           16           0.604       158720        39680
        4960           32           0.889       317440        79360
        4960           64           1.304       634880       158720
        4960          128           2.024      1269760       317440
        4960          256           3.375      2539520       634880
        4960          512           6.450      5079040      1269760
        4960         1024          12.288     10158080      2539520
        4960         2048          24.239     20316160      5079040
        4960         4096          47.939     40632320     10158080
        5440            1           0.766        10880         2720
        5440            2           0.496        21760         5440
        5440            4           0.523        43520        10880
        5440            8           0.631        87040        21760
        5440           16           0.844       174080        43520
        5440           32           0.952       348160        87040
        5440           64           1.534       696320       174080
        5440          128           2.379      1392640       348160
        5440          256           4.511      2785280       696320
        5440          512           8.333      5570560      1392640
        5440         1024          16.314     11141120      2785280
        5440         2048          32.328     22282240      5570560
        5440         4096          64.284     44564480     11141120
        5960            1           1.117        11920         2980
        5960            2           0.579        23840         5960
        5960            4           0.704        47680        11920
        5960            8           0.562        95360        23840
        5960           16           0.721       190720        47680
        5960           32           0.963       381440        95360
        5960           64           1.336       762880       190720
        5960          128           2.382      1525760       381440
        5960          256           4.096      3051520       762880
        5960          512           8.016      6103040      1525760
        5960         1024          15.093     12206080      3051520
        5960         2048          29.727     24412160      6103040
        5960         4096          59.039     48824320     12206080
        6520            1           0.733        13040         3260
        6520            2           0.343        26080         6520
        6520            4           0.540        52160        13040
        6520            8           0.681       104320        26080
        6520           16           0.732       208640        52160
        6520           32           0.988       417280       104320
        6520           64           1.663       834560       208640
        6520          128           2.764      1669120       417280
        6520          256           5.091      3338240       834560
        6520          512           9.818      6676480      1669120
        6520         1024          19.208     13352960      3338240
        6520         2048          38.305     26705920      6676480
        6520         4096          75.892     53411840     13352960
        7160            1           1.150        14320         3580
        7160            2           0.735        28640         7160
        7160            4           0.762        57280        14320
        7160            8           0.771       114560        28640
        7160           16           0.758       229120        57280
        7160           32           1.107       458240       114560
        7160           64           1.836       916480       229120
        7160          128           3.160      1832960       458240
        7160          256           5.621      3665920       916480
        7160          512          10.559      7331840      1832960
        7160         1024          20.933     14663680      3665920
        7160         2048          41.232     29327360      7331840
        7160         4096          82.219     58654720     14663680
        7840            1           0.734        15680         3920
        7840            2           0.605        31360         7840
        7840            4           0.602        62720        15680
        7840            8           0.777       125440        31360
        7840           16           0.992       250880        62720
        7840           32           1.077       501760       125440
        7840           64           1.570      1003520       250880
        7840          128           2.957      2007040       501760
        7840          256           5.055      4014080      1003520
        7840          512           9.865      8028160      2007040
        7840         1024          19.287     16056320      4014080
        7840         2048          38.275     32112640      8028160
        8600            1           0.441        17200         4300
        8600            2           0.495        34400         8600
        8600            4           0.662        68800        17200
        8600            8           0.638       137600        34400
        8600           16           0.723       275200        68800
        8600           32           1.229       550400       137600
        8600           64           1.841      1100800       275200
        8600          128           3.353      2201600       550400
        8600          256           5.964      4403200      1100800
        8600          512          11.400      8806400      2201600
        8600         1024          22.175     17612800      4403200
        8600         2048          43.856     35225600      8806400
        9440            1           1.285        18880         4720
        9440            2           0.716        37760         9440
        9440            4           0.719        75520        18880
        9440            8           0.677       151040        37760
        9440           16           0.875       302080        75520
        9440           32           1.380       604160       151040
        9440           64           1.974      1208320       302080
        9440          128           3.258      2416640       604160
        9440          256           6.077      4833280      1208320
        9440          512          11.794      9666560      2416640
        9440         1024          23.232     19333120      4833280
        9440         2048          45.679     38666240      9666560
       10360            1           1.037        20720         5180
       10360            2           0.513        41440        10360
       10360            4           0.727        82880        20720
       10360            8           0.697       165760        41440
       10360           16           0.870       331520        82880
       10360           32           1.260       663040       165760
       10360           64           2.120      1326080       331520
       10360          128           3.733      2652160       663040
       10360          256           6.917      5304320      1326080
       10360          512          13.403     10608640      2652160
       10360         1024          26.598     21217280      5304320
       10360         2048          52.863     42434560     10608640
       11360            1           0.631        22720         5680
       11360            2           0.511        45440        11360
       11360            4           0.774        90880        22720
       11360            8           0.745       181760        45440
       11360           16           1.022       363520        90880
       11360           32           1.334       727040       181760
       11360           64           2.077      1454080       363520
       11360          128           3.964      2908160       727040
       11360          256           7.403      5816320      1454080
       11360          512          14.091     11632640      2908160
       11360         1024          27.735     23265280      5816320
       11360         2048          54.974     46530560     11632640
       12480            1           0.983        24960         6240
       12480            2           0.418        49920        12480
       12480            4           0.858        99840        24960
       12480            8           0.763       199680        49920
       12480           16           1.066       399360        99840
       12480           32           1.595       798720       199680
       12480           64           2.522      1597440       399360
       12480          128           4.457      3194880       798720
       12480          256           8.584      6389760      1597440
       12480          512          16.892     12779520      3194880
       12480         1024          33.269     25559040      6389760
       12480         2048          66.233     51118080     12779520
       13720            1           0.568        27440         6860
       13720            2           0.429        54880        13720
       13720            4           0.556       109760        27440
       13720            8           0.841       219520        54880
       13720           16           1.263       439040       109760
       13720           32           1.602       878080       219520
       13720           64           2.723      1756160       439040
       13720          128           4.838      3512320       878080
       13720          256           9.343      7024640      1756160
       13720          512          18.339     14049280      3512320
       13720         1024          36.182     28098560      7024640
       13720         2048          72.031     56197120     14049280
       15080            1           1.298        30160         7540
       15080            2           0.409        60320        15080
       15080            4           0.605       120640        30160
       15080            8           0.855       241280        60320
       15080           16           1.067       482560       120640
       15080           32           1.688       965120       241280
       15080           64           2.873      1930240       482560
       15080          128           5.085      3860480       965120
       15080          256           9.671      7720960      1930240
       15080          512          18.838     15441920      3860480
       15080         1024          37.240     30883840      7720960
       15080         2048          73.724     61767680     15441920
       16560            1           1.072        33120         8280
       16560            2           0.560        66240        16560
       16560            4           0.657       132480        33120
       16560            8           0.869       264960        66240
       16560           16           1.110       529920       132480
       16560           32           1.877      1059840       264960
       16560           64           3.230      2119680       529920
       16560          128           5.821      4239360      1059840
       16560          256          11.148      8478720      2119680
       16560          512          21.785     16957440      4239360
       16560         1024          43.197     33914880      8478720
       18200            1           1.219        36400         9100
       18200            2           0.753        72800        18200
       18200            4           0.841       145600        36400
       18200            8           0.831       291200        72800
       18200           16           1.153       582400       145600
       18200           32           1.874      1164800       291200
       18200           64           3.361      2329600       582400
       18200          128           6.395      4659200      1164800
       18200          256          12.165      9318400      2329600
       18200          512          23.839     18636800      4659200
       18200         1024          47.151     37273600      9318400
       20000            1           0.883        40000        10000
       20000            2           0.492        80000        20000
       20000            4           0.637       160000        40000
       20000            8           0.962       320000        80000
       20000           16           1.268       640000       160000
       20000           32           2.098      1280000       320000
       20000           64           3.713      2560000       640000
       20000          128           6.879      5120000      1280000
       20000          256          13.280     10240000      2560000
       20000          512          26.161     20480000      5120000
       20000         1024          54.852     40960000     10240000
       22000            1           0.805        44000        11000
       22000            2           0.587        88000        22000
       22000            4           0.781       176000        44000
       22000            8           1.030       352000        88000
       22000           16           1.684       704000       176000
       22000           32           2.921      1408000       352000
       22000           64           4.589      2816000       704000
       22000          128          10.378      5632000      1408000
       22000          256          24.881     11264000      2816000
       22000          512          42.970     22528000      5632000
       22000         1024          82.652     45056000     11264000
       24200            1           1.052        48400        12100
       24200            2           0.919        96800        24200
       24200            4           1.092       193600        48400
       24200            8           1.573       387200        96800
       24200           16           2.519       774400       193600
       24200           32          14.122      1548800       387200
       24200           64          15.666      3097600       774400
       24200          128          14.092      6195200      1548800
       24200          256          27.025     12390400      3097600
       24200          512          54.475     24780800      6195200
       24200         1024         105.729     49561600     12390400
       26600            1           1.097        53200        13300
       26600            2           1.026       106400        26600
       26600            4           1.407       212800        53200
       26600            8           2.236       425600       106400
       26600           16           3.628       851200       212800
       26600           32           6.283      1702400       425600
       26600           64          18.557      3404800       851200
       26600          128          21.177      6809600      1702400
       26600          256          24.584     13619200      3404800
       26600          512          46.331     27238400      6809600
       26600         1024         109.032     54476800     13619200
       29240            1           1.202        58480        14620
       29240            2           0.731       116960        29240
       29240            4           0.822       233920        58480
       29240            8           1.351       467840       116960
       29240           16           2.532       935680       233920
       29240           32           4.688      1871360       467840
       29240           64           9.347      3742720       935680
       29240          128          17.171      7485440      1871360
       29240          256          31.643     14970880      3742720
       29240          512          51.957     29941760      7485440
       29240         1024          94.820     59883520     14970880
       32160            1           0.946        64320        16080
       32160            2           0.761       128640        32160
       32160            4           0.995       257280        64320
       32160            8           1.418       514560       128640
       32160           16           2.613      1029120       257280
       32160           32           4.610      2058240       514560
       32160           64           8.929      4116480      1029120
       32160          128          16.888      8232960      2058240
       32160          256          48.586     16465920      4116480
       32160          512          65.437     32931840      8232960
       35360            1           1.997        70720        17680
       35360            2           0.854       141440        35360
       35360            4           1.091       282880        70720
       35360            8           1.642       565760       141440
       35360           16           3.024      1131520       282880
       35360           32           5.161      2263040       565760
       35360           64           9.468      4526080      1131520
       35360          128          18.429      9052160      2263040
       35360          256          36.388     18104320      4526080
       35360          512          72.077     36208640      9052160
       38880            1           2.755        77760        19440
       38880            2           0.707       155520        38880
       38880            4           1.247       311040        77760
       38880            8           1.937       622080       155520
       38880           16           3.062      1244160       311040
       38880           32           5.497      2488320       622080
       38880           64          10.151      4976640      1244160
       38880          128          20.750      9953280      2488320
       38880          256          39.273     19906560      4976640
       38880          512          78.154     39813120      9953280
       42760            1           1.159        85520        21380
       42760            2           0.874       171040        42760
       42760            4           1.250       342080        85520
       42760            8           2.009       684160       171040
       42760           16           3.128      1368320       342080
       42760           32           6.302      2736640       684160
       42760           64          11.256      5473280      1368320
       42760          128          22.743     10946560      2736640
       42760          256          44.813     21893120      5473280
       42760          512          86.027     43786240     10946560
       47000            1           1.322        94000        23500
       47000            2           1.134       188000        47000
       47000            4           1.192       376000        94000
       47000            8           1.920       752000       188000
       47000           16           3.473      1504000       376000
       47000           32           6.552      3008000       752000
       47000           64          12.385      6016000      1504000
       47000          128          24.214     12032000      3008000
       47000          256          49.252     24064000      6016000
       47000          512         104.014     48128000     12032000
       51680            1           2.792       103360        25840
       51680            2           0.819       206720        51680
       51680            4           1.389       413440       103360
       51680            8           2.466       826880       206720
       51680           16           4.071      1653760       413440
       51680           32           7.459      3307520       826880
       51680           64          13.915      6615040      1653760
       51680          128          27.369     13230080      3307520
       51680          256          52.380     26460160      6615040
       51680          512         104.390     52920320     13230080
       56840            1           2.612       113680        28420
       56840            2           0.922       227360        56840
       56840            4           1.512       454720       113680
       56840            8           2.365       909440       227360
       56840           16           4.106      1818880       454720
       56840           32           7.844      3637760       909440
       56840           64          15.442      7275520      1818880
       56840          128          29.101     14551040      3637760
       56840          256          57.641     29102080      7275520
       56840          512         114.964     58204160     14551040
       62520            1           2.236       125040        31260
       62520            2           1.069       250080        62520
       62520            4           1.655       500160       125040
       62520            8           2.622      1000320       250080
       62520           16           4.558      2000640       500160
       62520           32           8.412      4001280      1000320
       62520           64          17.009      8002560      2000640
       62520          128          32.227     16005120      4001280
       62520          256          63.606     32010240      8002560
       68760            1           2.532       137520        34380
       68760            2           1.105       275040        68760
       68760            4           1.987       550080       137520
       68760            8           3.052      1100160       275040
       68760           16           5.072      2200320       550080
       68760           32           9.418      4400640      1100160
       68760           64          18.854      8801280      2200320
       68760          128          35.822     17602560      4400640
       68760          256          70.725     35205120      8801280
       75600            1           2.832       151200        37800
       75600            2           1.439       302400        75600
       75600            4           1.944       604800       151200
       75600            8           3.129      1209600       302400
       75600           16           5.626      2419200       604800
       75600           32          10.083      4838400      1209600
       75600           64          20.161      9676800      2419200
       75600          128          39.142     19353600      4838400
       75600          256          77.722     38707200      9676800
       83160            1           1.996       166320        41580
       83160            2           1.330       332640        83160
       83160            4           2.114       665280       166320
       83160            8           3.541      1330560       332640
       83160           16           6.125      2661120       665280
       83160           32          11.371      5322240      1330560
       83160           64          22.004     10644480      2661120
       83160          128          43.092     21288960      5322240
       83160          256          85.880     42577920     10644480
       91440            1           1.765       182880        45720
       91440            2           1.081       365760        91440
       91440            4           2.219       731520       182880
       91440            8           3.734      1463040       365760
       91440           16           6.765      2926080       731520
       91440           32          13.073      5852160      1463040
       91440           64          24.665     11704320      2926080
       91440          128          48.464     23408640      5852160
       91440          256          95.690     46817280     11704320
      100560            1           2.551       201120        50280
      100560            2           1.547       402240       100560
      100560            4           2.395       804480       201120
      100560            8           4.072      1608960       402240
      100560           16           7.466      3217920       804480
      100560           32          14.252      6435840      1608960
      100560           64          27.309     12871680      3217920
      100560          128          53.623     25743360      6435840
      100560          256         106.400     51486720     12871680
      110600            1           2.892       221200        55300
      110600            2           1.717       442400       110600
      110600            4           2.783       884800       221200
      110600            8           4.582      1769600       442400
      110600           16           8.499      3539200       884800
      110600           32          15.628      7078400      1769600
      110600           64          30.567     14156800      3539200
      110600          128          60.037     28313600      7078400
      110600          256         119.936     56627200     14156800
      121640            1           3.153       243280        60820
      121640            2           1.741       486560       121640
      121640            4           3.115       973120       243280
      121640            8           5.138      1946240       486560
      121640           16           9.137      3892480       973120
      121640           32          17.660      7784960      1946240
      121640           64          34.618     15569920      3892480
      121640          128          67.970     31139840      7784960
      133800            1           3.160       267600        66900
      133800            2           2.070       535200       133800
      133800            4           3.330      1070400       267600
      133800            8           5.792      2140800       535200
      133800           16          10.523      4281600      1070400
      133800           32          19.868      8563200      2140800
      133800           64          38.837     17126400      4281600
      133800          128          76.646     34252800      8563200
      147160            1           2.892       294320        73580
      147160            2           1.945       588640       147160
      147160            4           3.690      1177280       294320
      147160            8           6.340      2354560       588640
      147160           16          11.734      4709120      1177280
      147160           32          22.450      9418240      2354560
      147160           64          45.180     18836480      4709120
      147160          128          89.553     37672960      9418240
      161840            1           3.252       323680        80920
      161840            2           1.611       647360       161840
      161840            4           2.358      1294720       323680
      161840            8           3.868      2589440       647360
      161840           16           6.873      5178880      1294720
      161840           32          13.201     10357760      2589440
      161840           64          25.614     20715520      5178880
      161840          128          50.176     41431040     10357760
      178000            1           3.008       356000        89000
      178000            2           1.985       712000       178000
      178000            4           2.974      1424000       356000
      178000            8           5.053      2848000       712000
      178000           16           9.592      5696000      1424000
      178000           32          18.313     11392000      2848000
      178000           64          35.655     22784000      5696000
      178000          128          70.441     45568000     11392000
      195800            1           3.695       391600        97900
      195800            2           2.087       783200       195800
      195800            4           3.296      1566400       391600
      195800            8           5.773      3132800       783200
      195800           16          10.809      6265600      1566400
      195800           32          20.531     12531200      3132800
      195800           64          40.559     25062400      6265600
      195800          128          80.255     50124800     12531200
      215360            1           3.822       430720       107680
      215360            2           2.243       861440       215360
      215360            4           3.797      1722880       430720
      215360            8           6.613      3445760       861440
      215360           16          12.265      6891520      1722880
      215360           32          23.919     13783040      3445760
      215360           64          46.925     27566080      6891520
      215360          128          93.330     55132160     13783040
      236880            1           4.989       473760       118440
      236880            2           2.249       947520       236880
      236880            4           3.974      1895040       473760
      236880            8           7.295      3790080       947520
      236880           16          13.623      7580160      1895040
      236880           32          26.434     15160320      3790080
      236880           64          51.743     30320640      7580160
      236880          128         102.634     60641280     15160320
      260560            1           4.264       521120       130280
      260560            2           2.548      1042240       260560
      260560            4           4.456      2084480       521120
      260560            8           7.835      4168960      1042240
      260560           16          14.700      8337920      2084480
      260560           32          28.782     16675840      4168960
      260560           64          56.594     33351680      8337920
      286600            1           4.583       573200       143300
      286600            2           2.697      1146400       286600
      286600            4           4.778      2292800       573200
      286600            8           8.752      4585600      1146400
      286600           16          16.315      9171200      2292800
      286600           32          31.465     18342400      4585600
      286600           64          62.271     36684800      9171200
      315240            1           5.399       630480       157620
      315240            2           3.210      1260960       315240
      315240            4           5.350      2521920       630480
      315240            8           9.639      5043840      1260960
      315240           16          17.910     10087680      2521920
      315240           32          34.688     20175360      5043840
      315240           64          68.599     40350720     10087680
      346760            1           6.008       693520       173380
      346760            2           3.399      1387040       346760
      346760            4           5.832      2774080       693520
      346760            8          10.425      5548160      1387040
      346760           16          19.454     11096320      2774080
      346760           32          37.910     22192640      5548160
      346760           64          74.833     44385280     11096320
      381400            1           6.265       762800       190700
      381400            2           3.727      1525600       381400
      381400            4           6.276      3051200       762800
      381400            8          11.304      6102400      1525600
      381400           16          21.390     12204800      3051200
      381400           32          41.847     24409600      6102400
      381400           64          82.415     48819200     12204800
      419520            1           6.028       839040       209760
      419520            2           4.151      1678080       419520
      419520            4           6.891      3356160       839040
      419520            8          12.454      6712320      1678080
      419520           16          23.561     13424640      3356160
      419520           32          45.838     26849280      6712320
      419520           64          90.706     53698560     13424640
      461440            1           7.806       922880       230720
      461440            2           4.436      1845760       461440
      461440            4           7.475      3691520       922880
      461440            8          13.549      7383040      1845760
      461440           16          25.910     14766080      3691520
      461440           32          50.632     29532160      7383040
      461440           64         100.092     59064320     14766080
      507560            1           8.553      1015120       253780
      507560            2           4.802      2030240       507560
      507560            4           8.246      4060480      1015120
      507560            8          14.878      8120960      2030240
      507560           16          28.607     16241920      4060480
      507560           32          55.891     32483840      8120960
      558280            1           8.557      1116560       279140
      558280            2           4.927      2233120       558280
      558280            4           8.908      4466240      1116560
      558280            8          16.390      8932480      2233120
      558280           16          31.342     17864960      4466240
      558280           32          61.398     35729920      8932480
      614080            1           9.670      1228160       307040
      614080            2           5.816      2456320       614080
      614080            4           9.728      4912640      1228160
      614080            8          17.876      9825280      2456320
      614080           16          34.346     19650560      4912640
      614080           32          67.111     39301120      9825280
      675480            1          11.492      1350960       337740
      675480            2           6.001      2701920       675480
      675480            4          10.895      5403840      1350960
      675480            8          19.773     10807680      2701920
      675480           16          37.748     21615360      5403840
      675480           32          77.661     43230720     10807680
      743000            1          13.089      1486000       371500
      743000            2           6.565      2972000       743000
      743000            4          11.755      5944000      1486000
      743000            8          21.521     11888000      2972000
      743000           16          41.222     23776000      5944000
      743000           32          80.317     47552000     11888000
      817280            1          12.592      1634560       408640
      817280            2           7.379      3269120       817280
      817280            4          12.822      6538240      1634560
      817280            8          23.709     13076480      3269120
      817280           16          45.186     26152960      6538240
      817280           32          88.238     52305920     13076480
      899000            1          15.542      1798000       449500
      899000            2           8.054      3596000       899000
      899000            4          13.932      7192000      1798000
      899000            8          25.948     14384000      3596000
      899000           16          49.928     28768000      7192000
      899000           32          98.026     57536000     14384000
      988880            1          15.580      1977760       494440
      988880            2           8.567      3955520       988880
      988880            4          15.779      7911040      1977760
      988880            8          28.643     15822080      3955520
      988880           16          54.436     31644160      7911040
     1087760            1          17.716      2175520       543880
     1087760            2           9.873      4351040      1087760
     1087760            4          17.046      8702080      2175520
     1087760            8          31.173     17404160      4351040
     1087760           16          59.846     34808320      8702080
     1196520            1          19.724      2393040       598260
     1196520            2          16.471      4786080      1196520
     1196520            4          27.330      9572160      2393040
     1196520            8          41.762     19144320      4786080
     1196520           16          66.440     38288640      9572160
     1316160            1          20.142      2632320       658080
     1316160            2          11.702      5264640      1316160
     1316160            4          20.245     10529280      2632320
     1316160            8          37.829     21058560      5264640
     1316160           16          72.363     42117120     10529280
     1447760            1          22.184      2895520       723880
     1447760            2          12.356      5791040      1447760
     1447760            4          22.256     11582080      2895520
     1447760            8          41.152     23164160      5791040
     1447760           16          79.406     46328320     11582080
     1592520            1          24.442      3185040       796260
     1592520            2          13.747      6370080      1592520
     1592520            4          24.607     12740160      3185040
     1592520            8          45.260     25480320      6370080
     1592520           16          87.443     50960640     12740160
     1751760            1          28.429      3503520       875880
     1751760            2          14.939      7007040      1751760
     1751760            4          26.789     14014080      3503520
     1751760            8          49.811     28028160      7007040
     1751760           16          96.172     56056320     14014080
     1926920            1          31.251      3853840       963460
     1926920            2          16.750      7707680      1926920
     1926920            4          29.244     15415360      3853840
     1926920            8          54.579     30830720      7707680
     1926920           16         130.153     61661440     15415360
     2119600            1          43.681      4239200      1059800
     2119600            2          38.139      8478400      2119600
     2119600            4          47.778     16956800      4239200
     2119600            8          87.638     33913600      8478400
     2331560            1          40.722      4663120      1165780
     2331560            2          30.807      9326240      2331560
     2331560            4          46.512     18652480      4663120
     2331560            8          78.407     37304960      9326240
     2564680            1          39.974      5129360      1282340
     2564680            2          26.497     10258720      2564680
     2564680            4          43.954     20517440      5129360
     2564680            8          79.339     41034880     10258720
     2821120            1          49.885      5642240      1410560
     2821120            2          29.322     11284480      2821120
     2821120            4          47.114     22568960      5642240
     2821120            8          86.578     45137920     11284480
     3103200            1          45.996      6206400      1551600
     3103200            2          31.574     12412800      3103200
     3103200            4          67.366     24825600      6206400
     3103200            8         193.280     49651200     12412800
     3413520            1          88.314      6827040      1706760
     3413520            2          34.563     13654080      3413520
     3413520            4          52.519     27308160      6827040
     3413520            8          98.570     54616320     13654080
     3754840            1          54.545      7509680      1877420
     3754840            2          37.611     15019360      3754840
     3754840            4          61.245     30038720      7509680
     3754840            8         110.172     60077440     15019360
     4130320            1          58.870      8260640      2065160
     4130320            2          54.772     16521280      4130320
     4130320            4          71.014     33042560      8260640
     4543320            1          59.484      9086640      2271660
     4543320            2          52.685     18173280      4543320
     4543320            4          80.037     36346560      9086640
     4997640            1          71.448      9995280      2498820
     4997640            2          61.109     19990560      4997640
     4997640            4          92.344     39981120      9995280
     5497400            1          89.772     10994800      2748700
     5497400            2         107.492     21989600      5497400
     5497400            4         106.365     43979200     10994800
     6047120            1          75.335     12094240      3023560
     6047120            2          86.100     24188480      6047120
     6047120            4         127.290     48376960     12094240
     6651800            1          76.997     13303600      3325900
     6651800            2         121.143     26607200      6651800
     6651800            4         151.887     53214400     13303600
     7316960            1          81.606     14633920      3658480
     7316960            2         118.375     29267840      7316960
     7316960            4         177.617     58535680     14633920
     8048640            1          87.809     16097280      4024320
     8048640            2         138.797     32194560      8048640
     8853480            1          99.753     17706960      4426740
     8853480            2         156.469     35413920      8853480
     9738800            1         102.660     19477600      4869400
     9738800            2         172.589     38955200      9738800
    10712680            1         118.808     21425360      5356340
    10712680            2         192.915     42850720     10712680
    11783920            1         132.228     23567840      5891960
    11783920            2         212.191     47135680     11783920
    12962280            1         138.968     25924560      6481140
    12962280            2         241.288     51849120     12962280
    14258480            1         157.950     28516960      7129240
    14258480            2         261.631     57033920     14258480
    15684320            1         176.114     31368640      7842160
    17252720            1         201.612     34505440      8626360
    18977960            1         241.676     37955920      9488980
    20875720            1         261.875     41751440     10437860
    22963280            1         295.698     45926560     11481640
    25259600            1         344.794     50519200     12629800
    27785560            1         405.456     55571120     13892780
    30564080            1         484.696     61128160     15282040

META_DATA
FLOPS          4
OPENMP_THREADS 5
ERT_VERSION  1.1.0
HOSTNAME  ('cirrus4.computing.clemson.edu', ['cirrus4'], ['127.0.1.1'])
UNAME  uname_result(system='Linux', node='cirrus4.computing.clemson.edu', release='5.4.0-81-generic', version='#91-Ubuntu SMP Thu Jul 15 19:09:17 UTC 2021', machine='x86_64', processor='x86_64')
TIMESTAMP_DATA  1632245416.1329796
CONFIG  {'ERT_RESULTS': ['Results.cs.clemson.edu'], 'ERT_DRIVER': ['driver1'], 'ERT_KERNEL': ['kernel1'], 'ERT_MPI': ['False'], 'ERT_MPI_CFLAGS': [], 'ERT_MPI_LDFLAGS': [], 'ERT_OPENMP': ['True'], 'ERT_OPENMP_CFLAGS': ['-fopenmp'], 'ERT_OPENMP_LDFLAGS': ['-fopenmp'], 'ERT_FLOPS': ['1,2,4'], 'ERT_ALIGN': ['32'], 'ERT_CC': ['g++'], 'ERT_CFLAGS': ['-O3', '-std=c++11', '-fstrict-aliasing', '-march=native'], 'ERT_LD': ['g++'], 'ERT_LDFLAGS': [], 'ERT_LDLIBS': [], 'ERT_PRECISION': ['FP64'], 'ERT_RUN': ['export', 'OMP_NUM_THREADS=ERT_OPENMP_THREADS;', 'export', 'OMP_PLACES=threads;', 'export', 'OMP_PROC_BIND=spread;', './ERT_CODE'], 'ERT_PROCS_THREADS': ['8'], 'ERT_MPI_PROCS': ['2,4,8'], 'ERT_OPENMP_THREADS': ['1-8'], 'ERT_NUM_EXPERIMENTS': ['5'], 'ERT_MEMORY_MAX': ['31000000'], 'ERT_WORKING_SET_MIN': ['1'], 'ERT_TRIALS_MIN': ['1'], 'ERT_GNUPLOT': ['gnuplot'], 'ERT_GPU': [False], 'ERT_HIP': [False], 'ERT_OCL': [False], 'ERT_SYCL': [False], 'ERT_WSS_MULT': [1.1]}
