fp64
          40            1           0.879           80           20
          40            2           0.463          160           40
          40            4           0.609          320           80
          40            8           0.612          640          160
          40           16           0.581         1280          320
          40           32           0.528         2560          640
          40           64           0.513         5120         1280
          40          128           0.955        10240         2560
          40          256           1.366        20480         5120
          40          512           2.305        40960        10240
          40         1024           4.020        81920        20480
          40         2048           7.387       163840        40960
          40         4096          14.416       327680        81920
          40         8192          28.736       655360       163840
          40        16384          56.965      1310720       327680
          40        32768         113.377      2621440       655360
          40        65536         226.183      5242880      1310720
          40       131072         452.220     10485760      2621440
          40       262144         911.518     20971520      5242880
          40       524288        1855.490     41943040     10485760
          80            1           0.679          160           40
          80            2           0.282          320           80
          80            4           0.465          640          160
          80            8           0.490         1280          320
          80           16           0.440         2560          640
          80           32           0.584         5120         1280
          80           64           0.780        10240         2560
          80          128           0.831        20480         5120
          80          256           1.433        40960        10240
          80          512           2.174        81920        20480
          80         1024           3.837       163840        40960
          80         2048           7.603       327680        81920
          80         4096          14.487       655360       163840
          80         8192          28.823      1310720       327680
          80        16384          57.011      2621440       655360
          80        32768         113.456      5242880      1310720
          80        65536         226.379     10485760      2621440
          80       131072         452.159     20971520      5242880
          80       262144         910.582     41943040     10485760
         120            1           0.788          240           60
         120            2           0.443          480          120
         120            4           0.442          960          240
         120            8           0.505         1920          480
         120           16           0.583         3840          960
         120           32           0.607         7680         1920
         120           64           0.726        15360         3840
         120          128           0.971        30720         7680
         120          256           1.339        61440        15360
         120          512           2.338       122880        30720
         120         1024           4.082       245760        61440
         120         2048           7.750       491520       122880
         120         4096          14.771       983040       245760
         120         8192          29.167      1966080       491520
         120        16384          58.072      3932160       983040
         120        32768         115.400      7864320      1966080
         120        65536         230.565     15728640      3932160
         120       131072         460.737     31457280      7864320
         160            1           0.530          320           80
         160            2           0.485          640          160
         160            4           0.513         1280          320
         160            8           0.569         2560          640
         160           16           0.619         5120         1280
         160           32           0.613        10240         2560
         160           64           0.711        20480         5120
         160          128           0.905        40960        10240
         160          256           1.460        81920        20480
         160          512           2.123       163840        40960
         160         1024           4.100       327680        81920
         160         2048           7.760       655360       163840
         160         4096          15.221      1310720       327680
         160         8192          30.143      2621440       655360
         160        16384          59.609      5242880      1310720
         160        32768         118.541     10485760      2621440
         160        65536         236.536     20971520      5242880
         160       131072         392.154     41943040     10485760
         200            1           0.455          400          100
         200            2           0.375          800          200
         200            4           0.487         1600          400
         200            8           0.569         3200          800
         200           16           0.504         6400         1600
         200           32           0.458        12800         3200
         200           64           0.671        25600         6400
         200          128           0.834        51200        12800
         200          256           1.035       102400        25600
         200          512           1.814       204800        51200
         200         1024           3.085       409600       102400
         200         2048           5.790       819200       204800
         200         4096          11.506      1638400       409600
         200         8192          22.481      3276800       819200
         200        16384          44.579      6553600      1638400
         200        32768          88.371     13107200      3276800
         200        65536         191.815     26214400      6553600
         200       131072         351.691     52428800     13107200
         240            1           0.643          480          120
         240            2           0.235          960          240
         240            4           0.502         1920          480
         240            8           0.544         3840          960
         240           16           0.485         7680         1920
         240           32           0.449        15360         3840
         240           64           0.588        30720         7680
         240          128           0.856        61440        15360
         240          256           1.084       122880        30720
         240          512           1.753       245760        61440
         240         1024           3.239       491520       122880
         240         2048           5.858       983040       245760
         240         4096          11.392      1966080       491520
         240         8192          22.444      3932160       983040
         240        16384          44.453      7864320      1966080
         240        32768          99.616     15728640      3932160
         240        65536         176.207     31457280      7864320
         280            1           0.437          560          140
         280            2           0.401         1120          280
         280            4           0.541         2240          560
         280            8           0.352         4480         1120
         280           16           0.470         8960         2240
         280           32           0.554        17920         4480
         280           64           0.545        35840         8960
         280          128           0.608        71680        17920
         280          256           1.184       143360        35840
         280          512           1.871       286720        71680
         280         1024           3.079       573440       143360
         280         2048           5.884      1146880       286720
         280         4096          11.494      2293760       573440
         280         8192          22.518      4587520      1146880
         280        16384          44.284      9175040      2293760
         280        32768          88.770     18350080      4587520
         280        65536         176.113     36700160      9175040
         320            1           0.723          640          160
         320            2           0.524         1280          320
         320            4           0.527         2560          640
         320            8           0.438         5120         1280
         320           16           0.442        10240         2560
         320           32           0.532        20480         5120
         320           64           0.591        40960        10240
         320          128           0.804        81920        20480
         320          256           1.106       163840        40960
         320          512           1.806       327680        81920
         320         1024           3.227       655360       163840
         320         2048           6.283      1310720       327680
         320         4096          11.784      2621440       655360
         320         8192          23.346      5242880      1310720
         320        16384          46.185     10485760      2621440
         320        32768          92.057     20971520      5242880
         320        65536         183.819     41943040     10485760
         360            1           0.803          720          180
         360            2           0.504         1440          360
         360            4           0.563         2880          720
         360            8           0.624         5760         1440
         360           16           0.521        11520         2880
         360           32           0.560        23040         5760
         360           64           0.552        46080        11520
         360          128           0.883        92160        23040
         360          256           1.191       184320        46080
         360          512           1.849       368640        92160
         360         1024           3.278       737280       184320
         360         2048           6.063      1474560       368640
         360         4096          11.944      2949120       737280
         360         8192          23.380      5898240      1474560
         360        16384          46.316     11796480      2949120
         360        32768          92.285     23592960      5898240
         360        65536         183.931     47185920     11796480
         400            1           0.569          800          200
         400            2           0.432         1600          400
         400            4           0.496         3200          800
         400            8           0.479         6400         1600
         400           16           0.527        12800         3200
         400           32           0.604        25600         6400
         400           64           0.761        51200        12800
         400          128           0.736       102400        25600
         400          256           1.098       204800        51200
         400          512           1.859       409600       102400
         400         1024           3.345       819200       204800
         400         2048           6.074      1638400       409600
         400         4096          28.682      3276800       819200
         400         8192          33.058      6553600      1638400
         400        16384          59.259     13107200      3276800
         400        32768         104.105     26214400      6553600
         400        65536         208.467     52428800     13107200
         440            1           0.506          880          220
         440            2           0.414         1760          440
         440            4           0.650         3520          880
         440            8           0.582         7040         1760
         440           16           0.572        14080         3520
         440           32           0.550        28160         7040
         440           64           0.715        56320        14080
         440          128           0.778       112640        28160
         440          256           1.093       225280        56320
         440          512           1.965       450560       112640
         440         1024           3.641       901120       225280
         440         2048          15.685      1802240       450560
         440         4096          13.342      3604480       901120
         440         8192          26.402      7208960      1802240
         440        16384          52.285     14417920      3604480
         440        32768         104.225     28835840      7208960
         440        65536         207.882     57671680     14417920
         480            1           0.276          960          240
         480            2           0.463         1920          480
         480            4           0.570         3840          960
         480            8           0.646         7680         1920
         480           16           0.622        15360         3840
         480           32           0.424        30720         7680
         480           64           0.684        61440        15360
         480          128           0.813       122880        30720
         480          256           1.289       245760        61440
         480          512           1.996       491520       122880
         480         1024           3.749       983040       245760
         480         2048           6.884      1966080       491520
         480         4096          13.398      3932160       983040
         480         8192          26.537      7864320      1966080
         480        16384          52.293     15728640      3932160
         480        32768         104.376     31457280      7864320
         520            1           0.274         1040          260
         520            2           0.419         2080          520
         520            4           0.487         4160         1040
         520            8           0.591         8320         2080
         520           16           0.470        16640         4160
         520           32           0.448        33280         8320
         520           64           0.562        66560        16640
         520          128           0.824       133120        33280
         520          256           1.178       266240        66560
         520          512           2.017       532480       133120
         520         1024           3.657      1064960       266240
         520         2048           6.911      2129920       532480
         520         4096          13.454      4259840      1064960
         520         8192          26.489      8519680      2129920
         520        16384          52.538     17039360      4259840
         520        32768         117.139     34078720      8519680
         560            1           0.393         1120          280
         560            2           0.453         2240          560
         560            4           0.522         4480         1120
         560            8           0.448         8960         2240
         560           16           0.715        17920         4480
         560           32           0.670        35840         8960
         560           64           0.606        71680        17920
         560          128           0.962       143360        35840
         560          256           1.153       286720        71680
         560          512           2.153       573440       143360
         560         1024           3.686      1146880       286720
         560         2048           6.954      2293760       573440
         560         4096          13.398      4587520      1146880
         560         8192          26.491      9175040      2293760
         560        16384          52.289     18350080      4587520
         560        32768         104.265     36700160      9175040
         600            1           0.445         1200          300
         600            2           0.353         2400          600
         600            4           0.419         4800         1200
         600            8           0.445         9600         2400
         600           16           0.413        19200         4800
         600           32           0.588        38400         9600
         600           64           0.805        76800        19200
         600          128           0.901       153600        38400
         600          256           1.252       307200        76800
         600          512           2.068       614400       153600
         600         1024           3.681      1228800       307200
         600         2048           6.932      2457600       614400
         600         4096          13.595      4915200      1228800
         600         8192          26.484      9830400      2457600
         600        16384          52.656     19660800      4915200
         600        32768         104.755     39321600      9830400
         640            1           0.765         1280          320
         640            2           0.421         2560          640
         640            4           0.607         5120         1280
         640            8           0.519        10240         2560
         640           16           0.628        20480         5120
         640           32           0.426        40960        10240
         640           64           0.574        81920        20480
         640          128           0.935       163840        40960
         640          256           1.325       327680        81920
         640          512           2.057       655360       163840
         640         1024           3.705      1310720       327680
         640         2048           6.902      2621440       655360
         640         4096          13.556      5242880      1310720
         640         8192          26.468     10485760      2621440
         640        16384          52.388     20971520      5242880
         640        32768         104.805     41943040     10485760
         680            1           0.767         1360          340
         680            2           0.501         2720          680
         680            4           0.465         5440         1360
         680            8           0.442        10880         2720
         680           16           0.535        21760         5440
         680           32           0.439        43520        10880
         680           64           0.590        87040        21760
         680          128           1.017       174080        43520
         680          256           1.267       348160        87040
         680          512           2.046       696320       174080
         680         1024           3.724      1392640       348160
         680         2048           6.882      2785280       696320
         680         4096          13.600      5570560      1392640
         680         8192          26.372     11141120      2785280
         680        16384          52.272     22282240      5570560
         680        32768         104.591     44564480     11141120
         720            1           0.686         1440          360
         720            2           0.495         2880          720
         720            4           0.419         5760         1440
         720            8           0.496        11520         2880
         720           16           0.481        23040         5760
         720           32           0.642        46080        11520
         720           64           0.556        92160        23040
         720          128           0.732       184320        46080
         720          256           1.188       368640        92160
         720          512           2.012       737280       184320
         720         1024           3.711      1474560       368640
         720         2048           7.039      2949120       737280
         720         4096          13.555      5898240      1474560
         720         8192          26.814     11796480      2949120
         720        16384          53.359     23592960      5898240
         720        32768         107.049     47185920     11796480
         760            1           0.248         1520          380
         760            2           0.698         3040          760
         760            4           0.473         6080         1520
         760            8           0.491        12160         3040
         760           16           0.448        24320         6080
         760           32           0.510        48640        12160
         760           64           0.745        97280        24320
         760          128           0.842       194560        48640
         760          256           1.352       389120        97280
         760          512           2.113       778240       194560
         760         1024           3.945      1556480       389120
         760         2048           7.253      3112960       778240
         760         4096          14.394      6225920      1556480
         760         8192          28.455     12451840      3112960
         760        16384          56.692     24903680      6225920
         760        32768         112.942     49807360     12451840
         800            1           0.272         1600          400
         800            2           0.563         3200          800
         800            4           0.598         6400         1600
         800            8           0.513        12800         3200
         800           16           0.534        25600         6400
         800           32           0.438        51200        12800
         800           64           0.607       102400        25600
         800          128           0.839       204800        51200
         800          256           1.224       409600       102400
         800          512           1.985       819200       204800
         800         1024           3.576      1638400       409600
         800         2048           6.982      3276800       819200
         800         4096          13.399      6553600      1638400
         800         8192          26.381     13107200      3276800
         800        16384          52.256     26214400      6553600
         800        32768         104.222     52428800     13107200
         880            1           0.493         1760          440
         880            2           0.269         3520          880
         880            4           0.586         7040         1760
         880            8           0.623        14080         3520
         880           16           0.569        28160         7040
         880           32           0.562        56320        14080
         880           64           0.713       112640        28160
         880          128           0.905       225280        56320
         880          256           1.403       450560       112640
         880          512           2.261       901120       225280
         880         1024           3.820      1802240       450560
         880         2048           7.532      3604480       901120
         880         4096          14.640      7208960      1802240
         880         8192          28.796     14417920      3604480
         880        16384          57.481     28835840      7208960
         880        32768         114.789     57671680     14417920
         960            1           0.386         1920          480
         960            2           0.290         3840          960
         960            4           0.379         7680         1920
         960            8           0.551        15360         3840
         960           16           0.542        30720         7680
         960           32           0.544        61440        15360
         960           64           0.523       122880        30720
         960          128           0.867       245760        61440
         960          256           1.335       491520       122880
         960          512           2.140       983040       245760
         960         1024           3.727      1966080       491520
         960         2048           7.012      3932160       983040
         960         4096          13.650      7864320      1966080
         960         8192          26.897     15728640      3932160
         960        16384          53.616     31457280      7864320
        1040            1           0.368         2080          520
        1040            2           0.257         4160         1040
        1040            4           0.398         8320         2080
        1040            8           0.644        16640         4160
        1040           16           0.389        33280         8320
        1040           32           0.595        66560        16640
        1040           64           0.745       133120        33280
        1040          128           1.024       266240        66560
        1040          256           1.308       532480       133120
        1040          512           2.238      1064960       266240
        1040         1024           4.083      2129920       532480
        1040         2048           7.990      4259840      1064960
        1040         4096          15.618      8519680      2129920
        1040         8192          31.103     17039360      4259840
        1040        16384          61.739     34078720      8519680
        1120            1           0.267         2240          560
        1120            2           0.589         4480         1120
        1120            4           0.589         8960         2240
        1120            8           0.609        17920         4480
        1120           16           0.454        35840         8960
        1120           32           0.517        71680        17920
        1120           64           0.811       143360        35840
        1120          128           0.892       286720        71680
        1120          256           1.253       573440       143360
        1120          512           2.228      1146880       286720
        1120         1024           3.779      2293760       573440
        1120         2048           7.234      4587520      1146880
        1120         4096          13.964      9175040      2293760
        1120         8192          27.624     18350080      4587520
        1120        16384          54.840     36700160      9175040
        1200            1           0.463         2400          600
        1200            2           0.278         4800         1200
        1200            4           0.461         9600         2400
        1200            8           0.491        19200         4800
        1200           16           0.537        38400         9600
        1200           32           0.464        76800        19200
        1200           64           0.654       153600        38400
        1200          128           0.842       307200        76800
        1200          256           1.357       614400       153600
        1200          512           2.278      1228800       307200
        1200         1024           4.412      2457600       614400
        1200         2048           8.158      4915200      1228800
        1200         4096          15.944      9830400      2457600
        1200         8192          31.534     19660800      4915200
        1200        16384          62.772     39321600      9830400
        1320            1           0.781         2640          660
        1320            2           0.432         5280         1320
        1320            4           0.554        10560         2640
        1320            8           0.485        21120         5280
        1320           16           0.506        42240        10560
        1320           32           0.430        84480        21120
        1320           64           0.723       168960        42240
        1320          128           0.840       337920        84480
        1320          256           1.340       675840       168960
        1320          512           2.329      1351680       337920
        1320         1024           4.273      2703360       675840
        1320         2048           8.249      5406720      1351680
        1320         4096          16.151     10813440      2703360
        1320         8192          32.077     21626880      5406720
        1320        16384          63.923     43253760     10813440
        1440            1           0.415         2880          720
        1440            2           0.434         5760         1440
        1440            4           0.574        11520         2880
        1440            8           0.486        23040         5760
        1440           16           0.476        46080        11520
        1440           32           0.541        92160        23040
        1440           64           0.616       184320        46080
        1440          128           0.996       368640        92160
        1440          256           1.383       737280       184320
        1440          512           2.395      1474560       368640
        1440         1024           4.325      2949120       737280
        1440         2048           8.207      5898240      1474560
        1440         4096          16.150     11796480      2949120
        1440         8192          31.718     23592960      5898240
        1440        16384          78.968     47185920     11796480
        1560            1           1.056         3120          780
        1560            2           0.602         6240         1560
        1560            4           0.480        12480         3120
        1560            8           0.610        24960         6240
        1560           16           0.415        49920        12480
        1560           32           0.598        99840        24960
        1560           64           0.807       199680        49920
        1560          128           0.984       399360        99840
        1560          256           1.605       798720       199680
        1560          512           2.925      1597440       399360
        1560         1024           5.366      3194880       798720
        1560         2048          10.398      6389760      1597440
        1560         4096          20.322     12779520      3194880
        1560         8192          40.486     25559040      6389760
        1560        16384          80.653     51118080     12779520
        1680            1           0.696         3360          840
        1680            2           0.459         6720         1680
        1680            4           0.619        13440         3360
        1680            8           0.421        26880         6720
        1680           16           0.549        53760        13440
        1680           32           0.613       107520        26880
        1680           64           0.737       215040        53760
        1680          128           0.986       430080       107520
        1680          256           1.713       860160       215040
        1680          512           2.879      1720320       430080
        1680         1024           5.457      3440640       860160
        1680         2048          10.562      6881280      1720320
        1680         4096          20.874     13762560      3440640
        1680         8192          41.416     27525120      6881280
        1680        16384          82.571     55050240     13762560
        1840            1           1.006         3680          920
        1840            2           0.471         7360         1840
        1840            4           0.401        14720         3680
        1840            8           0.514        29440         7360
        1840           16           0.474        58880        14720
        1840           32           0.664       117760        29440
        1840           64           0.766       235520        58880
        1840          128           1.092       471040       117760
        1840          256           1.714       942080       235520
        1840          512           3.129      1884160       471040
        1840         1024           5.979      3768320       942080
        1840         2048          11.331      7536640      1884160
        1840         4096          22.314     15073280      3768320
        1840         8192          44.329     30146560      7536640
        1840        16384          88.166     60293120     15073280
        2000            1           0.921         4000         1000
        2000            2           0.453         8000         2000
        2000            4           0.551        16000         4000
        2000            8           0.558        32000         8000
        2000           16           0.673        64000        16000
        2000           32           0.613       128000        32000
        2000           64           0.776       256000        64000
        2000          128           1.235       512000       128000
        2000          256           1.844      1024000       256000
        2000          512           3.369      2048000       512000
        2000         1024           6.232      4096000      1024000
        2000         2048          12.195      8192000      2048000
        2000         4096          24.087     16384000      4096000
        2000         8192          47.658     32768000      8192000
        2200            1           0.515         4400         1100
        2200            2           0.457         8800         2200
        2200            4           0.677        17600         4400
        2200            8           0.597        35200         8800
        2200           16           0.595        70400        17600
        2200           32           0.725       140800        35200
        2200           64           1.116       281600        70400
        2200          128           1.833       563200       140800
        2200          256           3.236      1126400       281600
        2200          512           6.360      2252800       563200
        2200         1024          11.203      4505600      1126400
        2200         2048          21.468      9011200      2252800
        2200         4096          33.733     18022400      4505600
        2200         8192          52.970     36044800      9011200
        2400            1           0.491         4800         1200
        2400            2           0.417         9600         2400
        2400            4           0.574        19200         4800
        2400            8           0.507        38400         9600
        2400           16           0.450        76800        19200
        2400           32           0.604       153600        38400
        2400           64           0.755       307200        76800
        2400          128           1.194       614400       153600
        2400          256           1.991      1228800       307200
        2400          512           4.861      2457600       614400
        2400         1024           9.838      4915200      1228800
        2400         2048          19.311      9830400      2457600
        2400         4096          35.091     19660800      4915200
        2400         8192          69.413     39321600      9830400
        2640            1           0.752         5280         1320
        2640            2           0.413        10560         2640
        2640            4           0.624        21120         5280
        2640            8           0.522        42240        10560
        2640           16           0.585        84480        21120
        2640           32           0.681       168960        42240
        2640           64           0.894       337920        84480
        2640          128           1.296       675840       168960
        2640          256           2.195      1351680       337920
        2640          512           3.972      2703360       675840
        2640         1024           7.707      5406720      1351680
        2640         2048          17.662     10813440      2703360
        2640         4096          41.142     21626880      5406720
        2640         8192          76.673     43253760     10813440
        2880            1           1.148         5760         1440
        2880            2           0.475        11520         2880
        2880            4           0.572        23040         5760
        2880            8           0.552        46080        11520
        2880           16           0.619        92160        23040
        2880           32           0.679       184320        46080
        2880           64           1.075       368640        92160
        2880          128           1.538       737280       184320
        2880          256           2.176      1474560       368640
        2880          512           3.889      2949120       737280
        2880         1024           7.531      5898240      1474560
        2880         2048          27.323     11796480      2949120
        2880         4096          32.863     23592960      5898240
        2880         8192          59.406     47185920     11796480
        3160            1           1.040         6320         1580
        3160            2           0.461        12640         3160
        3160            4           0.556        25280         6320
        3160            8           0.604        50560        12640
        3160           16           0.697       101120        25280
        3160           32           0.683       202240        50560
        3160           64           1.174       404480       101120
        3160          128           2.908       808960       202240
        3160          256           3.933      1617920       404480
        3160          512           7.123      3235840       808960
        3160         1024          13.534      6471680      1617920
        3160         2048          27.634     12943360      3235840
        3160         4096          54.644     25886720      6471680
        3160         8192         107.592     51773440     12943360
        3440            1           0.813         6880         1720
        3440            2           0.433        13760         3440
        3440            4           0.454        27520         6880
        3440            8           0.522        55040        13760
        3440           16           0.531       110080        27520
        3440           32           0.779       220160        55040
        3440           64           0.942       440320       110080
        3440          128           1.535       880640       220160
        3440          256           2.723      1761280       440320
        3440          512           4.942      3522560       880640
        3440         1024           9.480      7045120      1761280
        3440         2048          18.440     14090240      3522560
        3440         4096          36.682     28180480      7045120
        3440         8192          73.047     56360960     14090240
        3760            1           0.597         7520         1880
        3760            2           0.440        15040         3760
        3760            4           0.711        30080         7520
        3760            8           0.633        60160        15040
        3760           16           0.737       120320        30080
        3760           32           0.743       240640        60160
        3760           64           1.064       481280       120320
        3760          128           1.659       962560       240640
        3760          256           3.018      1925120       481280
        3760          512           5.347      3850240       962560
        3760         1024          10.176      7700480      1925120
        3760         2048          19.974     15400960      3850240
        3760         4096          39.667     30801920      7700480
        3760         8192          79.032     61603840     15400960
        4120            1           0.583         8240         2060
        4120            2           0.497        16480         4120
        4120            4           0.551        32960         8240
        4120            8           0.683        65920        16480
        4120           16           0.665       131840        32960
        4120           32           0.777       263680        65920
        4120           64           1.141       527360       131840
        4120          128           1.730      1054720       263680
        4120          256           3.123      2109440       527360
        4120          512           5.806      4218880      1054720
        4120         1024          11.280      8437760      2109440
        4120         2048          22.372     16875520      4218880
        4120         4096          43.887     33751040      8437760
        4520            1           0.432         9040         2260
        4520            2           0.514        18080         4520
        4520            4           0.581        36160         9040
        4520            8           0.669        72320        18080
        4520           16           0.783       144640        36160
        4520           32           0.832       289280        72320
        4520           64           1.185       578560       144640
        4520          128           1.987      1157120       289280
        4520          256           3.184      2314240       578560
        4520          512           5.984      4628480      1157120
        4520         1024          11.728      9256960      2314240
        4520         2048         102.172     18513920      4628480
        4520         4096          45.480     37027840      9256960
        4960            1           0.368         9920         2480
        4960            2           0.365        19840         4960
        4960            4           0.611        39680         9920
        4960            8           0.571        79360        19840
        4960           16           0.628       158720        39680
        4960           32           0.798       317440        79360
        4960           64           1.193       634880       158720
        4960          128           1.881      1269760       317440
        4960          256           3.423      2539520       634880
        4960          512           6.446      5079040      1269760
        4960         1024          12.299     10158080      2539520
        4960         2048          24.283     20316160      5079040
        4960         4096          48.266     40632320     10158080
        5440            1           0.956        10880         2720
        5440            2           0.369        21760         5440
        5440            4           0.633        43520        10880
        5440            8           0.492        87040        21760
        5440           16           0.790       174080        43520
        5440           32           0.932       348160        87040
        5440           64           1.386       696320       174080
        5440          128           2.462      1392640       348160
        5440          256           4.406      2785280       696320
        5440          512           8.447      5570560      1392640
        5440         1024          16.355     11141120      2785280
        5440         2048          32.324     22282240      5570560
        5440         4096          64.358     44564480     11141120
        5960            1           0.365        11920         2980
        5960            2           0.617        23840         5960
        5960            4           0.574        47680        11920
        5960            8           0.653        95360        23840
        5960           16           0.594       190720        47680
        5960           32           0.935       381440        95360
        5960           64           1.337       762880       190720
        5960          128           2.212      1525760       381440
        5960          256           4.261      3051520       762880
        5960          512           7.695      6103040      1525760
        5960         1024          15.076     12206080      3051520
        5960         2048          29.661     24412160      6103040
        5960         4096          58.980     48824320     12206080
        6520            1           0.682        13040         3260
        6520            2           0.609        26080         6520
        6520            4           0.656        52160        13040
        6520            8           0.812       104320        26080
        6520           16           0.819       208640        52160
        6520           32           1.136       417280       104320
        6520           64           1.734       834560       208640
        6520          128           2.787      1669120       417280
        6520          256           6.260      3338240       834560
        6520          512          14.374      6676480      1669120
        6520         1024          27.718     13352960      3338240
        6520         2048          38.073     26705920      6676480
        6520         4096          76.165     53411840     13352960
        7160            1           0.958        14320         3580
        7160            2           0.612        28640         7160
        7160            4           0.462        57280        14320
        7160            8           0.594       114560        28640
        7160           16           0.779       229120        57280
        7160           32           1.046       458240       114560
        7160           64           1.604       916480       229120
        7160          128           2.933      1832960       458240
        7160          256           5.597      3665920       916480
        7160          512          10.539      7331840      1832960
        7160         1024          20.730     14663680      3665920
        7160         2048          41.073     29327360      7331840
        7160         4096          82.179     58654720     14663680
        7840            1           1.165        15680         3920
        7840            2           0.461        31360         7840
        7840            4           0.687        62720        15680
        7840            8           0.697       125440        31360
        7840           16           0.799       250880        62720
        7840           32           1.015       501760       125440
        7840           64           1.687      1003520       250880
        7840          128           2.915      2007040       501760
        7840          256           5.107      4014080      1003520
        7840          512           9.930      8028160      2007040
        7840         1024          19.320     16056320      4014080
        7840         2048          38.131     32112640      8028160
        8600            1           0.357        17200         4300
        8600            2           0.481        34400         8600
        8600            4           0.587        68800        17200
        8600            8           0.661       137600        34400
        8600           16           0.774       275200        68800
        8600           32           1.026       550400       137600
        8600           64           1.880      1100800       275200
        8600          128           3.073      2201600       550400
        8600          256           5.864      4403200      1100800
        8600          512          11.396      8806400      2201600
        8600         1024          22.162     17612800      4403200
        8600         2048          43.887     35225600      8806400
        9440            1           0.603        18880         4720
        9440            2           0.375        37760         9440
        9440            4           0.523        75520        18880
        9440            8           0.598       151040        37760
        9440           16           0.772       302080        75520
        9440           32           1.308       604160       151040
        9440           64           1.936      1208320       302080
        9440          128           3.324      2416640       604160
        9440          256           6.152      4833280      1208320
        9440          512          11.733      9666560      2416640
        9440         1024          23.161     19333120      4833280
        9440         2048          45.802     38666240      9666560
       10360            1           1.016        20720         5180
       10360            2           0.584        41440        10360
       10360            4           0.530        82880        20720
       10360            8           0.636       165760        41440
       10360           16           0.924       331520        82880
       10360           32           1.263       663040       165760
       10360           64           1.978      1326080       331520
       10360          128           3.622      2652160       663040
       10360          256           6.851      5304320      1326080
       10360          512          13.368     10608640      2652160
       10360         1024          26.548     21217280      5304320
       10360         2048          52.800     42434560     10608640
       11360            1           0.667        22720         5680
       11360            2           0.510        45440        11360
       11360            4           0.666        90880        22720
       11360            8           0.701       181760        45440
       11360           16           0.868       363520        90880
       11360           32           1.408       727040       181760
       11360           64           2.166      1454080       363520
       11360          128           3.824      2908160       727040
       11360          256           7.191      5816320      1454080
       11360          512          14.049     11632640      2908160
       11360         1024          27.749     23265280      5816320
       11360         2048          54.969     46530560     11632640
       12480            1           0.914        24960         6240
       12480            2           0.354        49920        12480
       12480            4           0.668        99840        24960
       12480            8           0.771       199680        49920
       12480           16           0.969       399360        99840
       12480           32           1.368       798720       199680
       12480           64           2.439      1597440       399360
       12480          128           4.587      3194880       798720
       12480          256           8.590      6389760      1597440
       12480          512          16.785     12779520      3194880
       12480         1024          33.263     25559040      6389760
       12480         2048          65.995     51118080     12779520
       13720            1           0.393        27440         6860
       13720            2           0.590        54880        13720
       13720            4           0.642       109760        27440
       13720            8           0.799       219520        54880
       13720           16           1.214       439040       109760
       13720           32           1.677       878080       219520
       13720           64           2.612      1756160       439040
       13720          128           4.839      3512320       878080
       13720          256           9.448      7024640      1756160
       13720          512          18.528     14049280      3512320
       13720         1024          36.612     28098560      7024640
       13720         2048          72.760     56197120     14049280
       15080            1           0.937        30160         7540
       15080            2           0.507        60320        15080
       15080            4           0.608       120640        30160
       15080            8           0.779       241280        60320
       15080           16           1.033       482560       120640
       15080           32           1.647       965120       241280
       15080           64           2.750      1930240       482560
       15080          128           5.028      3860480       965120
       15080          256           9.490      7720960      1930240
       15080          512          18.677     15441920      3860480
       15080         1024          37.140     30883840      7720960
       15080         2048          73.553     61767680     15441920
       16560            1           0.829        33120         8280
       16560            2           0.711        66240        16560
       16560            4           0.704       132480        33120
       16560            8           0.795       264960        66240
       16560           16           1.132       529920       132480
       16560           32           1.763      1059840       264960
       16560           64           3.089      2119680       529920
       16560          128           5.781      4239360      1059840
       16560          256          11.156      8478720      2119680
       16560          512          21.589     16957440      4239360
       16560         1024          42.923     33914880      8478720
       18200            1           0.599        36400         9100
       18200            2           0.434        72800        18200
       18200            4           0.782       145600        36400
       18200            8           0.952       291200        72800
       18200           16           1.177       582400       145600
       18200           32           1.946      1164800       291200
       18200           64           3.423      2329600       582400
       18200          128           6.247      4659200      1164800
       18200          256          12.101      9318400      2329600
       18200          512          23.829     18636800      4659200
       18200         1024          47.244     37273600      9318400
       20000            1           0.796        40000        10000
       20000            2           0.752        80000        20000
       20000            4           0.686       160000        40000
       20000            8           0.964       320000        80000
       20000           16           1.291       640000       160000
       20000           32           2.105      1280000       320000
       20000           64           3.618      2560000       640000
       20000          128           6.790      5120000      1280000
       20000          256          13.130     10240000      2560000
       20000          512          26.315     20480000      5120000
       20000         1024          52.815     40960000     10240000
       22000            1           0.809        44000        11000
       22000            2           0.467        88000        22000
       22000            4           0.722       176000        44000
       22000            8           0.886       352000        88000
       22000           16           1.322       704000       176000
       22000           32           2.241      1408000       352000
       22000           64           3.891      2816000       704000
       22000          128           7.390      5632000      1408000
       22000          256          14.421     11264000      2816000
       22000          512          28.620     22528000      5632000
       22000         1024          56.695     45056000     11264000
       24200            1           0.778        48400        12100
       24200            2           0.446        96800        24200
       24200            4           0.881       193600        48400
       24200            8           1.079       387200        96800
       24200           16           1.569       774400       193600
       24200           32           2.366      1548800       387200
       24200           64           4.313      3097600       774400
       24200          128           8.026      6195200      1548800
       24200          256          15.668     12390400      3097600
       24200          512          30.960     24780800      6195200
       24200         1024          61.343     49561600     12390400
       26600            1           0.610        53200        13300
       26600            2           0.700       106400        26600
       26600            4           0.719       212800        53200
       26600            8           0.913       425600       106400
       26600           16           1.534       851200       212800
       26600           32           2.540      1702400       425600
       26600           64           4.629      3404800       851200
       26600          128           8.723      6809600      1702400
       26600          256          16.927     13619200      3404800
       26600          512          33.367     27238400      6809600
       26600         1024          66.369     54476800     13619200
       29240            1           0.618        58480        14620
       29240            2           0.715       116960        29240
       29240            4           0.867       233920        58480
       29240            8           1.105       467840       116960
       29240           16           1.629       935680       233920
       29240           32           2.666      1871360       467840
       29240           64           4.974      3742720       935680
       29240          128           9.688      7485440      1871360
       29240          256          18.740     14970880      3742720
       29240          512          37.121     29941760      7485440
       29240         1024          73.504     59883520     14970880
       32160            1           0.920        64320        16080
       32160            2           0.660       128640        32160
       32160            4           0.828       257280        64320
       32160            8           1.147       514560       128640
       32160           16           1.753      1029120       257280
       32160           32           3.104      2058240       514560
       32160           64           5.495      4116480      1029120
       32160          128          10.448      8232960      2058240
       32160          256          20.437     16465920      4116480
       32160          512          40.483     32931840      8232960
       35360            1           1.110        70720        17680
       35360            2           0.496       141440        35360
       35360            4           0.867       282880        70720
       35360            8           1.141       565760       141440
       35360           16           1.837      1131520       282880
       35360           32           3.199      2263040       565760
       35360           64           5.908      4526080      1131520
       35360          128          11.405      9052160      2263040
       35360          256          22.207     18104320      4526080
       35360          512          43.856     36208640      9052160
       38880            1           1.161        77760        19440
       38880            2           0.690       155520        38880
       38880            4           0.990       311040        77760
       38880            8           1.359       622080       155520
       38880           16           2.042      1244160       311040
       38880           32           3.531      2488320       622080
       38880           64           6.454      4976640      1244160
       38880          128          12.618      9953280      2488320
       38880          256          24.689     19906560      4976640
       38880          512          48.790     39813120      9953280
       42760            1           1.368        85520        21380
       42760            2           0.668       171040        42760
       42760            4           1.020       342080        85520
       42760            8           1.283       684160       171040
       42760           16           2.118      1368320       342080
       42760           32           3.791      2736640       684160
       42760           64           7.136      5473280      1368320
       42760          128          13.841     10946560      2736640
       42760          256          26.814     21893120      5473280
       42760          512          53.013     43786240     10946560
       47000            1           1.439        94000        23500
       47000            2           0.688       188000        47000
       47000            4           0.956       376000        94000
       47000            8           1.478       752000       188000
       47000           16           2.251      1504000       376000
       47000           32           4.124      3008000       752000
       47000           64           7.670      6016000      1504000
       47000          128          14.887     12032000      3008000
       47000          256          29.189     24064000      6016000
       47000          512          58.002     48128000     12032000
       51680            1           1.632       103360        25840
       51680            2           0.602       206720        51680
       51680            4           1.030       413440       103360
       51680            8           1.548       826880       206720
       51680           16           2.670      1653760       413440
       51680           32           4.502      3307520       826880
       51680           64           8.380      6615040      1653760
       51680          128          16.340     13230080      3307520
       51680          256          32.103     26460160      6615040
       51680          512          63.995     52920320     13230080
       56840            1           1.350       113680        28420
       56840            2           0.668       227360        56840
       56840            4           1.072       454720       113680
       56840            8           1.669       909440       227360
       56840           16           2.775      1818880       454720
       56840           32           4.972      3637760       909440
       56840           64           9.297      7275520      1818880
       56840          128          18.037     14551040      3637760
       56840          256          35.305     29102080      7275520
       56840          512          70.052     58204160     14551040
       62520            1           1.194       125040        31260
       62520            2           0.743       250080        62520
       62520            4           1.063       500160       125040
       62520            8           1.712      1000320       250080
       62520           16           2.906      2000640       500160
       62520           32           5.294      4001280      1000320
       62520           64          10.119      8002560      2000640
       62520          128          19.512     16005120      4001280
       62520          256          38.488     32010240      8002560
       68760            1           1.175       137520        34380
       68760            2           0.956       275040        68760
       68760            4           1.329       550080       137520
       68760            8           1.920      1100160       275040
       68760           16           3.190      2200320       550080
       68760           32           5.702      4400640      1100160
       68760           64          10.952      8801280      2200320
       68760          128          21.339     17602560      4400640
       68760          256          44.755     35205120      8801280
       75600            1           2.077       151200        37800
       75600            2           1.011       302400        75600
       75600            4           1.358       604800       151200
       75600            8           2.203      1209600       302400
       75600           16           3.506      2419200       604800
       75600           32           6.267      4838400      1209600
       75600           64          12.098      9676800      2419200
       75600          128          23.525     19353600      4838400
       75600          256          46.518     38707200      9676800
       83160            1           1.812       166320        41580
       83160            2           0.992       332640        83160
       83160            4           1.431       665280       166320
       83160            8           2.185      1330560       332640
       83160           16           3.797      2661120       665280
       83160           32           6.948      5322240      1330560
       83160           64          13.184     10644480      2661120
       83160          128          25.849     21288960      5322240
       83160          256          51.229     42577920     10644480
       91440            1           1.617       182880        45720
       91440            2           1.041       365760        91440
       91440            4           1.467       731520       182880
       91440            8           2.265      1463040       365760
       91440           16           4.156      2926080       731520
       91440           32           7.738      5852160      1463040
       91440           64          14.466     11704320      2926080
       91440          128          28.591     23408640      5852160
       91440          256          56.148     46817280     11704320
      100560            1           2.327       201120        50280
      100560            2           1.008       402240       100560
      100560            4           1.574       804480       201120
      100560            8           2.513      1608960       402240
      100560           16           4.393      3217920       804480
      100560           32           8.287      6435840      1608960
      100560           64          15.842     12871680      3217920
      100560          128          30.897     25743360      6435840
      100560          256          60.974     51486720     12871680
      110600            1           2.050       221200        55300
      110600            2           1.039       442400       110600
      110600            4           1.728       884800       221200
      110600            8           2.833      1769600       442400
      110600           16           4.812      3539200       884800
      110600           32           8.903      7078400      1769600
      110600           64          17.300     14156800      3539200
      110600          128          34.028     28313600      7078400
      110600          256          67.435     56627200     14156800
      121640            1           2.392       243280        60820
      121640            2           1.263       486560       121640
      121640            4           1.809       973120       243280
      121640            8           2.942      1946240       486560
      121640           16           5.259      3892480       973120
      121640           32           9.877      7784960      1946240
      121640           64          19.062     15569920      3892480
      121640          128          37.412     31139840      7784960
      133800            1           2.625       267600        66900
      133800            2           1.245       535200       133800
      133800            4           2.014      1070400       267600
      133800            8           3.194      2140800       535200
      133800           16           5.685      4281600      1070400
      133800           32          14.509      8563200      2140800
      133800           64          27.145     17126400      4281600
      133800          128          48.248     34252800      8563200
      147160            1           2.729       294320        73580
      147160            2           1.452       588640       147160
      147160            4           2.134      1177280       294320
      147160            8           3.506      2354560       588640
      147160           16           6.283      4709120      1177280
      147160           32          11.928      9418240      2354560
      147160           64          23.126     18836480      4709120
      147160          128          45.412     37672960      9418240
      161840            1           3.025       323680        80920
      161840            2           1.720       647360       161840
      161840            4           2.297      1294720       323680
      161840            8           3.833      2589440       647360
      161840           16           6.876      5178880      1294720
      161840           32          13.259     10357760      2589440
      161840           64          25.435     20715520      5178880
      161840          128          50.069     41431040     10357760
      178000            1           3.173       356000        89000
      178000            2           1.691       712000       178000
      178000            4           2.938      1424000       356000
      178000            8           5.076      2848000       712000
      178000           16           9.476      5696000      1424000
      178000           32          18.397     11392000      2848000
      178000           64          35.984     22784000      5696000
      178000          128          71.378     45568000     11392000
      195800            1           3.473       391600        97900
      195800            2           1.990       783200       195800
      195800            4           3.375      1566400       391600
      195800            8           5.836      3132800       783200
      195800           16          10.725      6265600      1566400
      195800           32          20.933     12531200      3132800
      195800           64          40.789     25062400      6265600
      195800          128          80.940     50124800     12531200
      215360            1           3.904       430720       107680
      215360            2           2.388       861440       215360
      215360            4           3.791      1722880       430720
      215360            8           6.670      3445760       861440
      215360           16          12.435      6891520      1722880
      215360           32          24.013     13783040      3445760
      215360           64          47.210     27566080      6891520
      215360          128          93.611     55132160     13783040
      236880            1           4.304       473760       118440
      236880            2           2.626       947520       236880
      236880            4           4.259      1895040       473760
      236880            8           7.364      3790080       947520
      236880           16          13.597      7580160      1895040
      236880           32          26.184     15160320      3790080
      236880           64          51.820     30320640      7580160
      236880          128         102.450     60641280     15160320
      260560            1           4.352       521120       130280
      260560            2           2.684      1042240       260560
      260560            4           4.583      2084480       521120
      260560            8           8.036      4168960      1042240
      260560           16          15.026      8337920      2084480
      260560           32          28.890     16675840      4168960
      260560           64          56.992     33351680      8337920
      286600            1           5.220       573200       143300
      286600            2           2.868      1146400       286600
      286600            4           4.888      2292800       573200
      286600            8           8.663      4585600      1146400
      286600           16          16.177      9171200      2292800
      286600           32          31.468     18342400      4585600
      286600           64          61.650     36684800      9171200
      315240            1           4.665       630480       157620
      315240            2           2.961      1260960       315240
      315240            4           5.328      2521920       630480
      315240            8           9.564      5043840      1260960
      315240           16          17.897     10087680      2521920
      315240           32          34.595     20175360      5043840
      315240           64          68.119     40350720     10087680
      346760            1           6.101       693520       173380
      346760            2           3.452      1387040       346760
      346760            4           5.862      2774080       693520
      346760            8          10.364      5548160      1387040
      346760           16          19.625     11096320      2774080
      346760           32          38.248     22192640      5548160
      346760           64          75.179     44385280     11096320
      381400            1           7.043       762800       190700
      381400            2           3.841      1525600       381400
      381400            4           6.301      3051200       762800
      381400            8          11.405      6102400      1525600
      381400           16          21.427     12204800      3051200
      381400           32          41.621     24409600      6102400
      381400           64          82.149     48819200     12204800
      419520            1           8.207       839040       209760
      419520            2           3.991      1678080       419520
      419520            4           6.944      3356160       839040
      419520            8          12.533      6712320      1678080
      419520           16          23.638     13424640      3356160
      419520           32          45.873     26849280      6712320
      419520           64          90.372     53698560     13424640
      461440            1           7.588       922880       230720
      461440            2           4.559      1845760       461440
      461440            4           7.651      3691520       922880
      461440            8          13.622      7383040      1845760
      461440           16          25.927     14766080      3691520
      461440           32          50.522     29532160      7383040
      461440           64         114.770     59064320     14766080
      507560            1           9.187      1015120       253780
      507560            2           4.812      2030240       507560
      507560            4           8.253      4060480      1015120
      507560            8          15.079      8120960      2030240
      507560           16          28.602     16241920      4060480
      507560           32          55.500     32483840      8120960
      558280            1          10.323      1116560       279140
      558280            2           5.305      2233120       558280
      558280            4           9.009      4466240      1116560
      558280            8          16.416      8932480      2233120
      558280           16          31.225     17864960      4466240
      558280           32          61.093     35729920      8932480
      614080            1           9.994      1228160       307040
      614080            2           5.748      2456320       614080
      614080            4           9.958      4912640      1228160
      614080            8          18.000      9825280      2456320
      614080           16          34.466     19650560      4912640
      614080           32          67.193     39301120      9825280
      675480            1          10.723      1350960       337740
      675480            2           6.160      2701920       675480
      675480            4          10.752      5403840      1350960
      675480            8          19.898     10807680      2701920
      675480           16          37.612     21615360      5403840
      675480           32          73.781     43230720     10807680
      743000            1          12.612      1486000       371500
      743000            2           6.801      2972000       743000
      743000            4          11.851      5944000      1486000
      743000            8          21.685     11888000      2972000
      743000           16          41.309     23776000      5944000
      743000           32          80.591     47552000     11888000
      817280            1          12.591      1634560       408640
      817280            2           7.450      3269120       817280
      817280            4          12.902      6538240      1634560
      817280            8          23.767     13076480      3269120
      817280           16          45.097     26152960      6538240
      817280           32          87.889     52305920     13076480
      899000            1          14.458      1798000       449500
      899000            2          11.748      3596000       899000
      899000            4          19.733      7192000      1798000
      899000            8          36.291     14384000      3596000
      899000           16          71.246     28768000      7192000
      899000           32         133.148     57536000     14384000
      988880            1          21.528      1977760       494440
      988880            2          13.076      3955520       988880
      988880            4          22.799      7911040      1977760
      988880            8          42.968     15822080      3955520
      988880           16          77.297     31644160      7911040
     1087760            1          20.455      2175520       543880
     1087760            2          13.955      4351040      1087760
     1087760            4          23.323      8702080      2175520
     1087760            8          42.219     17404160      4351040
     1087760           16          79.713     34808320      8702080
     1196520            1          18.835      2393040       598260
     1196520            2          10.531      4786080      1196520
     1196520            4          18.385      9572160      2393040
     1196520            8          34.478     19144320      4786080
     1196520           16          66.366     38288640      9572160
     1316160            1          22.994      2632320       658080
     1316160            2          11.476      5264640      1316160
     1316160            4          20.308     10529280      2632320
     1316160            8          37.757     21058560      5264640
     1316160           16          72.520     42117120     10529280
     1447760            1          22.126      2895520       723880
     1447760            2          12.406      5791040      1447760
     1447760            4          22.419     11582080      2895520
     1447760            8          41.313     23164160      5791040
     1447760           16          79.765     46328320     11582080
     1592520            1          25.460      3185040       796260
     1592520            2          13.519      6370080      1592520
     1592520            4          24.488     12740160      3185040
     1592520            8          45.463     25480320      6370080
     1592520           16         113.198     50960640     12740160
     1751760            1          27.400      3503520       875880
     1751760            2          14.993      7007040      1751760
     1751760            4          26.839     14014080      3503520
     1751760            8          49.930     28028160      7007040
     1751760           16          96.268     56056320     14014080
     1926920            1          30.599      3853840       963460
     1926920            2          16.945      7707680      1926920
     1926920            4          29.489     15415360      3853840
     1926920            8          56.352     30830720      7707680
     1926920           16         108.768     61661440     15415360
     2119600            1          31.899      4239200      1059800
     2119600            2          18.326      8478400      2119600
     2119600            4          32.497     16956800      4239200
     2119600            8          60.090     33913600      8478400
     2331560            1          35.749      4663120      1165780
     2331560            2          20.252      9326240      2331560
     2331560            4          35.440     18652480      4663120
     2331560            8          66.088     37304960      9326240
     2564680            1          38.563      5129360      1282340
     2564680            2          23.341     10258720      2564680
     2564680            4          39.024     20517440      5129360
     2564680            8          72.382     41034880     10258720
     2821120            1          45.446      5642240      1410560
     2821120            2          26.918     11284480      2821120
     2821120            4          45.737     22568960      5642240
     2821120            8          83.980     45137920     11284480
     3103200            1          47.554      6206400      1551600
     3103200            2          48.041     12412800      3103200
     3103200            4          53.606     24825600      6206400
     3103200            8          90.477     49651200     12412800
     3413520            1          50.438      6827040      1706760
     3413520            2          34.651     13654080      3413520
     3413520            4          55.328     27308160      6827040
     3413520            8         102.268     54616320     13654080
     3754840            1          54.131      7509680      1877420
     3754840            2          39.937     15019360      3754840
     3754840            4          60.567     30038720      7509680
     3754840            8         111.595     60077440     15019360
     4130320            1          57.576      8260640      2065160
     4130320            2          44.645     16521280      4130320
     4130320            4          67.688     33042560      8260640
     4543320            1          62.453      9086640      2271660
     4543320            2          55.593     18173280      4543320
     4543320            4          78.309     36346560      9086640
     4997640            1          66.920      9995280      2498820
     4997640            2          63.042     19990560      4997640
     4997640            4          90.696     39981120      9995280
     5497400            1          68.721     10994800      2748700
     5497400            2          73.847     21989600      5497400
     5497400            4         108.574     43979200     10994800
     6047120            1          74.461     12094240      3023560
     6047120            2          89.269     24188480      6047120
     6047120            4         133.283     48376960     12094240
     6651800            1          83.761     13303600      3325900
     6651800            2         104.935     26607200      6651800
     6651800            4         157.093     53214400     13303600
     7316960            1          90.737     14633920      3658480
     7316960            2         118.425     29267840      7316960
     7316960            4         190.235     58535680     14633920
     8048640            1          92.885     16097280      4024320
     8048640            2         159.885     32194560      8048640
     8853480            1         112.560     17706960      4426740
     8853480            2         177.648     35413920      8853480
     9738800            1         118.490     19477600      4869400
     9738800            2         192.361     38955200      9738800
    10712680            1         122.405     21425360      5356340
    10712680            2         201.366     42850720     10712680
    11783920            1         138.512     23567840      5891960
    11783920            2         213.438     47135680     11783920
    12962280            1         139.890     25924560      6481140
    12962280            2         236.551     51849120     12962280
    14258480            1         155.339     28516960      7129240
    14258480            2         285.602     57033920     14258480
    15684320            1         177.893     31368640      7842160
    17252720            1         214.382     34505440      8626360
    18977960            1         225.285     37955920      9488980
    20875720            1         257.275     41751440     10437860
    22963280            1         294.355     45926560     11481640
    25259600            1         347.670     50519200     12629800
    27785560            1         409.603     55571120     13892780
    30564080            1         477.052     61128160     15282040

META_DATA
FLOPS          4
OPENMP_THREADS 5
ERT_VERSION  1.1.0
HOSTNAME  ('cirrus4.computing.clemson.edu', ['cirrus4'], ['127.0.1.1'])
UNAME  uname_result(system='Linux', node='cirrus4.computing.clemson.edu', release='5.4.0-81-generic', version='#91-Ubuntu SMP Thu Jul 15 19:09:17 UTC 2021', machine='x86_64', processor='x86_64')
TIMESTAMP_DATA  1632245416.3692439
CONFIG  {'ERT_RESULTS': ['Results.cs.clemson.edu'], 'ERT_DRIVER': ['driver1'], 'ERT_KERNEL': ['kernel1'], 'ERT_MPI': ['False'], 'ERT_MPI_CFLAGS': [], 'ERT_MPI_LDFLAGS': [], 'ERT_OPENMP': ['True'], 'ERT_OPENMP_CFLAGS': ['-fopenmp'], 'ERT_OPENMP_LDFLAGS': ['-fopenmp'], 'ERT_FLOPS': ['1,2,4'], 'ERT_ALIGN': ['32'], 'ERT_CC': ['g++'], 'ERT_CFLAGS': ['-O3', '-std=c++11', '-fstrict-aliasing', '-march=native'], 'ERT_LD': ['g++'], 'ERT_LDFLAGS': [], 'ERT_LDLIBS': [], 'ERT_PRECISION': ['FP64'], 'ERT_RUN': ['export', 'OMP_NUM_THREADS=ERT_OPENMP_THREADS;', 'export', 'OMP_PLACES=threads;', 'export', 'OMP_PROC_BIND=spread;', './ERT_CODE'], 'ERT_PROCS_THREADS': ['8'], 'ERT_MPI_PROCS': ['2,4,8'], 'ERT_OPENMP_THREADS': ['1-8'], 'ERT_NUM_EXPERIMENTS': ['5'], 'ERT_MEMORY_MAX': ['31000000'], 'ERT_WORKING_SET_MIN': ['1'], 'ERT_TRIALS_MIN': ['1'], 'ERT_GNUPLOT': ['gnuplot'], 'ERT_GPU': [False], 'ERT_HIP': [False], 'ERT_OCL': [False], 'ERT_SYCL': [False], 'ERT_WSS_MULT': [1.1]}
