fp64
          24            1           1.181           48            3
          24            2           0.407           96            6
          24            4           0.478          192           12
          24            8           0.384          384           24
          24           16           0.556          768           48
          24           32           0.544         1536           96
          24           64           0.601         3072          192
          24          128           0.863         6144          384
          24          256           1.335        12288          768
          24          512           2.524        24576         1536
          24         1024           4.611        49152         3072
          24         2048           8.925        98304         6144
          24         4096          17.986       196608        12288
          24         8192          35.587       393216        24576
          24        16384          67.338       786432        49152
          24        32768         129.200      1572864        98304
          24        65536         257.978      3145728       196608
          24       131072         527.695      6291456       393216
          24       262144        1058.806     12582912       786432
          24       524288        2061.696     25165824      1572864
          24      1048576        3291.991     50331648      3145728
          48            1           0.323           96            6
          48            2           0.389          192           12
          48            4           0.407          384           24
          48            8           0.388          768           48
          48           16           0.386         1536           96
          48           32           0.541         3072          192
          48           64           0.564         6144          384
          48          128           0.563        12288          768
          48          256           0.923        24576         1536
          48          512           1.537        49152         3072
          48         1024           2.914        98304         6144
          48         2048           5.683       196608        12288
          48         4096          11.027       393216        24576
          48         8192          21.835       786432        49152
          48        16384          43.251      1572864        98304
          48        32768          89.082      3145728       196608
          48        65536         174.711      6291456       393216
          48       131072         348.313     12582912       786432
          48       262144         704.935     25165824      1572864
          48       524288        1387.169     50331648      3145728
          72            1           0.294          144            9
          72            2           0.489          288           18
          72            4           0.469          576           36
          72            8           0.475         1152           72
          72           16           0.384         2304          144
          72           32           0.376         4608          288
          72           64           0.419         9216          576
          72          128           0.674        18432         1152
          72          256           0.924        36864         2304
          72          512           1.504        73728         4608
          72         1024           2.894       147456         9216
          72         2048           5.515       294912        18432
          72         4096          10.806       589824        36864
          72         8192          21.475      1179648        73728
          72        16384          42.725      2359296       147456
          72        32768          87.116      4718592       294912
          72        65536         179.079      9437184       589824
          72       131072         352.033     18874368      1179648
          72       262144         708.749     37748736      2359296
          96            1           0.614          192           12
          96            2           0.481          384           24
          96            4           0.371          768           48
          96            8           0.361         1536           96
          96           16           0.491         3072          192
          96           32           0.394         6144          384
          96           64           0.514        12288          768
          96          128           0.638        24576         1536
          96          256           0.928        49152         3072
          96          512           1.710        98304         6144
          96         1024           3.275       196608        12288
          96         2048           6.156       393216        24576
          96         4096          11.842       786432        49152
          96         8192          22.575      1572864        98304
          96        16384          45.002      3145728       196608
          96        32768          89.627      6291456       393216
          96        65536         184.079     12582912       786432
          96       131072         362.765     25165824      1572864
          96       262144         721.856     50331648      3145728
         120            1           0.286          240           15
         120            2           0.335          480           30
         120            4           0.487          960           60
         120            8           0.446         1920          120
         120           16           0.290         3840          240
         120           32           0.339         7680          480
         120           64           0.432        15360          960
         120          128           0.482        30720         1920
         120          256           0.760        61440         3840
         120          512           1.175       122880         7680
         120         1024           2.182       245760        15360
         120         2048           4.061       491520        30720
         120         4096           7.856       983040        61440
         120         8192          15.247      1966080       122880
         120        16384          30.231      3932160       245760
         120        32768          60.005      7864320       491520
         120        65536         119.812     15728640       983040
         120       131072         254.937     31457280      1966080
         144            1           0.369          288           18
         144            2           0.241          576           36
         144            4           0.344         1152           72
         144            8           0.347         2304          144
         144           16           0.283         4608          288
         144           32           0.319         9216          576
         144           64           0.374        18432         1152
         144          128           0.624        36864         2304
         144          256           0.706        73728         4608
         144          512           1.163       147456         9216
         144         1024           2.218       294912        18432
         144         2048           4.031       589824        36864
         144         4096           7.830      1179648        73728
         144         8192          15.388      2359296       147456
         144        16384          30.326      4718592       294912
         144        32768          60.373      9437184       589824
         144        65536         120.427     18874368      1179648
         144       131072         240.699     37748736      2359296
         168            1           0.956          336           21
         168            2           0.253          672           42
         168            4           0.342         1344           84
         168            8           0.286         2688          168
         168           16           0.379         5376          336
         168           32           0.310        10752          672
         168           64           0.345        21504         1344
         168          128           0.488        43008         2688
         168          256           0.675        86016         5376
         168          512           1.172       172032        10752
         168         1024           2.222       344064        21504
         168         2048           4.011       688128        43008
         168         4096           7.816      1376256        86016
         168         8192          15.284      2752512       172032
         168        16384          30.331      5505024       344064
         168        32768          60.405     11010048       688128
         168        65536         120.532     22020096      1376256
         168       131072         240.606     44040192      2752512
         192            1           0.289          384           24
         192            2           0.501          768           48
         192            4           0.370         1536           96
         192            8           0.471         3072          192
         192           16           0.382         6144          384
         192           32           0.490        12288          768
         192           64           0.405        24576         1536
         192          128           0.498        49152         3072
         192          256           0.738        98304         6144
         192          512           1.224       196608        12288
         192         1024           2.311       393216        24576
         192         2048           4.293       786432        49152
         192         4096           8.218      1572864        98304
         192         8192          16.059      3145728       196608
         192        16384          31.750      6291456       393216
         192        32768          63.184     12582912       786432
         192        65536         126.435     25165824      1572864
         192       131072         251.945     50331648      3145728
         216            1           0.306          432           27
         216            2           0.323          864           54
         216            4           0.408         1728          108
         216            8           0.422         3456          216
         216           16           0.317         6912          432
         216           32           0.286        13824          864
         216           64           0.388        27648         1728
         216          128           0.414        55296         3456
         216          256           0.758       110592         6912
         216          512           1.397       221184        13824
         216         1024           2.388       442368        27648
         216         2048           4.301       884736        55296
         216         4096          18.278      1769472       110592
         216         8192          27.274      3538944       221184
         216        16384          35.354      7077888       442368
         216        32768          70.100     14155776       884736
         216        65536         140.407     28311552      1769472
         216       131072         300.052     56623104      3538944
         240            1           0.287          480           30
         240            2           0.387          960           60
         240            4           0.311         1920          120
         240            8           0.394         3840          240
         240           16           0.322         7680          480
         240           32           0.338        15360          960
         240           64           0.392        30720         1920
         240          128           0.610        61440         3840
         240          256           0.751       122880         7680
         240          512           1.428       245760        15360
         240         1024           2.337       491520        30720
         240         2048           4.262       983040        61440
         240         4096          18.274      1966080       122880
         240         8192          17.802      3932160       245760
         240        16384          35.204      7864320       491520
         240        32768          69.986     15728640       983040
         240        65536         150.139     31457280      1966080
         264            1           9.678          528           33
         264            2           0.286         1056           66
         264            4           0.341         2112          132
         264            8           0.284         4224          264
         264           16           0.445         8448          528
         264           32           0.538        16896         1056
         264           64          10.074        33792         2112
         264          128           0.912        67584         4224
         264          256           1.436       135168         8448
         264          512           2.767       270336        16896
         264         1024          12.273       540672        33792
         264         2048           4.899      1081344        67584
         264         4096           9.602      2162688       135168
         264         8192          26.952      4325376       270336
         264        16384          35.264      8650752       540672
         264        32768          70.309     17301504      1081344
         264        65536         140.319     34603008      2162688
         288            1           0.287          576           36
         288            2           0.308         1152           72
         288            4           0.353         2304          144
         288            8           0.381         4608          288
         288           16           0.442         9216          576
         288           32           0.299        18432         1152
         288           64           0.549        36864         2304
         288          128           0.598        73728         4608
         288          256           0.831       147456         9216
         288          512           1.496       294912        18432
         288         1024           2.495       589824        36864
         288         2048           5.380      1179648        73728
         288         4096          32.534      2359296       147456
         288         8192          36.113      4718592       294912
         288        16384          35.278      9437184       589824
         288        32768          70.042     18874368      1179648
         288        65536         139.923     37748736      2359296
         312            1           0.433          624           39
         312            2           0.225         1248           78
         312            4           0.280         2496          156
         312            8           0.344         4992          312
         312           16           0.380         9984          624
         312           32           0.351        19968         1248
         312           64           0.470        39936         2496
         312          128           0.543        79872         4992
         312          256           0.813       159744         9984
         312          512           1.301       319488        19968
         312         1024           2.429       638976        39936
         312         2048           4.677      1277952        79872
         312         4096           9.237      2555904       159744
         312         8192          17.962      5111808       319488
         312        16384          35.778     10223616       638976
         312        32768          79.276     20447232      1277952
         312        65536         141.401     40894464      2555904
         336            1           0.372          672           42
         336            2           0.494         1344           84
         336            4           0.469         2688          168
         336            8           0.431         5376          336
         336           16           0.352        10752          672
         336           32           0.488        21504         1344
         336           64           0.576        43008         2688
         336          128           0.595        86016         5376
         336          256          10.979       172032        10752
         336          512           2.590       344064        21504
         336         1024          15.056       688128        43008
         336         2048          19.465      1376256        86016
         336         4096          19.612      2752512       172032
         336         8192          27.405      5505024       344064
         336        16384          35.365     11010048       688128
         336        32768          70.427     22020096      1376256
         336        65536         140.726     44040192      2752512
         360            1           0.271          720           45
         360            2           0.321         1440           90
         360            4           0.397         2880          180
         360            8           0.303         5760          360
         360           16           0.453        11520          720
         360           32           0.342        23040         1440
         360           64           0.425        46080         2880
         360          128           0.564        92160         5760
         360          256           0.870       184320        11520
         360          512           1.352       368640        23040
         360         1024           2.557       737280        46080
         360         2048           4.784      1474560        92160
         360         4096           9.116      2949120       184320
         360         8192          17.981      5898240       368640
         360        16384          35.597     11796480       737280
         360        32768          71.111     23592960      1474560
         360        65536         141.909     47185920      2949120
         384            1           0.337          768           48
         384            2           0.352         1536           96
         384            4           0.420         3072          192
         384            8           0.349         6144          384
         384           16           0.353        12288          768
         384           32           0.454        24576         1536
         384           64           0.412        49152         3072
         384          128           0.648        98304         6144
         384          256           0.837       196608        12288
         384          512           1.335       393216        24576
         384         1024           2.467       786432        49152
         384         2048           4.658      1572864        98304
         384         4096           9.008      3145728       196608
         384         8192          17.864      6291456       393216
         384        16384          35.433     12582912       786432
         384        32768          70.862     25165824      1572864
         384        65536         141.343     50331648      3145728
         408            1           0.622          816           51
         408            2           0.335         1632          102
         408            4           0.319         3264          204
         408            8           0.454         6528          408
         408           16           0.483        13056          816
         408           32           0.361        26112         1632
         408           64           0.332        52224         3264
         408          128           0.567       104448         6528
         408          256           0.860       208896        13056
         408          512           1.377       417792        26112
         408         1024           2.401       835584        52224
         408         2048           4.747      1671168       104448
         408         4096           9.138      3342336       208896
         408         8192          18.147      6684672       417792
         408        16384          35.887     13369344       835584
         408        32768          71.248     26738688      1671168
         408        65536         149.267     53477376      3342336
         432            1           0.321          864           54
         432            2           0.360         1728          108
         432            4           0.257         3456          216
         432            8           0.364         6912          432
         432           16           0.388        13824          864
         432           32           0.358        27648         1728
         432           64           0.481        55296         3456
         432          128           0.503       110592         6912
         432          256           0.802       221184        13824
         432          512           1.393       442368        27648
         432         1024           2.602       884736        55296
         432         2048           4.770      1769472       110592
         432         4096           9.144      3538944       221184
         432         8192          18.041      7077888       442368
         432        16384          35.828     14155776       884736
         432        32768          71.228     28311552      1769472
         432        65536         142.174     56623104      3538944
         456            1           0.885          912           57
         456            2           0.414         1824          114
         456            4           0.349         3648          228
         456            8           0.339         7296          456
         456           16           0.326        14592          912
         456           32           0.438        29184         1824
         456           64           0.483        58368         3648
         456          128           0.584       116736         7296
         456          256           0.927       233472        14592
         456          512           1.446       466944        29184
         456         1024           2.617       933888        58368
         456         2048           4.855      1867776       116736
         456         4096           9.522      3735552       233472
         456         8192          18.972      7471104       466944
         456        16384          37.492     14942208       933888
         456        32768          74.699     29884416      1867776
         456        65536         149.430     59768832      3735552
         480            1           0.594          960           60
         480            2           0.333         1920          120
         480            4           0.336         3840          240
         480            8           0.343         7680          480
         480           16           0.434        15360          960
         480           32           0.365        30720         1920
         480           64           0.409        61440         3840
         480          128           0.605       122880         7680
         480          256           0.807       245760        15360
         480          512           1.380       491520        30720
         480         1024          13.645       983040        61440
         480         2048          19.269      1966080       122880
         480         4096          22.166      3932160       245760
         480         8192          18.078      7864320       491520
         480        16384          35.518     15728640       983040
         480        32768          70.768     31457280      1966080
         528            1           0.326         1056           66
         528            2           0.378         2112          132
         528            4           0.242         4224          264
         528            8           0.445         8448          528
         528           16           0.490        16896         1056
         528           32           0.384        33792         2112
         528           64           0.505        67584         4224
         528          128           0.542       135168         8448
         528          256           0.819       270336        16896
         528          512           1.407       540672        33792
         528         1024           2.529      1081344        67584
         528         2048           4.964      2162688       135168
         528         4096           9.726      4325376       270336
         528         8192          19.002      8650752       540672
         528        16384          37.669     17301504      1081344
         528        32768          75.031     34603008      2162688
         576            1           0.629         1152           72
         576            2           0.315         2304          144
         576            4           0.344         4608          288
         576            8           0.491         9216          576
         576           16           0.445        18432         1152
         576           32           0.319        36864         2304
         576           64           0.413        73728         4608
         576          128           0.612       147456         9216
         576          256           0.884       294912        18432
         576          512           1.622       589824        36864
         576         1024           3.101      1179648        73728
         576         2048           5.945      2359296       147456
         576         4096          11.647      4718592       294912
         576         8192          23.110      9437184       589824
         576        16384          45.783     18874368      1179648
         576        32768          91.561     37748736      2359296
         624            1           0.301         1248           78
         624            2           0.372         2496          156
         624            4           0.472         4992          312
         624            8           0.468         9984          624
         624           16           0.397        19968         1248
         624           32           0.286        39936         2496
         624           64           0.455        79872         4992
         624          128           0.618       159744         9984
         624          256           1.055       319488        19968
         624          512           2.021       638976        39936
         624         1024           3.790      1277952        79872
         624         2048           7.259      2555904       159744
         624         4096          14.308      5111808       319488
         624         8192          28.463     10223616       638976
         624        16384          56.687     20447232      1277952
         624        32768         113.104     40894464      2555904
         672            1           0.523         1344           84
         672            2           0.343         2688          168
         672            4           0.328         5376          336
         672            8           0.383        10752          672
         672           16           0.259        21504         1344
         672           32           0.369        43008         2688
         672           64           0.404        86016         5376
         672          128           0.641       172032        10752
         672          256           1.069       344064        21504
         672          512           1.879       688128        43008
         672         1024          16.535      1376256        86016
         672         2048          16.006      2752512       172032
         672         4096          14.136      5505024       344064
         672         8192          30.468     11010048       688128
         672        16384          54.665     22020096      1376256
         672        32768         109.202     44040192      2752512
         720            1           0.292         1440           90
         720            2           0.288         2880          180
         720            4           0.248         5760          360
         720            8           0.358        11520          720
         720           16           0.368        23040         1440
         720           32           0.347        46080         2880
         720           64           0.428        92160         5760
         720          128           0.606       184320        11520
         720          256           1.035       368640        23040
         720          512           1.876       737280        46080
         720         1024           3.591      1474560        92160
         720         2048           7.002      2949120       184320
         720         4096          13.770      5898240       368640
         720         8192          27.345     11796480       737280
         720        16384          54.540     23592960      1474560
         720        32768         108.721     47185920      2949120
         792            1           0.282         1584           99
         792            2           0.309         3168          198
         792            4           0.240         6336          396
         792            8           0.367        12672          792
         792           16           0.468        25344         1584
         792           32           0.367        50688         3168
         792           64           0.446       101376         6336
         792          128           0.656       202752        12672
         792          256           1.148       405504        25344
         792          512           2.094       811008        50688
         792         1024           4.012      1622016       101376
         792         2048           7.772      3244032       202752
         792         4096          15.301      6488064       405504
         792         8192          30.272     12976128       811008
         792        16384          60.131     25952256      1622016
         792        32768         120.453     51904512      3244032
         864            1           0.335         1728          108
         864            2           0.325         3456          216
         864            4           0.384         6912          432
         864            8           0.318        13824          864
         864           16           0.336        27648         1728
         864           32           0.401        55296         3456
         864           64           0.524       110592         6912
         864          128           1.403       221184        13824
         864          256          11.988       442368        27648
         864          512           4.118       884736        55296
         864         1024           4.466      1769472       110592
         864         2048           8.697      3538944       221184
         864         4096          20.794      7077888       442368
         864         8192          33.396     14155776       884736
         864        16384          66.482     28311552      1769472
         864        32768         132.732     56623104      3538944
         936            1           0.335         1872          117
         936            2           0.442         3744          234
         936            4           0.429         7488          468
         936            8           0.441        14976          936
         936           16           0.427        29952         1872
         936           32           0.393        59904         3744
         936           64           0.491       119808         7488
         936          128           0.736       239616        14976
         936          256           1.291       479232        29952
         936          512          15.181       958464        59904
         936         1024           8.136      1916928       119808
         936         2048           9.895      3833856       239616
         936         4096          23.847      7667712       479232
         936         8192          34.447     15335424       958464
         936        16384          68.597     30670848      1916928
         936        32768         136.860     61341696      3833856
        1008            1           0.626         2016          126
        1008            2           0.392         4032          252
        1008            4           0.258         8064          504
        1008            8           0.410        16128         1008
        1008           16           0.371        32256         2016
        1008           32           0.399        64512         4032
        1008           64           0.493       129024         8064
        1008          128           0.767       258048        16128
        1008          256           1.306       516096        32256
        1008          512           2.479      1032192        64512
        1008         1024           4.733      2064384       129024
        1008         2048           9.281      4128768       258048
        1008         4096          18.311      8257536       516096
        1008         8192          36.335     16515072      1032192
        1008        16384          72.276     33030144      2064384
        1104            1           0.325         2208          138
        1104            2           0.355         4416          276
        1104            4           0.318         8832          552
        1104            8           0.343        17664         1104
        1104           16           0.276        35328         2208
        1104           32           0.400        70656         4416
        1104           64           0.518       141312         8832
        1104          128           0.779       282624        17664
        1104          256           1.422       565248        35328
        1104          512           2.655      1130496        70656
        1104         1024           4.992      2260992       141312
        1104         2048           9.770      4521984       282624
        1104         4096          19.423      9043968       565248
        1104         8192          38.504     18087936      1130496
        1104        16384          76.710     36175872      2260992
        1200            1           0.311         2400          150
        1200            2           0.258         4800          300
        1200            4           0.474         9600          600
        1200            8           0.373        19200         1200
        1200           16           0.396        38400         2400
        1200           32           0.425        76800         4800
        1200           64           0.583       153600         9600
        1200          128           0.854       307200        19200
        1200          256           1.497       614400        38400
        1200          512           2.768      1228800        76800
        1200         1024           5.387      2457600       153600
        1200         2048          10.534      4915200       307200
        1200         4096          20.701      9830400       614400
        1200         8192          41.203     19660800      1228800
        1200        16384          89.211     39321600      2457600
        1320            1           0.301         2640          165
        1320            2           0.397         5280          330
        1320            4           0.340        10560          660
        1320            8           0.307        21120         1320
        1320           16           0.459        42240         2640
        1320           32           0.464        84480         5280
        1320           64           0.521       168960        10560
        1320          128           0.886       337920        21120
        1320          256           1.576       675840        42240
        1320          512           2.953      1351680        84480
        1320         1024           5.609      2703360       168960
        1320         2048          10.980      5406720       337920
        1320         4096          21.800     10813440       675840
        1320         8192          43.276     21626880      1351680
        1320        16384          86.360     43253760      2703360
        1440            1           1.049         2880          180
        1440            2           0.325         5760          360
        1440            4           0.289        11520          720
        1440            8           0.356        23040         1440
        1440           16           0.440        46080         2880
        1440           32           0.416        92160         5760
        1440           64           0.587       184320        11520
        1440          128           0.862       368640        23040
        1440          256           1.513       737280        46080
        1440          512           2.796      1474560        92160
        1440         1024           5.585      2949120       184320
        1440         2048          10.596      5898240       368640
        1440         4096          20.891     11796480       737280
        1440         8192          41.711     23592960      1474560
        1440        16384          83.056     47185920      2949120
        1584            1           0.576         3168          198
        1584            2           0.362         6336          396
        1584            4           0.381        12672          792
        1584            8           0.421        25344         1584
        1584           16           0.450        50688         3168
        1584           32           0.444       101376         6336
        1584           64           0.604       202752        12672
        1584          128           0.960       405504        25344
        1584          256           1.822       811008        50688
        1584          512           3.350      1622016       101376
        1584         1024           6.448      3244032       202752
        1584         2048          12.757      6488064       405504
        1584         4096          25.264     12976128       811008
        1584         8192          50.186     25952256      1622016
        1584        16384         100.268     51904512      3244032
        1728            1           0.447         3456          216
        1728            2           0.471         6912          432
        1728            4           0.440        13824          864
        1728            8           0.342        27648         1728
        1728           16           0.399        55296         3456
        1728           32           0.432       110592         6912
        1728           64           0.613       221184        13824
        1728          128           0.919       442368        27648
        1728          256           1.691       884736        55296
        1728          512           3.144      1769472       110592
        1728         1024           6.122      3538944       221184
        1728         2048          11.963      7077888       442368
        1728         4096          24.025     14155776       884736
        1728         8192          47.235     28311552      1769472
        1728        16384          94.419     56623104      3538944
        1896            1           0.462         3792          237
        1896            2           0.249         7584          474
        1896            4           0.348        15168          948
        1896            8           0.400        30336         1896
        1896           16           0.572        60672         3792
        1896           32           0.503       121344         7584
        1896           64           0.671       242688        15168
        1896          128           1.066       485376        30336
        1896          256           2.049       970752        60672
        1896          512           3.763      1941504       121344
        1896         1024           7.284      3883008       242688
        1896         2048          14.411      7766016       485376
        1896         4096          28.626     15532032       970752
        1896         8192          56.915     31064064      1941504
        2064            1           0.575         4128          258
        2064            2           0.432         8256          516
        2064            4           0.335        16512         1032
        2064            8           0.408        33024         2064
        2064           16           0.391        66048         4128
        2064           32           0.652       132096         8256
        2064           64           0.817       264192        16512
        2064          128           1.145       528384        33024
        2064          256           2.036      1056768        66048
        2064          512           3.902      2113536       132096
        2064         1024           7.698      4227072       264192
        2064         2048          15.050      8454144       528384
        2064         4096          29.869     16908288      1056768
        2064         8192          59.521     33816576      2113536
        2256            1           0.334         4512          282
        2256            2           0.518         9024          564
        2256            4           0.414        18048         1128
        2256            8           0.404        36096         2256
        2256           16           0.396        72192         4512
        2256           32           0.495       144384         9024
        2256           64           0.717       288768        18048
        2256          128           1.181       577536        36096
        2256          256           2.190      1155072        72192
        2256          512           4.176      2310144       144384
        2256         1024           8.071      4620288       288768
        2256         2048          15.976      9240576       577536
        2256         4096          31.755     18481152      1155072
        2256         8192          63.201     36962304      2310144
        2472            1           0.302         4944          309
        2472            2           0.398         9888          618
        2472            4           0.378        19776         1236
        2472            8           0.413        39552         2472
        2472           16           0.448        79104         4944
        2472           32           0.472       158208         9888
        2472           64           0.746       316416        19776
        2472          128           1.275       632832        39552
        2472          256           2.388      1265664        79104
        2472          512           4.429      2531328       158208
        2472         1024           8.701      5062656       316416
        2472         2048          17.266     10125312       632832
        2472         4096          34.074     20250624      1265664
        2472         8192          67.870     40501248      2531328
        2712            1           0.307         5424          339
        2712            2           0.344        10848          678
        2712            4           0.381        21696         1356
        2712            8           0.380        43392         2712
        2712           16           0.412        86784         5424
        2712           32           0.516       173568        10848
        2712           64           0.880       347136        21696
        2712          128           1.453       694272        43392
        2712          256           2.535      1388544        86784
        2712          512           4.806      2777088       173568
        2712         1024           9.451      5554176       347136
        2712         2048          18.562     11108352       694272
        2712         4096          36.910     22216704      1388544
        2712         8192          73.703     44433408      2777088
        2976            1           0.383         5952          372
        2976            2           0.470        11904          744
        2976            4           0.301        23808         1488
        2976            8           0.396        47616         2976
        2976           16           0.512        95232         5952
        2976           32           0.571       190464        11904
        2976           64           0.806       380928        23808
        2976          128           1.450       761856        47616
        2976          256           2.676      1523712        95232
        2976          512           4.955      3047424       190464
        2976         1024           9.698      6094848       380928
        2976         2048          19.123     12189696       761856
        2976         4096          38.081     24379392      1523712
        2976         8192          75.876     48758784      3047424
        3264            1           0.298         6528          408
        3264            2           0.328        13056          816
        3264            4           0.360        26112         1632
        3264            8           0.454        52224         3264
        3264           16           0.484       104448         6528
        3264           32           0.761       208896        13056
        3264           64           1.101       417792        26112
        3264          128           1.893       835584        52224
        3264          256           3.468      1671168       104448
        3264          512           6.501      3342336       208896
        3264         1024          13.114      6684672       417792
        3264         2048          24.841     13369344       835584
        3264         4096          49.203     26738688      1671168
        3264         8192          98.256     53477376      3342336
        3576            1           0.330         7152          447
        3576            2           0.397        14304          894
        3576            4           0.377        28608         1788
        3576            8           0.463        57216         3576
        3576           16           0.490       114432         7152
        3576           32           0.591       228864        14304
        3576           64           1.026       457728        28608
        3576          128           1.772       915456        57216
        3576          256           3.298      1830912       114432
        3576          512           7.620      3661824       228864
        3576         1024          17.120      7323648       457728
        3576         2048          32.365     14647296       915456
        3576         4096          57.419     29294592      1830912
        3576         8192          99.054     58589184      3661824
        3912            1           0.489         7824          489
        3912            2           0.309        15648          978
        3912            4           0.405        31296         1956
        3912            8           0.389        62592         3912
        3912           16           0.504       125184         7824
        3912           32           0.726       250368        15648
        3912           64           1.214       500736        31296
        3912          128           2.099      1001472        62592
        3912          256           3.784      2002944       125184
        3912          512           7.461      4005888       250368
        3912         1024          14.607      8011776       500736
        3912         2048          29.004     16023552      1001472
        3912         4096          57.722     32047104      2002944
        4296            1           1.079         8592          537
        4296            2           0.252        17184         1074
        4296            4           0.438        34368         2148
        4296            8           0.425        68736         4296
        4296           16           0.615       137472         8592
        4296           32           0.866       274944        17184
        4296           64           1.669       549888        34368
        4296          128           2.911      1099776        68736
        4296          256           5.873      2199552       137472
        4296          512          11.835      4399104       274944
        4296         1024          17.856      8798208       549888
        4296         2048          30.468     17596416      1099776
        4296         4096          61.998     35192832      2199552
        4704            1           1.128         9408          588
        4704            2           0.261        18816         1176
        4704            4           0.390        37632         2352
        4704            8           0.419        75264         4704
        4704           16           0.575       150528         9408
        4704           32           0.707       301056        18816
        4704           64           1.139       602112        37632
        4704          128           2.109      1204224        75264
        4704          256           3.962      2408448       150528
        4704          512           7.773      4816896       301056
        4704         1024          15.299      9633792       602112
        4704         2048          30.163     19267584      1204224
        4704         4096          60.199     38535168      2408448
        5160            1           0.582        10320          645
        5160            2           0.346        20640         1290
        5160            4           0.321        41280         2580
        5160            8           0.512        82560         5160
        5160           16           0.554       165120        10320
        5160           32           0.852       330240        20640
        5160           64           1.291       660480        41280
        5160          128           2.330      1320960        82560
        5160          256           4.478      2641920       165120
        5160          512           8.735      5283840       330240
        5160         1024          17.320     10567680       660480
        5160         2048          34.062     21135360      1320960
        5160         4096          68.238     42270720      2641920
        5664            1           1.063        11328          708
        5664            2           0.371        22656         1416
        5664            4           0.485        45312         2832
        5664            8           0.486        90624         5664
        5664           16           0.583       181248        11328
        5664           32           0.768       362496        22656
        5664           64           1.325       724992        45312
        5664          128           2.434      1449984        90624
        5664          256           5.494      2899968       181248
        5664          512          11.811      5799936       362496
        5664         1024          23.735     11599872       724992
        5664         2048          44.026     23199744      1449984
        5664         4096          69.387     46399488      2899968
        6216            1           0.839        12432          777
        6216            2           0.384        24864         1554
        6216            4           0.430        49728         3108
        6216            8           0.451        99456         6216
        6216           16           0.570       198912        12432
        6216           32           0.915       397824        24864
        6216           64           1.515       795648        49728
        6216          128           2.646      1591296        99456
        6216          256           5.079      3182592       198912
        6216          512          10.008      6365184       397824
        6216         1024          19.511     12730368       795648
        6216         2048          38.654     25460736      1591296
        6216         4096          77.108     50921472      3182592
        6816            1           1.178        13632          852
        6816            2           0.304        27264         1704
        6816            4           0.387        54528         3408
        6816            8           0.487       109056         6816
        6816           16           0.560       218112        13632
        6816           32           0.974       436224        27264
        6816           64           1.572       872448        54528
        6816          128           2.870      1744896       109056
        6816          256           5.441      3489792       218112
        6816          512          10.647      6979584       436224
        6816         1024          20.880     13959168       872448
        6816         2048          41.461     27918336      1744896
        6816         4096          82.423     55836672      3489792
        7488            1           0.854        14976          936
        7488            2           0.364        29952         1872
        7488            4           0.423        59904         3744
        7488            8           0.689       119808         7488
        7488           16           0.733       239616        14976
        7488           32           1.305       479232        29952
        7488           64           2.474       958464        59904
        7488          128           4.742      1916928       119808
        7488          256          24.989      3833856       239616
        7488          512          24.581      7667712       479232
        7488         1024          29.769     15335424       958464
        7488         2048          61.918     30670848      1916928
        7488         4096         130.882     61341696      3833856
        8232            1           7.760        16464         1029
        8232            2           0.428        32928         2058
        8232            4           0.510        65856         4116
        8232            8           0.614       131712         8232
        8232           16           0.913       263424        16464
        8232           32           1.561       526848        32928
        8232           64           2.917      1053696        65856
        8232          128           5.385      2107392       131712
        8232          256          17.652      4214784       263424
        8232          512          13.212      8429568       526848
        8232         1024          26.550     16859136      1053696
        8232         2048          52.763     33718272      2107392
        9048            1           1.004        18096         1131
        9048            2           0.520        36192         2262
        9048            4           0.462        72384         4524
        9048            8           0.556       144768         9048
        9048           16           0.731       289536        18096
        9048           32           1.246       579072        36192
        9048           64           1.969      1158144        72384
        9048          128           3.776      2316288       144768
        9048          256           7.155      4632576       289536
        9048          512          13.833      9265152       579072
        9048         1024          27.181     18530304      1158144
        9048         2048          53.873     37060608      2316288
        9936            1           0.819        19872         1242
        9936            2           0.406        39744         2484
        9936            4           0.401        79488         4968
        9936            8           0.729       158976         9936
        9936           16           1.066       317952        19872
        9936           32           1.714       635904        39744
        9936           64           3.107      1271808        79488
        9936          128           6.030      2543616       158976
        9936          256          11.715      5087232       317952
        9936          512          23.875     10174464       635904
        9936         1024          46.963     20348928      1271808
        9936         2048          94.566     40697856      2543616
       10920            1           0.823        21840         1365
       10920            2           0.432        43680         2730
       10920            4           0.611        87360         5460
       10920            8           0.685       174720        10920
       10920           16           0.864       349440        21840
       10920           32           1.391       698880        43680
       10920           64           2.495      1397760        87360
       10920          128           4.647      2795520       174720
       10920          256           9.040      5591040       349440
       10920          512          17.603     11182080       698880
       10920         1024          37.597     22364160      1397760
       10920         2048          96.709     44728320      2795520
       12000            1           1.094        24000         1500
       12000            2           0.367        48000         3000
       12000            4           0.537        96000         6000
       12000            8           0.593       192000        12000
       12000           16           0.949       384000        24000
       12000           32           1.519       768000        48000
       12000           64           2.650      1536000        96000
       12000          128           4.903      3072000       192000
       12000          256           9.651      6144000       384000
       12000          512          18.941     12288000       768000
       12000         1024          37.434     24576000      1536000
       12000         2048          74.529     49152000      3072000
       13200            1           0.934        26400         1650
       13200            2           0.398        52800         3300
       13200            4           0.463       105600         6600
       13200            8           0.652       211200        13200
       13200           16           1.017       422400        26400
       13200           32           1.530       844800        52800
       13200           64           2.942      1689600       105600
       13200          128           5.544      3379200       211200
       13200          256          10.544      6758400       422400
       13200          512          20.708     13516800       844800
       13200         1024          41.177     27033600      1689600
       13200         2048          82.151     54067200      3379200
       14520            1           0.584        29040         1815
       14520            2           0.546        58080         3630
       14520            4           0.593       116160         7260
       14520            8           0.757       232320        14520
       14520           16           1.015       464640        29040
       14520           32           1.865       929280        58080
       14520           64           3.109      1858560       116160
       14520          128           5.748      3717120       232320
       14520          256          11.252      7434240       464640
       14520          512          28.980     14868480       929280
       14520         1024          51.505     29736960      1858560
       14520         2048          87.701     59473920      3717120
       15960            1           0.546        31920         1995
       15960            2           0.487        63840         3990
       15960            4           0.552       127680         7980
       15960            8           0.841       255360        15960
       15960           16           1.061       510720        31920
       15960           32           1.818      1021440        63840
       15960           64           3.317      2042880       127680
       15960          128           6.334      4085760       255360
       15960          256          12.309      8171520       510720
       15960          512          24.524     16343040      1021440
       15960         1024          54.677     32686080      2042880
       17544            1           1.687        35088         2193
       17544            2           0.442        70176         4386
       17544            4           0.589       140352         8772
       17544            8           0.823       280704        17544
       17544           16           1.269       561408        35088
       17544           32           2.009      1122816        70176
       17544           64           3.799      2245632       140352
       17544          128           6.949      4491264       280704
       17544          256          13.552      8982528       561408
       17544          512          26.817     17965056      1122816
       17544         1024          53.143     35930112      2245632
       19296            1           1.552        38592         2412
       19296            2           0.487        77184         4824
       19296            4           0.658       154368         9648
       19296            8           0.858       308736        19296
       19296           16           1.298       617472        38592
       19296           32           2.167      1234944        77184
       19296           64           3.970      2469888       154368
       19296          128           7.639      4939776       308736
       19296          256          14.744      9879552       617472
       19296          512          29.245     19759104      1234944
       19296         1024          57.979     39518208      2469888
       21216            1           0.950        42432         2652
       21216            2           0.472        84864         5304
       21216            4           0.566       169728        10608
       21216            8           0.844       339456        21216
       21216           16           1.357       678912        42432
       21216           32           2.387      1357824        84864
       21216           64           4.417      2715648       169728
       21216          128           8.247      5431296       339456
       21216          256          16.402     10862592       678912
       21216          512          34.920     21725184      1357824
       21216         1024          70.613     43450368      2715648
       23328            1           0.898        46656         2916
       23328            2           0.583        93312         5832
       23328            4           0.689       186624        11664
       23328            8           0.932       373248        23328
       23328           16           1.560       746496        46656
       23328           32           2.579      1492992        93312
       23328           64           4.699      2985984       186624
       23328          128           9.071      5971968       373248
       23328          256          17.734     11943936       746496
       23328          512          34.848     23887872      1492992
       23328         1024          69.521     47775744      2985984
       25656            1           1.536        51312         3207
       25656            2           0.508       102624         6414
       25656            4           0.771       205248        12828
       25656            8           1.091       410496        25656
       25656           16           1.654       820992        51312
       25656           32           2.838      1641984       102624
       25656           64           5.164      3283968       205248
       25656          128           9.955      6567936       410496
       25656          256          19.542     13135872       820992
       25656          512          38.819     26271744      1641984
       25656         1024          77.113     52543488      3283968
       28200            1           0.902        56400         3525
       28200            2           0.590       112800         7050
       28200            4           0.736       225600        14100
       28200            8           1.031       451200        28200
       28200           16           1.673       902400        56400
       28200           32           3.062      1804800       112800
       28200           64           5.649      3609600       225600
       28200          128          10.834      7219200       451200
       28200          256          21.542     14438400       902400
       28200          512          42.512     28876800      1804800
       28200         1024          84.844     57753600      3609600
       31008            1           1.328        62016         3876
       31008            2           0.559       124032         7752
       31008            4           0.756       248064        15504
       31008            8           1.093       496128        31008
       31008           16           1.836       992256        62016
       31008           32           3.267      1984512       124032
       31008           64           6.104      3969024       248064
       31008          128          11.919      7938048       496128
       31008          256          23.473     15876096       992256
       31008          512          46.364     31752192      1984512
       34104            1           1.065        68208         4263
       34104            2           0.597       136416         8526
       34104            4           1.053       272832        17052
       34104            8           1.633       545664        34104
       34104           16           2.507      1091328        68208
       34104           32           4.422      2182656       136416
       34104           64           6.626      4365312       272832
       34104          128          12.997      8730624       545664
       34104          256          26.796     17461248      1091328
       34104          512          55.774     34922496      2182656
       37512            1           1.731        75024         4689
       37512            2           0.610       150048         9378
       37512            4           1.290       300096        18756
       37512            8           1.764       600192        37512
       37512           16           3.020      1200384        75024
       37512           32           5.869      2400768       150048
       37512           64          10.889      4801536       300096
       37512          128          21.454      9603072       600192
       37512          256          39.228     19206144      1200384
       37512          512          84.301     38412288      2400768
       41256            1           1.055        82512         5157
       41256            2           0.862       165024        10314
       41256            4           1.223       330048        20628
       41256            8           1.962       660096        41256
       41256           16           3.305      1320192        82512
       41256           32           6.207      2640384       165024
       41256           64          11.752      5280768       330048
       41256          128          22.853     10561536       660096
       41256          256          46.418     21123072      1320192
       41256          512          91.836     42246144      2640384
       45360            1           1.542        90720         5670
       45360            2           0.714       181440        11340
       45360            4           2.138       362880        22680
       45360            8           4.694       725760        45360
       45360           16          18.278      1451520        90720
       45360           32          15.917      2903040       181440
       45360           64          21.857      5806080       362880
       45360          128          21.393     11612160       725760
       45360          256          35.856     23224320      1451520
       45360          512          76.661     46448640      2903040
       49896            1           1.558        99792         6237
       49896            2           0.744       199584        12474
       49896            4           1.066       399168        24948
       49896            8           1.719       798336        49896
       49896           16           2.805      1596672        99792
       49896           32           6.153      3193344       199584
       49896           64          12.716      6386688       399168
       49896          128          21.006     12773376       798336
       49896          256          42.899     25546752      1596672
       49896          512          87.263     51093504      3193344
       54864            1           2.437       109728         6858
       54864            2           0.973       219456        13716
       54864            4           1.361       438912        27432
       54864            8           2.401       877824        54864
       54864           16           4.208      1755648       109728
       54864           32           6.958      3511296       219456
       54864           64          14.965      7022592       438912
       54864          128          26.580     14045184       877824
       54864          256          47.936     28090368      1755648
       54864          512          92.029     56180736      3511296
       60336            1           1.710       120672         7542
       60336            2           0.851       241344        15084
       60336            4           1.205       482688        30168
       60336            8           1.896       965376        60336
       60336           16           3.266      1930752       120672
       60336           32           6.079      3861504       241344
       60336           64          11.469      7723008       482688
       60336          128          22.582     15446016       965376
       60336          256          44.600     30892032      1930752
       60336          512          88.788     61784064      3861504
       66360            1           1.502       132720         8295
       66360            2           0.990       265440        16590
       66360            4           1.346       530880        33180
       66360            8           2.053      1061760        66360
       66360           16           3.582      2123520       132720
       66360           32           6.591      4247040       265440
       66360           64          12.605      8494080       530880
       66360          128          24.770     16988160      1061760
       66360          256          48.978     33976320      2123520
       72984            1           2.117       145968         9123
       72984            2           1.011       291936        18246
       72984            4           1.557       583872        36492
       72984            8          17.189      1167744        72984
       72984           16          26.950      2335488       145968
       72984           32          11.579      4670976       291936
       72984           64          24.911      9341952       583872
       72984          128          26.974     18683904      1167744
       72984          256          53.610     37367808      2335488
       80280            1           1.768       160560        10035
       80280            2           1.070       321120        20070
       80280            4           1.572       642240        40140
       80280            8           2.499      1284480        80280
       80280           16           4.334      2568960       160560
       80280           32           8.025      5137920       321120
       80280           64          15.383     10275840       642240
       80280          128          30.206     20551680      1284480
       80280          256          59.511     41103360      2568960
       88296            1           2.467       176592        11037
       88296            2           1.235       353184        22074
       88296            4           1.820       706368        44148
       88296            8           2.791      1412736        88296
       88296           16           4.797      2825472       176592
       88296           32           8.903      5650944       353184
       88296           64          16.961     11301888       706368
       88296          128          33.063     22603776      1412736
       88296          256          65.341     45207552      2825472
       97104            1           2.331       194208        12138
       97104            2           1.408       388416        24276
       97104            4           1.929       776832        48552
       97104            8           3.120      1553664        97104
       97104           16           5.432      3107328       194208
       97104           32           9.688      6214656       388416
       97104           64          18.651     12429312       776832
       97104          128          36.559     24858624      1553664
       97104          256          80.105     49717248      3107328
      106800            1           2.764       213600        13350
      106800            2           1.654       427200        26700
      106800            4           2.363       854400        53400
      106800            8           4.055      1708800       106800
      106800           16           7.466      3417600       213600
      106800           32          14.304      6835200       427200
      106800           64          28.205     13670400       854400
      106800          128          56.089     27340800      1708800
      106800          256         118.095     54681600      3417600
      117480            1           3.582       234960        14685
      117480            2           1.634       469920        29370
      117480            4           2.894       939840        58740
      117480            8           4.958      1879680       117480
      117480           16           9.254      3759360       234960
      117480           32          17.791      7518720       469920
      117480           64          35.079     15037440       939840
      117480          128          69.580     30074880      1879680
      117480          256         138.346     60149760      3759360
      129216            1           4.029       258432        16152
      129216            2           5.607       516864        32304
      129216            4           8.107      1033728        64608
      129216            8          22.201      2067456       129216
      129216           16          21.973      4134912       258432
      129216           32          30.343      8269824       516864
      129216           64          38.358     16539648      1033728
      129216          128          94.934     33079296      2067456
      142128            1           3.579       284256        17766
      142128            2           2.588       568512        35532
      142128            4           4.053      1137024        71064
      142128            8          17.210      2274048       142128
      142128           16          23.191      4548096       284256
      142128           32          22.054      9096192       568512
      142128           64          43.359     18192384      1137024
      142128          128          85.294     36384768      2274048
      156336            1           4.326       312672        19542
      156336            2           2.981       625344        39084
      156336            4          18.822      1250688        78168
      156336            8          30.001      2501376       156336
      156336           16          17.886      5002752       312672
      156336           32          29.750     10005504       625344
      156336           64          62.534     20011008      1250688
      156336          128         117.429     40022016      2501376
      171960            1           6.527       343920        21495
      171960            2           7.319       687840        42990
      171960            4          12.020      1375680        85980
      171960            8          12.951      2751360       171960
      171960           16          27.714      5502720       343920
      171960           32          38.107     11005440       687840
      171960           64          72.686     22010880      1375680
      171960          128         129.001     44021760      2751360
      189144            1          13.693       378288        23643
      189144            2           3.664       756576        47286
      189144            4          15.044      1513152        94572
      189144            8           9.341      3026304       189144
      189144           16          17.626      6052608       378288
      189144           32          37.467     12105216       756576
      189144           64          71.304     24210432      1513152
      189144          128         135.905     48420864      3026304
      208056            1          15.623       416112        26007
      208056            2          17.809       832224        52014
      208056            4           7.701      1664448       104028
      208056            8          20.085      3328896       208056
      208056           16          23.116      6657792       416112
      208056           32          43.628     13315584       832224
      208056           64          86.937     26631168      1664448
      208056          128         176.115     53262336      3328896
      228840            1           6.829       457680        28605
      228840            2           9.312       915360        57210
      228840            4          10.106      1830720       114420
      228840            8          25.349      3661440       228840
      228840           16          23.769      7322880       457680
      228840           32          46.482     14645760       915360
      228840           64          93.244     29291520      1830720
      228840          128         183.553     58583040      3661440
      251712            1           6.462       503424        31464
      251712            2           4.213      1006848        62928
      251712            4          16.617      2013696       125856
      251712            8          22.576      4027392       251712
      251712           16          20.252      8054784       503424
      251712           32          37.901     16109568      1006848
      251712           64          74.860     32219136      2013696
      276864            1           8.673       553728        34608
      276864            2          14.559      1107456        69216
      276864            4          18.281      2214912       138432
      276864            8          15.316      4429824       276864
      276864           16          29.399      8859648       553728
      276864           32          56.042     17719296      1107456
      276864           64         114.312     35438592      2214912
      304536            1          16.105       609072        38067
      304536            2          15.627      1218144        76134
      304536            4           9.603      2436288       152268
      304536            8          17.236      4872576       304536
      304536           16          31.873      9745152       609072
      304536           32          62.501     19490304      1218144
      304536           64         121.710     38980608      2436288
      334968            1          18.204       669936        41871
      334968            2          13.978      1339872        83742
      334968            4          22.500      2679744       167484
      334968            8          26.795      5359488       334968
      334968           16          37.219     10718976       669936
      334968           32          69.402     21437952      1339872
      334968           64         136.050     42875904      2679744
      368448            1          29.681       736896        46056
      368448            2           7.669      1473792        92112
      368448            4          21.443      2947584       184224
      368448            8          21.278      5895168       368448
      368448           16          38.633     11790336       736896
      368448           32          74.791     23580672      1473792
      368448           64         148.236     47161344      2947584
      405288            1          13.771       810576        50661
      405288            2          17.611      1621152       101322
      405288            4          23.420      3242304       202644
      405288            8          23.014      6484608       405288
      405288           16          43.985     12969216       810576
      405288           32          85.623     25938432      1621152
      405288           64         177.422     51876864      3242304
      445800            1          12.822       891600        55725
      445800            2          10.815      1783200       111450
      445800            4          24.756      3566400       222900
      445800            8          26.758      7132800       445800
      445800           16          49.730     14265600       891600
      445800           32          97.560     28531200      1783200
      445800           64         195.425     57062400      3566400
      490368            1          25.138       980736        61296
      490368            2          18.814      1961472       122592
      490368            4          16.388      3922944       245184
      490368            8          30.329      7845888       490368
      490368           16          55.141     15691776       980736
      490368           32         105.448     31383552      1961472
      539400            1          15.740      1078800        67425
      539400            2          10.165      2157600       134850
      539400            4          18.830      4315200       269700
      539400            8          33.877      8630400       539400
      539400           16          59.497     17260800      1078800
      539400           32         116.217     34521600      2157600
      593328            1          18.857      1186656        74166
      593328            2          13.088      2373312       148332
      593328            4          29.810      4746624       296664
      593328            8          36.247      9493248       593328
      593328           16          67.920     18986496      1186656
      593328           32         134.193     37972992      2373312
      652656            1          17.758      1305312        81582
      652656            2          32.336      2610624       163164
      652656            4          22.247      5221248       326328
      652656            8          40.402     10442496       652656
      652656           16          76.175     20884992      1305312
      652656           32         147.662     41769984      2610624
      717912            1          34.982      1435824        89739
      717912            2          14.343      2871648       179478
      717912            4          24.071      5743296       358956
      717912            8          44.559     11486592       717912
      717912           16          84.499     22973184      1435824
      717912           32         163.030     45946368      2871648
      789696            1          40.708      1579392        98712
      789696            2          23.838      3158784       197424
      789696            4          27.587      6317568       394848
      789696            8          49.243     12635136       789696
      789696           16          92.430     25270272      1579392
      789696           32         181.961     50540544      3158784
      868656            1          41.207      1737312       108582
      868656            2          17.132      3474624       217164
      868656            4          29.328      6949248       434328
      868656            8          51.615     13898496       868656
      868656           16          98.511     27796992      1737312
      868656           32         191.936     55593984      3474624
      955512            1          32.121      1911024       119439
      955512            2          18.454      3822048       238878
      955512            4          32.183      7644096       477756
      955512            8          56.452     15288192       955512
      955512           16         108.226     30576384      1911024
      955512           32         206.473     61152768      3822048
     1051056            1          40.267      2102112       131382
     1051056            2          50.281      4204224       262764
     1051056            4          36.141      8408448       525528
     1051056            8          63.965     16816896      1051056
     1051056           16         117.236     33633792      2102112
     1156152            1          46.341      2312304       144519
     1156152            2          27.130      4624608       289038
     1156152            4          39.512      9249216       578076
     1156152            8          70.046     18498432      1156152
     1156152           16         130.722     36996864      2312304
     1271760            1          40.958      2543520       158970
     1271760            2          25.541      5087040       317940
     1271760            4          42.879     10174080       635880
     1271760            8          76.138     20348160      1271760
     1271760           16         142.098     40696320      2543520
     1398936            1          46.378      2797872       174867
     1398936            2          35.315      5595744       349734
     1398936            4          45.640     11191488       699468
     1398936            8          82.692     22382976      1398936
     1398936           16         156.969     44765952      2797872
     1538808            1          43.323      3077616       192351
     1538808            2          31.777      6155232       384702
     1538808            4          50.425     12310464       769404
     1538808            8          84.986     24620928      1538808
     1538808           16         153.316     49241856      3077616
     1692672            1          47.588      3385344       211584
     1692672            2          33.786      6770688       423168
     1692672            4          51.484     13541376       846336
     1692672            8          95.195     27082752      1692672
     1692672           16         169.578     54165504      3385344
     1861920            1          71.471      3723840       232740
     1861920            2          42.050      7447680       465480
     1861920            4          54.950     14895360       930960
     1861920            8          98.445     29790720      1861920
     1861920           16         194.371     59581440      3723840
     2048112            1          59.862      4096224       256014
     2048112            2          41.508      8192448       512028
     2048112            4          62.291     16384896      1024056
     2048112            8         111.431     32769792      2048112
     2252904            1          55.035      4505808       281613
     2252904            2          49.741      9011616       563226
     2252904            4          73.973     18023232      1126452
     2252904            8         132.456     36046464      2252904
     2478192            1          57.783      4956384       309774
     2478192            2          52.951      9912768       619548
     2478192            4          77.340     19825536      1239096
     2478192            8         141.652     39651072      2478192
     2725992            1          61.814      5451984       340749
     2725992            2          58.287     10903968       681498
     2725992            4          89.565     21807936      1362996
     2725992            8         157.380     43615872      2725992
     2998584            1          66.659      5997168       374823
     2998584            2          75.034     11994336       749646
     2998584            4         103.169     23988672      1499292
     2998584            8         176.297     47977344      2998584
     3298440            1          68.272      6596880       412305
     3298440            2          87.181     13193760       824610
     3298440            4         116.057     26387520      1649220
     3298440            8         204.010     52775040      3298440
     3628272            1         105.453      7256544       453534
     3628272            2          99.021     14513088       907068
     3628272            4         129.894     29026176      1814136
     3628272            8         233.513     58052352      3628272
     3991080            1          87.381      7982160       498885
     3991080            2         111.601     15964320       997770
     3991080            4         149.335     31928640      1995540
     4390176            1          91.055      8780352       548772
     4390176            2         116.059     17560704      1097544
     4390176            4         174.465     35121408      2195088
     4829184            1         118.965      9658368       603648
     4829184            2         131.467     19316736      1207296
     4829184            4         196.933     38633472      2414592
     5312088            1          86.856     10624176       664011
     5312088            2         144.036     21248352      1328022
     5312088            4         218.505     42496704      2656044
     5843280            1         131.010     11686560       730410
     5843280            2         159.872     23373120      1460820
     5843280            4         241.005     46746240      2921640
     6427608            1         102.664     12855216       803451
     6427608            2         181.314     25710432      1606902
     6427608            4         273.761     51420864      3213804
     7070352            1         133.873     14140704       883794
     7070352            2         205.179     28281408      1767588
     7070352            4         313.076     56562816      3535176
     7777368            1         160.589     15554736       972171
     7777368            2         234.063     31109472      1944342
     8555088            1         145.011     17110176      1069386
     8555088            2         241.661     34220352      2138772
     9410592            1         157.396     18821184      1176324
     9410592            2         267.137     37642368      2352648
    10351632            1         174.452     20703264      1293954
    10351632            2         297.003     41406528      2587908
    11386776            1         192.316     22773552      1423347
    11386776            2         329.077     45547104      2846694
    12525432            1         211.069     25050864      1565679
    12525432            2         365.292     50101728      3131358
    13777968            1         263.630     27555936      1722246
    13777968            2         407.261     55111872      3444492
    15155760            1         291.361     30311520      1894470
    15155760            2         506.639     60623040      3788940
    16671336            1         294.009     33342672      2083917
    18338448            1         372.815     36676896      2292306
    20172288            1         441.929     40344576      2521536
    22189512            1         535.569     44379024      2773689
    24408456            1         603.003     48816912      3051057
    26849280            1         589.310     53698560      3356160
    29534208            1         728.040     59068416      3691776

META_DATA
FLOPS          1
OPENMP_THREADS 3
ERT_VERSION  1.1.0
HOSTNAME  ('cirrus4.computing.clemson.edu', ['cirrus4'], ['127.0.1.1'])
UNAME  uname_result(system='Linux', node='cirrus4.computing.clemson.edu', release='5.4.0-81-generic', version='#91-Ubuntu SMP Thu Jul 15 19:09:17 UTC 2021', machine='x86_64', processor='x86_64')
TIMESTAMP_DATA  1632245390.8826532
CONFIG  {'ERT_RESULTS': ['Results.cs.clemson.edu'], 'ERT_DRIVER': ['driver1'], 'ERT_KERNEL': ['kernel1'], 'ERT_MPI': ['False'], 'ERT_MPI_CFLAGS': [], 'ERT_MPI_LDFLAGS': [], 'ERT_OPENMP': ['True'], 'ERT_OPENMP_CFLAGS': ['-fopenmp'], 'ERT_OPENMP_LDFLAGS': ['-fopenmp'], 'ERT_FLOPS': ['1,2,4'], 'ERT_ALIGN': ['32'], 'ERT_CC': ['g++'], 'ERT_CFLAGS': ['-O3', '-std=c++11', '-fstrict-aliasing', '-march=native'], 'ERT_LD': ['g++'], 'ERT_LDFLAGS': [], 'ERT_LDLIBS': [], 'ERT_PRECISION': ['FP64'], 'ERT_RUN': ['export', 'OMP_NUM_THREADS=ERT_OPENMP_THREADS;', 'export', 'OMP_PLACES=threads;', 'export', 'OMP_PROC_BIND=spread;', './ERT_CODE'], 'ERT_PROCS_THREADS': ['8'], 'ERT_MPI_PROCS': ['2,4,8'], 'ERT_OPENMP_THREADS': ['1-8'], 'ERT_NUM_EXPERIMENTS': ['5'], 'ERT_MEMORY_MAX': ['31000000'], 'ERT_WORKING_SET_MIN': ['1'], 'ERT_TRIALS_MIN': ['1'], 'ERT_GNUPLOT': ['gnuplot'], 'ERT_GPU': [False], 'ERT_HIP': [False], 'ERT_OCL': [False], 'ERT_SYCL': [False], 'ERT_WSS_MULT': [1.1]}
