fp64
 32 524288 1806.879 2380.499 3799.321 8.831691768081718 14.095545513776734 18.570381303894727 2.2079229420204296 3.5238863784441836 4.642595325973682
 64 262144 910.252 1297.537 1628.325 20.606716718099886 25.860096475090884 36.862794039452815 5.1516791795249715 6.465024118772721 9.215698509863204
 96 262144 701.538 1237.911 1639.248 30.704108225234986 40.6585352258765 71.7447208846848 7.6760270563087465 10.164633806469125 17.9361802211712
 128 131072 375.583 585.085 663.725 50.55472070511131 57.34967056068776 89.33959204756339 12.638680176277827 14.33741764017194 22.334898011890846
 160 131072 375.586 461.969 584.423 71.76829111790603 90.79189296251481 111.67359805743558 17.942072779476508 22.697973240628702 27.918399514358896
 192 131072 375.562 450.846 619.703 81.21898393262579 111.63822680028213 134.01688136712445 20.304745983156447 27.90955670007053 33.504220341781114
 224 131072 375.693 451.156 605.421 96.99078162138412 130.15510377785066 156.29850968743096 24.24769540534603 32.538775944462664 39.07462742185774
 256 65536 188.279 230.537 304.769 110.09791678287492 145.54900948654662 178.2165403470382 27.52447919571873 36.387252371636656 44.55413508675955
 288 65536 194.774 222.184 294.193 128.31282865329902 169.89853454794223 193.80787990183495 32.078207163324755 42.47463363698556 48.45196997545874
 320 65536 209.058 213.488 225.674 185.85676684066397 196.4655624672113 200.62872504281108 46.46419171016599 49.116390616802825 50.15718126070277
 352 65536 207.851 209.989 226.002 204.14573322359976 219.71314687912223 221.97316346806124 51.03643330589994 54.92828671978056 55.49329086701531
 384 65536 207.803 208.98 238.93 210.65436738793787 240.84432960091874 242.2084762972623 52.66359184698447 60.211082400229685 60.55211907431558
 416 65536 207.875 209.922 247.147 220.62154102619093 259.74386676956203 262.30163319302466 55.15538525654773 64.93596669239051 65.57540829825616
 448 65536 208.138 208.421 224.249 261.85292242105874 281.7386731663316 282.12174614918945 65.46323060526468 70.4346682915829 70.53043653729736
 480 32768 105.622 105.658 109.517 287.236502095565 297.72738458043875 297.8288614114484 71.80912552389125 74.43184614510969 74.4572153528621
 512 32768 104.087 104.209 108.572 309.0523523560402 321.99168977727453 322.3690950839202 77.26308808901005 80.49792244431863 80.59227377098004
 544 32768 104.123 104.188 104.977 339.6132867199482 342.18512688601373 342.3987399517878 84.90332167998704 85.54628172150343 85.59968498794694
 576 32768 106.221 106.428 119.291 316.4424474604119 354.6880144322923 355.37921879854264 79.11061186510298 88.67200360807307 88.84480469963566
 608 32768 109.233 109.271 139.616 285.3962869585148 364.6519936671212 364.7788488826637 71.3490717396287 91.1629984167803 91.19471222066592
 640 32768 104.862 105.068 105.193 398.7246299658723 399.19899493661245 399.9832160363144 99.68115749146807 99.79974873415311 99.9958040090786
 704 32768 109.587 109.728 120.631 382.46672911606464 420.47010790317876 421.01110533183675 95.61668227901616 105.11752697579469 105.25277633295919
 768 32768 106.273 106.42 106.57 472.2872102843202 472.95290358955083 473.60710622641693 118.07180257108006 118.23822589738771 118.40177655660423
 832 32768 123.32 123.51 135.932 401.1266809875527 441.46993765686983 442.1501135257866 100.28167024688817 110.36748441421746 110.53752838144665
 896 32768 110.119 110.282 110.35 532.1273765292252 532.4554868428211 533.2436364296806 133.0318441323063 133.11387171070527 133.31090910742014
 960 16384 62.505 62.528 62.594 502.5606288142633 503.09109518935514 503.27621790256774 125.64015720356582 125.77277379733879 125.81905447564193
 1056 16384 62.573 62.612 63.006 549.2017903056851 552.6577652846099 553.0022214053985 137.30044757642128 138.16444132115248 138.25055535134962
 1152 16384 63.031 63.058 71.985 524.397249426964 598.6351612800912 598.8915930256541 131.099312356741 149.6587903200228 149.72289825641352
 1248 16384 79.951 79.968 116.003 352.5293656198547 511.3853541416566 511.49409013020477 88.13234140496367 127.84633853541415 127.87352253255119
 1344 16384 78.926 81.756 81.799 538.3952371055881 538.6784089241157 557.9934622304437 134.59880927639702 134.66960223102893 139.49836555761092
 1472 16384 86.096 87.738 87.762 549.6057063421526 549.7560464109051 560.240847426129 137.40142658553816 137.43901160272628 140.06021185653225
 1600 16384 94.162 94.176 94.188 556.6399116660297 556.7108392796466 556.7936110108111 139.15997791650742 139.17770981991166 139.19840275270278
 1760 16384 105.659 105.692 106.149 543.3087452543124 545.6579495136814 545.8283724055689 135.8271863135781 136.41448737842035 136.45709310139222
 1920 8192 47.162 47.22 47.349 664.3705252486852 666.1855146124523 667.004791993554 166.0926313121713 166.54637865311307 166.7511979983885
 2112 8192 59.761 59.77 69.369 498.82523893958387 578.9360548770285 579.0232425829554 124.70630973489597 144.73401371925712 144.75581064573885
 2304 8192 56.136 56.435 56.525 667.8237240159222 668.8887392575529 672.4514749893116 166.95593100398054 167.2221848143882 168.1128687473279
 2528 8192 69.506 69.576 69.749 593.8257466056862 595.3022881453376 595.9018214254885 148.45643665142154 148.8255720363344 148.97545535637212
 2752 8192 72.87 72.933 79.95 563.962076297686 618.2217651817422 618.7562508576918 140.9905190744215 154.55544129543554 154.68906271442296
 3008 8192 78.852 78.865 78.958 624.1681906836545 624.9042287453243 625.0072540962815 156.04204767091363 156.22605718633108 156.25181352407037
 3296 8192 87.589 87.626 87.774 615.235308861394 616.2744390934197 616.5347703478747 153.8088272153485 154.06860977335492 154.13369258696866
 3616 8192 90.37 90.62 97.644 606.7402400557127 653.7689693224453 655.5775589244219 151.68506001392817 163.44224233061132 163.89438973110546
 3968 4096 47.89 48.014 48.041 676.6273807789181 677.0078727037946 678.7608268949676 169.15684519472953 169.25196817594866 169.6902067237419
 4352 4096 64.149 65.08 97.197 366.7971645215387 547.8116779348495 555.7621163229356 91.69929113038468 136.95291948371238 138.9405290807339
 4768 4096 58.907 58.981 66.254 589.5410994053188 662.2379410318576 663.0698558745141 147.3852748513297 165.5594852579644 165.76746396862853
 5216 4096 75.492 75.915 120.312 355.1555289580424 562.859408549035 566.0132464367085 88.7888822395106 140.71485213725876 141.50331160917713
 5728 4096 81.48 81.697 99.472 471.7284864082355 574.3635139601209 575.893176239568 117.93212160205887 143.59087849003024 143.973294059892
 6272 4096 75.177 75.204 75.412 681.3268975759826 683.2113185468859 683.4566955318782 170.33172439399564 170.80282963672147 170.86417388296954
 6880 4096 86.291 86.453 141.694 397.7653252784169 651.9260176049414 653.1499229351846 99.44133131960423 162.98150440123536 163.28748073379614
 7552 4096 90.378 90.431 156.829 394.48051061984705 684.1236301710696 684.5248179866782 98.62012765496176 171.0309075427674 171.13120449666954
 8288 2048 51.871 51.94 52.118 651.3612955217006 653.5935309973045 654.4629561797535 162.84032388042516 163.39838274932612 163.61573904493838
 9088 2048 54.49 54.532 54.594 681.8413745100195 682.6165920927162 683.1427417874839 170.46034362750487 170.65414802317906 170.78568544687099
 9984 2048 63.909 65.594 65.875 620.7888273244781 623.448242217276 639.8858376754447 155.19720683111953 155.862060554319 159.97145941886117
 10976 2048 71.767 72.002 80.66 557.3728737912224 624.3951001361073 626.4396728301309 139.3432184478056 156.09877503402683 156.60991820753273
 12064 2048 73.153 73.229 94.762 521.4552668791288 674.7892774720398 675.4903284896039 130.3638167197822 168.69731936800994 168.87258212240098
 13248 2048 85.338 85.433 85.551 634.2860749728231 635.1621504570833 635.8692259017085 158.5715187432058 158.79053761427082 158.96730647542714
 14560 2048 93.393 93.674 107.729 553.5905837796694 636.6522193991929 638.5677727452806 138.39764594491734 159.16305484979821 159.64194318632016
 16000 1024 50.968 51.11 51.148 640.6506608274027 641.1269810213265 642.9132004394913 160.16266520685068 160.28174525533163 160.72830010987283
 17600 1024 56.023 56.426 64.637 557.649643393103 638.7977173643355 643.3928922049872 139.41241084827575 159.69942934108388 160.8482230512468
 19360 1024 60.838 61.211 61.593 643.7302940269186 647.7476270604958 651.7189914198362 160.93257350672965 161.93690676512395 162.92974785495906
 21280 1024 66.768 66.842 66.992 650.5469309768331 652.0068220579875 652.7294512341242 162.63673274420827 163.00170551449688 163.18236280853105
 23392 1024 73.389 73.676 86.256 555.4027082173993 650.2363863401921 652.7792448459578 138.85067705434983 162.55909658504802 163.19481121148945
 25728 1024 80.247 80.791 117.763 447.43207968547 652.1882882994394 656.6095181128267 111.8580199213675 163.04707207485984 164.15237952820667
 28288 1024 87.677 87.957 136.443 424.6009249283583 658.6607546869493 660.7642141040409 106.15023123208958 164.66518867173733 165.19105352601022
 31104 512 48.247 48.482 52.274 609.2990014156177 656.9550761107215 660.1549526395423 152.32475035390442 164.23876902768038 165.03873815988558
 34208 512 52.71 54.703 79.75 439.23500940438873 640.3486463265269 664.5606526275849 109.80875235109718 160.08716158163173 166.14016315689622
 37600 512 58.016 59.889 90.846 423.8205314488255 642.8960243116431 663.6514065085494 105.95513286220637 160.7240060779108 165.91285162713734
 41344 512 63.476 63.826 65.275 648.5830103408656 663.3073669037697 666.9647740878443 162.1457525852164 165.82684172594242 166.74119352196107
 45472 512 69.147 69.7 71.282 653.227013832384 668.0534863701579 673.3962138632189 163.306753458096 167.01337159253947 168.34905346580473
 50016 512 76.436 76.892 78.016 656.4856439704675 666.0820891640222 670.0557852320894 164.1214109926169 166.52052229100556 167.51394630802235
 55008 512 84.151 84.221 85.247 660.7645078419181 668.8140962467793 669.3704412306449 165.19112696047952 167.20352406169482 167.34261030766123
 60480 512 91.414 92.162 93.902 659.5335562607825 671.9854169831383 677.4839740083576 164.88338906519562 167.99635424578457 169.3709935020894
 66528 256 50.737 51.036 51.493 661.4944943972966 667.4178227133788 671.3510061690679 165.37362359932416 166.8544556783447 167.83775154226697
 73152 256 55.83 56.212 91.658 408.62580462152783 666.2958798832989 670.8548092423428 102.15645115538196 166.57396997082472 167.7137023105857
 80448 256 61.304 61.332 61.63 668.3332143436637 671.5805126198395 671.8872504241158 167.08330358591593 167.89512815495988 167.97181260602895
 88480 256 67.112 67.285 67.507 671.0675929903566 673.2817121200864 675.0172845392777 167.76689824758915 168.3204280300216 168.75432113481943
 97312 256 73.805 73.901 73.976 673.5122742511086 674.1958024925239 675.072745748933 168.37806856277714 168.54895062313096 168.76818643723325
 107040 256 80.641 82.158 90.921 602.7703170884614 667.0620024830206 679.6106199079873 150.69257927211535 166.76550062075515 169.9026549769968
 117728 256 89.43 90.197 151.749 397.2133984408464 668.2787232391321 674.010242647881 99.3033496102116 167.06968080978302 168.50256066197025
 129472 128 49.471 49.85 69.966 473.7276963096361 664.8913139418255 669.9850821693518 118.43192407740902 166.22282848545638 167.49627054233795
 142400 128 63.71 64.033 71.996 506.3392410689483 569.3064513610169 572.1927483911473 126.58481026723707 142.32661284025423 143.04818709778684
 156640 128 80.302 80.81 85.549 468.7353446562788 496.2237346863011 499.36290503349846 117.1838361640697 124.05593367157527 124.84072625837462
 172288 128 93.129 93.389 98.015 449.98957302453704 472.27969032755465 473.59821323110947 112.49739325613426 118.06992258188866 118.39955330777737
 189504 128 101.344 102.54 102.951 471.2244077279483 473.1131655939146 478.69655825702563 117.80610193198707 118.27829139847864 119.67413956425641
 208448 128 112.661 112.991 134.829 395.78049232731826 472.2737917179244 473.6571484364598 98.94512308182956 118.0684479294811 118.41428710911495
 229280 128 123.354 123.955 145.305 403.9481091497195 473.52410148844336 475.8311850446682 100.98702728742988 118.38102537211084 118.95779626116705
 252192 64 68.059 68.327 68.415 471.8347730760798 472.4424605207312 474.3028254896487 117.95869326901995 118.1106151301828 118.57570637241217
 277408 64 74.911 75.311 77.865 456.02291144930325 471.4878835761043 474.00547316148493 114.00572786232581 117.87197089402608 118.50136829037123
 305120 64 82.201 82.723 82.911 471.051609557236 472.12214257219875 475.1202540115084 117.762902389309 118.03053564304969 118.7800635028771
 335616 64 90.135 90.654 90.962 472.27246542512256 473.87702693758683 476.60562489598937 118.06811635628064 118.46925673439671 119.15140622399734
 369152 64 99.466 99.956 143.958 328.2308451076008 472.7225579254872 475.05133412422333 82.0577112769002 118.1806394813718 118.76283353105583
 406048 64 109.311 109.912 155.083 335.13759728661427 472.870514593493 475.4703918178408 83.78439932165357 118.21762864837325 118.8675979544602
 446624 64 120.081 120.252 174.778 327.0884893979792 475.40059208994444 476.07758096618113 81.7721223494948 118.85014802248611 119.01939524154528
 491264 32 66.456 66.71 66.846 470.3482033330342 471.3070903912458 473.1084627422656 117.58705083325854 117.82677259781146 118.2771156855664
 540384 32 73.165 73.394 75.736 456.6464561107003 471.21802872169377 472.6928996104694 114.16161402767507 117.80450718042344 118.17322490261735
 594400 32 80.693 80.826 85.921 442.7508990817146 470.6604310494149 471.43618405561824 110.68772477042864 117.66510776235373 117.85904601390456
 653824 32 88.574 89.06 89.198 469.1219085629723 469.84882101953735 472.4268521236481 117.28047714074307 117.46220525488434 118.10671303091202
 719200 32 97.392 97.5 97.794 470.67100231098027 472.0902564102564 472.6137670445212 117.66775057774507 118.0225641025641 118.1534417611303
 791104 32 107.056 107.224 121.684 416.08310048979325 472.195180183541 472.93618293229713 104.02077512244831 118.04879504588526 118.23404573307428
 870208 32 117.65 118.129 129.011 431.6942896342172 471.46180870065774 473.38131746706335 107.9235724085543 117.86545217516444 118.34532936676584
 957216 32 129.116 129.453 152.175 402.574825036964 473.2360316099279 474.4712041884817 100.643706259241 118.30900790248198 118.61780104712042
 1052928 16 72.221 72.551 89.111 378.10927943800425 464.4139432950614 466.53599368604705 94.52731985950106 116.10348582376535 116.63399842151176
 1158208 16 79.391 79.615 157.158 235.83053996614873 465.52353199773916 466.8369966368984 58.957634991537184 116.38088299943479 116.7092491592246
 1274016 16 88.134 94.701 118.794 343.18662558715084 430.4971647606678 462.5741711484784 85.79665639678771 107.62429119016694 115.6435427871196
 1401408 16 95.343 96.297 101.692 440.989025685403 465.69525530390354 470.35499197633806 110.24725642135076 116.42381382597588 117.58874799408451
 1541536 16 105.462 106.25 131.898 373.9946928687319 464.2743717647059 467.7433767612979 93.49867321718297 116.06859294117648 116.93584419032447
 1695680 16 116.543 120.764 128.643 421.8011084940494 449.3206584743798 465.5943299897891 105.45027712351235 112.33016461859495 116.39858249744728
 1865248 16 127.179 131.93 183.854 324.6485580950102 452.4212536951413 469.32226232318226 81.16213952375254 113.10531342378532 117.33056558079556
 2051744 8 72.514 76.652 114.934 285.62395809769083 428.27198246621094 452.7112557575089 71.40598952442271 107.06799561655274 113.17781393937723
 2256896 8 79.517 80.367 85.956 420.1025641025641 449.31795388654547 454.1209552674271 105.02564102564102 112.32948847163637 113.53023881685678
 2482560 8 88.045 91.32 96.705 410.74360167519774 434.9645203679369 451.1438468964734 102.68590041879943 108.74113009198423 112.78596172411835
 2730816 8 97.383 101.877 106.025 412.10144777175196 428.8804735121765 448.67231446967133 103.02536194293799 107.22011837804412 112.16807861741783
 3003872 8 109.204 112.762 118.454 405.7435966704375 426.2247210939855 440.11164426211496 101.43589916760938 106.55618027349638 110.02791106552874
 3304256 8 121.867 127.942 139.698 378.4456184054174 413.21923996811057 433.81798189829897 94.61140460135435 103.30480999202764 108.45449547457474
 3634656 8 141.647 144.946 205.92 282.41305361305365 401.2149076207691 410.5593199997177 70.60326340326341 100.30372690519228 102.63982999992942
 3998112 4 89.672 92.408 127.658 250.55144213445297 346.12691541857845 356.6876617004193 62.63786053361324 86.53172885464461 89.17191542510483
 4397920 4 104.626 107.817 109.172 322.27457589858204 326.3247910811839 336.2774071454514 80.56864397464551 81.58119777029597 84.06935178636284
 4837696 4 125.3 127.609 157.009 246.49267239457615 303.2824330572295 308.8712529928172 61.62316809864404 75.82060826430738 77.2178132482043
 5321440 4 144.634 151.229 173.162 245.8479343042931 281.50367984976424 294.3396435139733 61.46198357607327 70.37591996244106 73.58491087849332
 5853568 4 168.888 175.358 178.406 262.4830106610764 267.0453814482373 277.2757330301738 65.6207526652691 66.76134536205933 69.31893325754345
 6438912 4 195.571 204.337 209.049 246.4077608598941 252.08991029524756 263.3892346002219 61.601940214973524 63.02247757381189 65.84730865005548
 7082784 4 223.477 226.482 242.005 234.1367822978864 250.18443849842373 253.5485620444162 58.5341955744716 62.54610962460593 63.38714051110405
 7791040 2 166.573 167.11 177.602 175.4718978389883 186.48889952725747 187.090104638807 43.867974459747074 46.62222488181437 46.77252615970175
 8570144 2 184.43 185.898 186.602 183.70958510626895 184.40529752875233 185.8731009054926 45.92739627656724 46.10132438218808 46.46827522637315
 9427136 2 205.105 206.027 245.948 153.3191731585538 183.0271954646721 183.84995002559663 38.32979328963845 45.756798866168026 45.96248750639916
 10369824 2 223.498 228.31 237.834 174.40439970735892 181.67971617537557 185.59135204789305 43.60109992683973 45.419929043843894 46.39783801197326
 11406784 2 246.757 250.85 304.298 149.94228026474048 181.89011760015944 184.9071596753081 37.48557006618512 45.47252940003986 46.22678991882702
 12547456 2 274.807 279.249 357.146 140.5302705336193 179.73143681803694 182.6366286157194 35.132567633404825 44.932859204509235 45.65915715392985
 13802176 2 311.322 313.35 387.05 142.63972096628342 176.1886197542684 177.33633986676173 35.659930241570855 44.0471549385671 44.33408496669043
 15182368 2 351.928 360.175 372.077 163.21748455292857 168.61101409037272 172.56220590575344 40.80437113823214 42.15275352259318 43.14055147643836
 16700576 1 217.331 222.85 291.737 114.49062683170115 149.8817680053848 153.6879322324013 28.622656707925287 37.4704420013462 38.421983058100324
 18370624 1 252.825 269.182 319.949 114.83470178059626 136.49221716162296 145.32284386433304 28.708675445149066 34.12305429040574 36.33071096608326
 20207680 1 292.177 295.25 388.385 104.06004351352395 136.88521591871296 138.32491948373757 26.015010878380988 34.22130397967824 34.58122987093439
 22228448 1 336.872 338.172 375.531 118.38409079410222 131.46238009060477 131.96969768933008 29.596022698525555 32.86559502265119 32.99242442233252
 24451264 1 384.1 389.258 451.093 108.408971099086 125.63011678629599 127.31717781827649 27.1022427747715 31.407529196573996 31.829294454569123
 26896384 1 443.205 445.58 465.309 115.60654962616239 120.72527492257282 121.3722047359574 28.901637406540598 30.181318730643206 30.34305118398935
 29586016 1 511.043 552.558 634.619 93.2402465101108 107.0874586921192 115.78679680574825 23.3100616275277 26.7718646730298 28.946699201437063
 
META_DATA
 FLOPS          4
 OPENMP_THREADS 4
 ERT_VERSION  1.1.0
 HOSTNAME  ('cirrus4.computing.clemson.edu', ['cirrus4'], ['127.0.1.1'])
 UNAME  uname_result(system='Linux', node='cirrus4.computing.clemson.edu', release='5.4.0-81-generic', version='#91-Ubuntu SMP Thu Jul 15 19:09:17 UTC 2021', machine='x86_64', processor='x86_64')
 TIMESTAMP_DATA  1632245415.416406
 CONFIG  {'ERT_RESULTS': ['Results.cs.clemson.edu'], 'ERT_DRIVER': ['driver1'], 'ERT_KERNEL': ['kernel1'], 'ERT_MPI': ['False'], 'ERT_MPI_CFLAGS': [], 'ERT_MPI_LDFLAGS': [], 'ERT_OPENMP': ['True'], 'ERT_OPENMP_CFLAGS': ['-fopenmp'], 'ERT_OPENMP_LDFLAGS': ['-fopenmp'], 'ERT_FLOPS': ['1,2,4'], 'ERT_ALIGN': ['32'], 'ERT_CC': ['g++'], 'ERT_CFLAGS': ['-O3', '-std=c++11', '-fstrict-aliasing', '-march=native'], 'ERT_LD': ['g++'], 'ERT_LDFLAGS': [], 'ERT_LDLIBS': [], 'ERT_PRECISION': ['FP64'], 'ERT_RUN': ['export', 'OMP_NUM_THREADS=ERT_OPENMP_THREADS;', 'export', 'OMP_PLACES=threads;', 'export', 'OMP_PROC_BIND=spread;', './ERT_CODE'], 'ERT_PROCS_THREADS': ['8'], 'ERT_MPI_PROCS': ['2,4,8'], 'ERT_OPENMP_THREADS': ['1-8'], 'ERT_NUM_EXPERIMENTS': ['5'], 'ERT_MEMORY_MAX': ['31000000'], 'ERT_WORKING_SET_MIN': ['1'], 'ERT_TRIALS_MIN': ['1'], 'ERT_GNUPLOT': ['gnuplot'], 'ERT_GPU': [False], 'ERT_HIP': [False], 'ERT_OCL': [False], 'ERT_SYCL': [False], 'ERT_WSS_MULT': [1.1]}
 TIMESTAMP_DATA  1632245415.563925
 TIMESTAMP_DATA  1632245415.7193863
 TIMESTAMP_DATA  1632245415.8453581
 TIMESTAMP_DATA  1632245415.9707599
 