fp64
          32            1           1.836           64           16
          32            2           0.676          128           32
          32            4           0.866          256           64
          32            8           0.703          512          128
          32           16           0.711         1024          256
          32           32           0.887         2048          512
          32           64           1.387         4096         1024
          32          128           1.613         8192         2048
          32          256           3.050        16384         4096
          32          512           5.342        32768         8192
          32         1024          10.227        65536        16384
          32         2048          19.644       131072        32768
          32         4096          38.405       262144        65536
          32         8192          75.914       524288       131072
          32        16384         151.109      1048576       262144
          32        32768         302.822      2097152       524288
          32        65536         621.610      4194304      1048576
          32       131072        1206.235      8388608      2097152
          32       262144        2434.994     16777216      4194304
          32       524288        3799.321     33554432      8388608
          64            1           1.038          128           32
          64            2           0.525          256           64
          64            4           0.613          512          128
          64            8           0.610         1024          256
          64           16           0.692         2048          512
          64           32           0.614         4096         1024
          64           64           0.823         8192         2048
          64          128           1.134        16384         4096
          64          256           2.061        32768         8192
          64          512           3.713        65536        16384
          64         1024           6.903       131072        32768
          64         2048          13.109       262144        65536
          64         4096          25.680       524288       131072
          64         8192          50.746      1048576       262144
          64        16384         100.819      2097152       524288
          64        32768         201.200      4194304      1048576
          64        65536         403.343      8388608      2097152
          64       131072         803.346     16777216      4194304
          64       262144        1608.075     33554432      8388608
          96            1           0.695          192           48
          96            2           0.507          384           96
          96            4           0.501          768          192
          96            8           0.539         1536          384
          96           16           0.575         3072          768
          96           32           0.627         6144         1536
          96           64           0.818        12288         3072
          96          128           1.269        24576         6144
          96          256           2.155        49152        12288
          96          512           3.626        98304        24576
          96         1024           6.936       196608        49152
          96         2048          13.374       393216        98304
          96         4096          26.049       786432       196608
          96         8192          51.622      1572864       393216
          96        16384         102.713      3145728       786432
          96        32768         204.960      6291456      1572864
          96        65536         409.597     12582912      3145728
          96       131072         819.857     25165824      6291456
          96       262144        1639.248     50331648     12582912
         128            1           1.519          256           64
         128            2           0.576          512          128
         128            4           0.439         1024          256
         128            8           0.455         2048          512
         128           16           0.446         4096         1024
         128           32           0.570         8192         2048
         128           64           0.876        16384         4096
         128          128           0.925        32768         8192
         128          256           1.645        65536        16384
         128          512           2.749       131072        32768
         128         1024           4.971       262144        65536
         128         2048           9.399       524288       131072
         128         4096          18.628      1048576       262144
         128         8192          36.775      2097152       524288
         128        16384          74.261      4194304      1048576
         128        32768         146.456      8388608      2097152
         128        65536         292.369     16777216      4194304
         128       131072         585.085     33554432      8388608
         160            1           0.987          320           80
         160            2           0.486          640          160
         160            4           0.415         1280          320
         160            8           0.432         2560          640
         160           16           0.574         5120         1280
         160           32           0.662        10240         2560
         160           64           0.875        20480         5120
         160          128           1.071        40960        10240
         160          256           1.657        81920        20480
         160          512           2.660       163840        40960
         160         1024           4.878       327680        81920
         160         2048           9.532       655360       163840
         160         4096          18.758      1310720       327680
         160         8192          36.926      2621440       655360
         160        16384          73.396      5242880      1310720
         160        32768         146.388     10485760      2621440
         160        65536         293.487     20971520      5242880
         160       131072         584.423     41943040     10485760
         192            1           0.699          384           96
         192            2           0.486          768          192
         192            4           0.506         1536          384
         192            8           0.460         3072          768
         192           16           0.537         6144         1536
         192           32           0.678        12288         3072
         192           64           0.687        24576         6144
         192          128           1.050        49152        12288
         192          256           1.550        98304        24576
         192          512           2.684       196608        49152
         192         1024           5.019       393216        98304
         192         2048           9.414       786432       196608
         192         4096          18.666      1572864       393216
         192         8192          44.797      3145728       786432
         192        16384          73.414      6291456      1572864
         192        32768         146.517     12582912      3145728
         192        65536         292.418     25165824      6291456
         192       131072         585.071     50331648     12582912
         224            1           0.629          448          112
         224            2           0.467          896          224
         224            4           0.550         1792          448
         224            8           0.524         3584          896
         224           16           0.652         7168         1792
         224           32           0.652        14336         3584
         224           64           0.658        28672         7168
         224          128           1.120        57344        14336
         224          256           1.505       114688        28672
         224          512           2.548       229376        57344
         224         1024           5.002       458752       114688
         224         2048           9.463       917504       229376
         224         4096          18.618      1835008       458752
         224         8192          37.005      3670016       917504
         224        16384          90.505      7340032      1835008
         224        32768         146.378     14680064      3670016
         224        65536         292.246     29360128      7340032
         224       131072         585.167     58720256     14680064
         256            1           1.160          512          128
         256            2           0.511         1024          256
         256            4           0.474         2048          512
         256            8           0.577         4096         1024
         256           16           0.546         8192         2048
         256           32           0.608        16384         4096
         256           64           0.860        32768         8192
         256          128           1.107        65536        16384
         256          256           1.650       131072        32768
         256          512           2.767       262144        65536
         256         1024           5.088       524288       131072
         256         2048           9.474      1048576       262144
         256         4096          18.785      2097152       524288
         256         8192          37.164      4194304      1048576
         256        16384          73.529      8388608      2097152
         256        32768         146.481     16777216      4194304
         256        65536         304.769     33554432      8388608
         288            1           1.205          576          144
         288            2           0.581         1152          288
         288            4           0.531         2304          576
         288            8           0.622         4608         1152
         288           16           0.657         9216         2304
         288           32           0.558        18432         4608
         288           64           0.778        36864         9216
         288          128           1.000        73728        18432
         288          256           1.511       147456        36864
         288          512           2.736       294912        73728
         288         1024           4.978       589824       147456
         288         2048           9.632      1179648       294912
         288         4096          18.626      2359296       589824
         288         8192          36.896      4718592      1179648
         288        16384          73.508      9437184      2359296
         288        32768         146.680     18874368      4718592
         288        65536         294.193     37748736      9437184
         320            1           0.806          640          160
         320            2          12.083         1280          320
         320            4           0.462         2560          640
         320            8           0.626         5120         1280
         320           16           0.460        10240         2560
         320           32           0.639        20480         5120
         320           64           0.564        40960        10240
         320          128           0.934        81920        20480
         320          256           1.069       163840        40960
         320          512           1.989       327680        81920
         320         1024           3.435       655360       163840
         320         2048           6.493      1310720       327680
         320         4096          12.498      2621440       655360
         320         8192          34.411      5242880      1310720
         320        16384          59.792     10485760      2621440
         320        32768         105.377     20971520      5242880
         320        65536         209.058     41943040     10485760
         352            1           0.354          704          176
         352            2           0.685         1408          352
         352            4           0.605         2816          704
         352            8           0.570         5632         1408
         352           16           0.487        11264         2816
         352           32           0.453        22528         5632
         352           64           0.651        45056        11264
         352          128           0.729        90112        22528
         352          256           1.284       180224        45056
         352          512           2.029       360448        90112
         352         1024           3.569       720896       180224
         352         2048          16.683      1441792       360448
         352         4096          13.825      2883584       720896
         352         8192          41.863      5767168      1441792
         352        16384          52.441     11534336      2883584
         352        32768         104.230     23068672      5767168
         352        65536         209.989     46137344     11534336
         384            1           0.341          768          192
         384            2           0.424         1536          384
         384            4           0.379         3072          768
         384            8           0.460         6144         1536
         384           16           0.417        12288         3072
         384           32           0.706        24576         6144
         384           64           0.635        49152        12288
         384          128           0.826        98304        24576
         384          256           1.172       196608        49152
         384          512           2.000       393216        98304
         384         1024           3.757       786432       196608
         384         2048           6.998      1572864       393216
         384         4096          13.316      3145728       786432
         384         8192          26.383      6291456      1572864
         384        16384          52.421     12582912      3145728
         384        32768         163.945     25165824      6291456
         384        65536         208.980     50331648     12582912
         416            1           0.591          832          208
         416            2           0.302         1664          416
         416            4           0.519         3328          832
         416            8           0.399         6656         1664
         416           16           0.446        13312         3328
         416           32           0.600        26624         6656
         416           64           0.597        53248        13312
         416          128           0.808       106496        26624
         416          256           1.370       212992        53248
         416          512           2.218       425984       106496
         416         1024           3.717       851968       212992
         416         2048           6.851      1703936       425984
         416         4096          13.521      3407872       851968
         416         8192          26.469      6815744      1703936
         416        16384          52.315     13631488      3407872
         416        32768         105.142     27262976      6815744
         416        65536         209.922     54525952     13631488
         448            1           0.281          896          224
         448            2           0.444         1792          448
         448            4           0.525         3584          896
         448            8           0.625         7168         1792
         448           16           0.426        14336         3584
         448           32           0.493        28672         7168
         448           64           0.672        57344        14336
         448          128           0.802       114688        28672
         448          256           1.416       229376        57344
         448          512           2.067       458752       114688
         448         1024           3.767       917504       229376
         448         2048           6.878      1835008       458752
         448         4096          13.346      3670016       917504
         448         8192          26.416      7340032      1835008
         448        16384          52.264     14680064      3670016
         448        32768         104.289     29360128      7340032
         448        65536         208.421     58720256     14680064
         480            1           0.316          960          240
         480            2           0.464         1920          480
         480            4           0.473         3840          960
         480            8           0.388         7680         1920
         480           16           0.591        15360         3840
         480           32           0.468        30720         7680
         480           64           0.604        61440        15360
         480          128           0.777       122880        30720
         480          256           1.185       245760        61440
         480          512           2.047       491520       122880
         480         1024           3.826       983040       245760
         480         2048           6.884      1966080       491520
         480         4096          13.618      3932160       983040
         480         8192          26.769      7864320      1966080
         480        16384          53.124     15728640      3932160
         480        32768         105.716     31457280      7864320
         512            1           0.327         1024          256
         512            2           0.435         2048          512
         512            4           0.427         4096         1024
         512            8           0.531         8192         2048
         512           16           0.420        16384         4096
         512           32           0.442        32768         8192
         512           64           0.590        65536        16384
         512          128           0.925       131072        32768
         512          256           1.284       262144        65536
         512          512           1.961       524288       131072
         512         1024           3.638      1048576       262144
         512         2048           6.923      2097152       524288
         512         4096          13.354      4194304      1048576
         512         8192          26.338      8388608      2097152
         512        16384          52.324     16777216      4194304
         512        32768         104.169     33554432      8388608
         544            1           0.439         1088          272
         544            2           0.521         2176          544
         544            4           0.485         4352         1088
         544            8           0.533         8704         2176
         544           16           0.669        17408         4352
         544           32           0.604        34816         8704
         544           64           0.717        69632        17408
         544          128           0.811       139264        34816
         544          256           1.282       278528        69632
         544          512           2.116       557056       139264
         544         1024           3.768      1114112       278528
         544         2048           6.920      2228224       557056
         544         4096          13.437      4456448      1114112
         544         8192          26.348      8912896      2228224
         544        16384          54.675     17825792      4456448
         544        32768         104.123     35651584      8912896
         576            1           0.450         1152          288
         576            2           0.484         2304          576
         576            4           0.412         4608         1152
         576            8           0.668         9216         2304
         576           16           0.469        18432         4608
         576           32           0.528        36864         9216
         576           64           0.620        73728        18432
         576          128           0.876       147456        36864
         576          256           1.368       294912        73728
         576          512           2.127       589824       147456
         576         1024           3.705      1179648       294912
         576         2048           6.955      2359296       589824
         576         4096          13.556      4718592      1179648
         576         8192          26.904      9437184      2359296
         576        16384          53.434     18874368      4718592
         576        32768         106.347     37748736      9437184
         608            1           0.358         1216          304
         608            2           0.392         2432          608
         608            4           0.569         4864         1216
         608            8           0.566         9728         2432
         608           16           0.436        19456         4864
         608           32           0.514        38912         9728
         608           64           0.637        77824        19456
         608          128           0.894       155648        38912
         608          256           1.296       311296        77824
         608          512           2.109       622592       155648
         608         1024           4.123      1245184       311296
         608         2048           7.301      2490368       622592
         608         4096          14.012      4980736      1245184
         608         8192          27.692      9961472      2490368
         608        16384          54.946     19922944      4980736
         608        32768         109.271     39845888      9961472
         640            1           0.607         1280          320
         640            2           0.539         2560          640
         640            4           0.546         5120         1280
         640            8           0.587        10240         2560
         640           16           0.578        20480         5120
         640           32           0.479        40960        10240
         640           64           0.725        81920        20480
         640          128           0.904       163840        40960
         640          256           1.380       327680        81920
         640          512           2.015       655360       163840
         640         1024           3.738      1310720       327680
         640         2048           6.918      2621440       655360
         640         4096          13.491      5242880      1310720
         640         8192          26.700     10485760      2621440
         640        16384          52.678     20971520      5242880
         640        32768         105.072     41943040     10485760
         704            1           0.358         1408          352
         704            2           0.414         2816          704
         704            4           0.608         5632         1408
         704            8           0.494        11264         2816
         704           16           0.490        22528         5632
         704           32           0.470        45056        11264
         704           64           0.623        90112        22528
         704          128           0.963       180224        45056
         704          256           1.241       360448        90112
         704          512           2.245       720896       180224
         704         1024           3.904      1441792       360448
         704         2048           7.139      2883584       720896
         704         4096          14.209      5767168      1441792
         704         8192          30.014     11534336      2883584
         704        16384          54.989     23068672      5767168
         704        32768         120.631     46137344     11534336
         768            1           0.334         1536          384
         768            2           0.446         3072          768
         768            4           0.631         6144         1536
         768            8           0.578        12288         3072
         768           16           0.494        24576         6144
         768           32           0.549        49152        12288
         768           64           0.672        98304        24576
         768          128           0.836       196608        49152
         768          256           1.419       393216        98304
         768          512           2.147       786432       196608
         768         1024           3.762      1572864       393216
         768         2048           7.130      3145728       786432
         768         4096          13.753      6291456      1572864
         768         8192          27.092     12582912      3145728
         768        16384          53.406     25165824      6291456
         768        32768         106.570     50331648     12582912
         832            1           0.312         1664          416
         832            2           0.376         3328          832
         832            4           0.437         6656         1664
         832            8           0.473        13312         3328
         832           16           0.628        26624         6656
         832           32           0.730        53248        13312
         832           64           0.626       106496        26624
         832          128           0.923       212992        53248
         832          256           1.378       425984       106496
         832          512           2.189       851968       212992
         832         1024           4.101      1703936       425984
         832         2048           7.938      3407872       851968
         832         4096          15.667      6815744      1703936
         832         8192          31.085     13631488      3407872
         832        16384          61.910     27262976      6815744
         832        32768         123.510     54525952     13631488
         896            1           0.309         1792          448
         896            2           0.535         3584          896
         896            4           0.743         7168         1792
         896            8           0.489        14336         3584
         896           16           0.520        28672         7168
         896           32           0.553        57344        14336
         896           64           0.597       114688        28672
         896          128           0.861       229376        57344
         896          256           1.290       458752       114688
         896          512           2.151       917504       229376
         896         1024           3.871      1835008       458752
         896         2048           7.242      3670016       917504
         896         4096          14.067      7340032      1835008
         896         8192          27.849     14680064      3670016
         896        16384          55.277     29360128      7340032
         896        32768         110.282     58720256     14680064
         960            1           0.563         1920          480
         960            2           0.561         3840          960
         960            4           0.535         7680         1920
         960            8           0.482        15360         3840
         960           16           0.551        30720         7680
         960           32           0.573        61440        15360
         960           64           0.624       122880        30720
         960          128           0.925       245760        61440
         960          256           1.324       491520       122880
         960          512           2.286       983040       245760
         960         1024           4.209      1966080       491520
         960         2048          23.825      3932160       983040
         960         4096          15.886      7864320      1966080
         960         8192          31.474     15728640      3932160
         960        16384          62.594     31457280      7864320
        1056            1           0.435         2112          528
        1056            2           0.384         4224         1056
        1056            4           0.587         8448         2112
        1056            8           0.478        16896         4224
        1056           16           0.496        33792         8448
        1056           32           0.561        67584        16896
        1056           64           0.691       135168        33792
        1056          128           0.927       270336        67584
        1056          256           1.296       540672       135168
        1056          512           2.222      1081344       270336
        1056         1024           4.172      2162688       540672
        1056         2048           8.067      4325376      1081344
        1056         4096          15.944      8650752      2162688
        1056         8192          31.703     17301504      4325376
        1056        16384          62.612     34603008      8650752
        1152            1           0.639         2304          576
        1152            2           0.542         4608         1152
        1152            4           0.438         9216         2304
        1152            8           0.628        18432         4608
        1152           16           0.437        36864         9216
        1152           32           0.581        73728        18432
        1152           64           0.603       147456        36864
        1152          128           0.917       294912        73728
        1152          256           1.432       589824       147456
        1152          512           2.389      1179648       294912
        1152         1024           4.360      2359296       589824
        1152         2048           8.251      4718592      1179648
        1152         4096          16.019      9437184      2359296
        1152         8192          31.758     18874368      4718592
        1152        16384          71.985     37748736      9437184
        1248            1           0.476         2496          624
        1248            2           0.434         4992         1248
        1248            4           0.375         9984         2496
        1248            8           0.574        19968         4992
        1248           16           0.498        39936         9984
        1248           32           0.521        79872        19968
        1248           64           0.668       159744        39936
        1248          128           0.955       319488        79872
        1248          256           1.558       638976       159744
        1248          512           2.744      1277952       319488
        1248         1024           5.234      2555904       638976
        1248         2048          10.203      5111808      1277952
        1248         4096          20.188     10223616      2555904
        1248         8192          40.067     20447232      5111808
        1248        16384          79.951     40894464     10223616
        1344            1           1.238         2688          672
        1344            2           0.412         5376         1344
        1344            4           0.570        10752         2688
        1344            8           0.558        21504         5376
        1344           16           0.484        43008        10752
        1344           32           0.579        86016        21504
        1344           64           0.730       172032        43008
        1344          128           1.006       344064        86016
        1344          256           1.649       688128       172032
        1344          512           2.815      1376256       344064
        1344         1024           5.349      2752512       688128
        1344         2048          10.489      5505024      1376256
        1344         4096          20.629     11010048      2752512
        1344         8192          41.017     22020096      5505024
        1344        16384          81.799     44040192     11010048
        1472            1           0.317         2944          736
        1472            2           0.641         5888         1472
        1472            4           0.638        11776         2944
        1472            8           0.618        23552         5888
        1472           16           0.558        47104        11776
        1472           32           0.528        94208        23552
        1472           64           0.717       188416        47104
        1472          128           1.079       376832        94208
        1472          256           1.716       753664       188416
        1472          512           3.113      1507328       376832
        1472         1024           5.792      3014656       753664
        1472         2048          11.371      6029312      1507328
        1472         4096          22.228     12058624      3014656
        1472         8192          44.097     24117248      6029312
        1472        16384          87.738     48234496     12058624
        1600            1           0.609         3200          800
        1600            2           0.521         6400         1600
        1600            4           0.438        12800         3200
        1600            8           0.523        25600         6400
        1600           16           0.527        51200        12800
        1600           32           0.542       102400        25600
        1600           64           0.833       204800        51200
        1600          128           1.112       409600       102400
        1600          256           1.773       819200       204800
        1600          512           3.231      1638400       409600
        1600         1024           6.150      3276800       819200
        1600         2048          12.203      6553600      1638400
        1600         4096          23.843     13107200      3276800
        1600         8192          47.219     26214400      6553600
        1600        16384          94.188     52428800     13107200
        1760            1           0.311         3520          880
        1760            2           0.428         7040         1760
        1760            4           0.451        14080         3520
        1760            8           0.523        28160         7040
        1760           16           0.628        56320        14080
        1760           32           0.638       112640        28160
        1760           64           0.851       225280        56320
        1760          128           1.208       450560       112640
        1760          256           1.966       901120       225280
        1760          512           3.582      1802240       450560
        1760         1024           6.837      3604480       901120
        1760         2048          13.493      7208960      1802240
        1760         4096          26.645     14417920      3604480
        1760         8192          53.012     28835840      7208960
        1760        16384         105.707     57671680     14417920
        1920            1           0.321         3840          960
        1920            2           0.527         7680         1920
        1920            4           0.482        15360         3840
        1920            8           0.596        30720         7680
        1920           16           0.537        61440        15360
        1920           32           0.640       122880        30720
        1920           64           0.769       245760        61440
        1920          128           1.110       491520       122880
        1920          256           1.911       983040       245760
        1920          512           3.306      1966080       491520
        1920         1024           6.237      3932160       983040
        1920         2048          12.076      7864320      1966080
        1920         4096          23.824     15728640      3932160
        1920         8192          47.349     31457280      7864320
        2112            1           0.366         4224         1056
        2112            2           0.573         8448         2112
        2112            4           0.427        16896         4224
        2112            8           0.480        33792         8448
        2112           16           0.439        67584        16896
        2112           32           0.714       135168        33792
        2112           64           0.824       270336        67584
        2112          128           1.289       540672       135168
        2112          256           2.168      1081344       270336
        2112          512           3.986      2162688       540672
        2112         1024           7.689      4325376      1081344
        2112         2048          15.183      8650752      2162688
        2112         4096          30.024     17301504      4325376
        2112         8192          59.786     34603008      8650752
        2304            1           0.382         4608         1152
        2304            2           0.597         9216         2304
        2304            4           0.481        18432         4608
        2304            8           0.495        36864         9216
        2304           16           0.554        73728        18432
        2304           32           0.597       147456        36864
        2304           64           0.832       294912        73728
        2304          128           1.295       589824       147456
        2304          256           2.189      1179648       294912
        2304          512           3.847      2359296       589824
        2304         1024           7.342      4718592      1179648
        2304         2048          14.337      9437184      2359296
        2304         4096          28.394     18874368      4718592
        2304         8192          56.247     37748736      9437184
        2528            1           0.457         5056         1264
        2528            2           0.564        10112         2528
        2528            4           0.550        20224         5056
        2528            8           0.533        40448        10112
        2528           16           0.556        80896        20224
        2528           32           0.720       161792        40448
        2528           64           0.995       323584        80896
        2528          128           1.494       647168       161792
        2528          256           2.579      1294336       323584
        2528          512           4.710      2588672       647168
        2528         1024           9.199      5177344      1294336
        2528         2048          17.732     10354688      2588672
        2528         4096          35.062     20709376      5177344
        2528         8192          69.749     41418752     10354688
        2752            1           0.367         5504         1376
        2752            2           0.342        11008         2752
        2752            4           0.593        22016         5504
        2752            8           0.570        44032        11008
        2752           16           0.613        88064        22016
        2752           32           0.754       176128        44032
        2752           64           0.973       352256        88064
        2752          128           1.456       704512       176128
        2752          256           2.667      1409024       352256
        2752          512           4.909      2818048       704512
        2752         1024           9.447      5636096      1409024
        2752         2048          18.457     11272192      2818048
        2752         4096          36.671     22544384      5636096
        2752         8192          72.934     45088768     11272192
        3008            1           0.385         6016         1504
        3008            2           0.389        12032         3008
        3008            4           0.458        24064         6016
        3008            8           0.592        48128        12032
        3008           16           0.558        96256        24064
        3008           32           0.717       192512        48128
        3008           64           1.002       385024        96256
        3008          128           1.577       770048       192512
        3008          256           2.776      1540096       385024
        3008          512           5.289      3080192       770048
        3008         1024          10.183      6160384      1540096
        3008         2048          19.949     12320768      3080192
        3008         4096          39.642     24641536      6160384
        3008         8192          78.958     49283072     12320768
        3296            1           0.475         6592         1648
        3296            2           0.462        13184         3296
        3296            4           0.507        26368         6592
        3296            8           0.523        52736        13184
        3296           16           0.595       105472        26368
        3296           32           0.755       210944        52736
        3296           64           1.085       421888       105472
        3296          128           1.759       843776       210944
        3296          256           3.261      1687552       421888
        3296          512           5.965      3375104       843776
        3296         1024          11.477      6750208      1687552
        3296         2048          22.399     13500416      3375104
        3296         4096          44.206     27000832      6750208
        3296         8192          87.774     54001664     13500416
        3616            1           0.395         7232         1808
        3616            2           0.523        14464         3616
        3616            4           0.439        28928         7232
        3616            8           0.408        57856        14464
        3616           16           0.698       115712        28928
        3616           32           0.790       231424        57856
        3616           64           1.180       462848       115712
        3616          128           1.952       925696       231424
        3616          256           3.262      1851392       462848
        3616          512           6.114      3702784       925696
        3616         1024          11.775      7405568      1851392
        3616         2048          22.769     14811136      3702784
        3616         4096          45.436     29622272      7405568
        3616         8192          90.620     59244544     14811136
        3968            1           0.386         7936         1984
        3968            2           0.529        15872         3968
        3968            4           0.435        31744         7936
        3968            8           0.621        63488        15872
        3968           16           0.646       126976        31744
        3968           32           0.955       253952        63488
        3968           64           1.287       507904       126976
        3968          128           1.974      1015808       253952
        3968          256           3.373      2031616       507904
        3968          512           6.395      4063232      1015808
        3968         1024          12.329      8126464      2031616
        3968         2048          24.213     16252928      4063232
        3968         4096          48.024     32505856      8126464
        4352            1           0.395         8704         2176
        4352            2           0.557        17408         4352
        4352            4           0.485        34816         8704
        4352            8           0.527        69632        17408
        4352           16           0.669       139264        34816
        4352           32           0.851       278528        69632
        4352           64           1.407       557056       139264
        4352          128           2.496      1114112       278528
        4352          256           4.353      2228224       557056
        4352          512           8.349      4456448      1114112
        4352         1024          16.313      8912896      2228224
        4352         2048          32.417     17825792      4456448
        4352         4096          64.285     35651584      8912896
        4768            1           0.545         9536         2384
        4768            2           0.519        19072         4768
        4768            4           0.535        38144         9536
        4768            8           0.717        76288        19072
        4768           16           0.688       152576        38144
        4768           32           0.953       305152        76288
        4768           64           1.277       610304       152576
        4768          128           2.271      1220608       305152
        4768          256           4.141      2441216       610304
        4768          512           7.717      4882432      1220608
        4768         1024          15.099      9764864      2441216
        4768         2048          29.798     19529728      4882432
        4768         4096          58.976     39059456      9764864
        5216            1           0.409        10432         2608
        5216            2           0.311        20864         5216
        5216            4           0.481        41728        10432
        5216            8           0.564        83456        20864
        5216           16           0.749       166912        41728
        5216           32           0.993       333824        83456
        5216           64           1.490       667648       166912
        5216          128           2.805      1335296       333824
        5216          256           4.959      2670592       667648
        5216          512           9.747      5341184      1335296
        5216         1024          19.168     10682368      2670592
        5216         2048          37.760     21364736      5341184
        5216         4096          75.492     42729472     10682368
        5728            1           0.399        11456         2864
        5728            2           0.576        22912         5728
        5728            4           0.515        45824        11456
        5728            8           0.638        91648        22912
        5728           16           0.682       183296        45824
        5728           32           1.083       366592        91648
        5728           64           1.647       733184       183296
        5728          128           2.921      1466368       366592
        5728          256          14.217      2932736       733184
        5728          512          10.659      5865472      1466368
        5728         1024          20.602     11730944      2932736
        5728         2048          41.094     23461888      5865472
        5728         4096          81.480     46923776     11730944
        6272            1           0.415        12544         3136
        6272            2           0.473        25088         6272
        6272            4           0.575        50176        12544
        6272            8           0.583       100352        25088
        6272           16           0.718       200704        50176
        6272           32           1.006       401408       100352
        6272           64           1.583       802816       200704
        6272          128           2.791      1605632       401408
        6272          256           5.065      3211264       802816
        6272          512           9.848      6422528      1605632
        6272         1024          19.137     12845056      3211264
        6272         2048          37.842     25690112      6422528
        6272         4096          75.412     51380224     12845056
        6880            1           0.791        13760         3440
        6880            2           0.350        27520         6880
        6880            4           0.517        55040        13760
        6880            8           0.571       110080        27520
        6880           16           0.804       220160        55040
        6880           32           1.164       440320       110080
        6880           64           1.749       880640       220160
        6880          128           3.158      1761280       440320
        6880          256           5.925      3522560       880640
        6880          512          11.246      7045120      1761280
        6880         1024          21.921     14090240      3522560
        6880         2048          43.521     28180480      7045120
        6880         4096          86.582     56360960     14090240
        7552            1           0.512        15104         3776
        7552            2           0.448        30208         7552
        7552            4           0.484        60416        15104
        7552            8           0.679       120832        30208
        7552           16           0.796       241664        60416
        7552           32           1.105       483328       120832
        7552           64           1.863       966656       241664
        7552          128           3.321      1933312       483328
        7552          256           6.121      3866624       966656
        7552          512          11.813      7733248      1933312
        7552         1024          23.050     15466496      3866624
        7552         2048          45.454     30932992      7733248
        7552         4096          90.431     61865984     15466496
        8288            1           0.897        16576         4144
        8288            2           0.380        33152         8288
        8288            4           0.664        66304        16576
        8288            8           0.706       132608        33152
        8288           16           0.802       265216        66304
        8288           32           1.255       530432       132608
        8288           64           2.029      1060864       265216
        8288          128           3.641      2121728       530432
        8288          256           6.841      4243456      1060864
        8288          512          13.309      8486912      2121728
        8288         1024          26.300     16973824      4243456
        8288         2048          52.118     33947648      8486912
        9088            1           0.474        18176         4544
        9088            2           0.546        36352         9088
        9088            4           0.721        72704        18176
        9088            8           0.637       145408        36352
        9088           16           0.853       290816        72704
        9088           32           1.248       581632       145408
        9088           64           2.137      1163264       290816
        9088          128           3.785      2326528       581632
        9088          256           7.286      4653056      1163264
        9088          512          13.964      9306112      2326528
        9088         1024          27.615     18612224      4653056
        9088         2048          54.532     37224448      9306112
        9984            1           0.491        19968         4992
        9984            2           0.445        39936         9984
        9984            4           0.633        79872        19968
        9984            8           0.731       159744        39936
        9984           16           0.934       319488        79872
        9984           32           1.383       638976       159744
        9984           64           2.404      1277952       319488
        9984          128           4.506      2555904       638976
        9984          256           8.536      5111808      1277952
        9984          512          24.767     10223616      2555904
        9984         1024          32.969     20447232      5111808
        9984         2048          65.594     40894464     10223616
       10976            1           0.491        21952         5488
       10976            2           0.552        43904        10976
       10976            4           0.670        87808        21952
       10976            8           0.692       175616        43904
       10976           16           0.986       351232        87808
       10976           32           1.511       702464       175616
       10976           64           2.784      1404928       351232
       10976          128           4.976      2809856       702464
       10976          256           9.399      5619712      1404928
       10976          512          18.298     11239424      2809856
       10976         1024          36.237     22478848      5619712
       10976         2048          71.767     44957696     11239424
       12064            1           0.544        24128         6032
       12064            2           0.490        48256        12064
       12064            4           0.696        96512        24128
       12064            8           0.793       193024        48256
       12064           16           0.992       386048        96512
       12064           32           1.673       772096       193024
       12064           64           2.825      1544192       386048
       12064          128           4.975      3088384       772096
       12064          256           9.608      6176768      1544192
       12064          512          18.614     12353536      3088384
       12064         1024          36.910     24707072      6176768
       12064         2048          73.248     49414144     12353536
       13248            1           0.728        26496         6624
       13248            2           0.556        52992        13248
       13248            4           0.589       105984        26496
       13248            8           0.709       211968        52992
       13248           16           1.183       423936       105984
       13248           32           1.721       847872       211968
       13248           64           3.051      1695744       423936
       13248          128           5.767      3391488       847872
       13248          256          11.040      6782976      1695744
       13248          512          21.640     13565952      3391488
       13248         1024          42.935     27131904      6782976
       13248         2048          85.551     54263808     13565952
       14560            1           0.519        29120         7280
       14560            2           0.734        58240        14560
       14560            4           0.658       116480        29120
       14560            8           0.782       232960        58240
       14560           16           1.131       465920       116480
       14560           32           1.988       931840       232960
       14560           64           3.314      1863680       465920
       14560          128           6.228      3727360       931840
       14560          256          12.015      7454720      1863680
       14560          512          23.705     14909440      3727360
       14560         1024          47.028     29818880      7454720
       14560         2048          93.628     59637760     14909440
       16000            1           0.611        32000         8000
       16000            2           0.542        64000        16000
       16000            4           0.738       128000        32000
       16000            8           0.852       256000        64000
       16000           16           1.249       512000       128000
       16000           32           2.052      1024000       256000
       16000           64           3.541      2048000       512000
       16000          128           6.696      4096000      1024000
       16000          256          13.004      8192000      2048000
       16000          512          25.607     16384000      4096000
       16000         1024          51.012     32768000      8192000
       17600            1           0.620        35200         8800
       17600            2           0.543        70400        17600
       17600            4           0.814       140800        35200
       17600            8           0.871       281600        70400
       17600           16           1.287       563200       140800
       17600           32           2.123      1126400       281600
       17600           64           4.003      2252800       563200
       17600          128           7.385      4505600      1126400
       17600          256          14.358      9011200      2252800
       17600          512          28.246     18022400      4505600
       17600         1024          64.637     36044800      9011200
       19360            1           0.922        38720         9680
       19360            2           0.672        77440        19360
       19360            4           0.671       154880        38720
       19360            8           1.147       309760        77440
       19360           16           1.351       619520       154880
       19360           32           2.363      1239040       309760
       19360           64           4.206      2478080       619520
       19360          128           8.009      4956160      1239040
       19360          256          15.711      9912320      2478080
       19360          512          30.967     19824640      4956160
       19360         1024          61.211     39649280      9912320
       21280            1           0.642        42560        10640
       21280            2           0.658        85120        21280
       21280            4           0.764       170240        42560
       21280            8           0.909       340480        85120
       21280           16           1.657       680960       170240
       21280           32           2.516      1361920       340480
       21280           64           4.697      2723840       680960
       21280          128           8.855      5447680      1361920
       21280          256          16.968     10895360      2723840
       21280          512          33.562     21790720      5447680
       21280         1024          66.992     43581440     10895360
       23392            1           0.675        46784        11696
       23392            2           0.739        93568        23392
       23392            4           0.718       187136        46784
       23392            8           1.087       374272        93568
       23392           16           1.663       748544       187136
       23392           32           2.766      1497088       374272
       23392           64           5.117      2994176       748544
       23392          128           9.588      5988352      1497088
       23392          256          18.678     11976704      2994176
       23392          512          36.957     23953408      5988352
       23392         1024          73.676     47906816     11976704
       25728            1           0.728        51456        12864
       25728            2           0.575       102912        25728
       25728            4           0.801       205824        51456
       25728            8           1.093       411648       102912
       25728           16           1.759       823296       205824
       25728           32           2.944      1646592       411648
       25728           64           5.369      3293184       823296
       25728          128          10.388      6586368      1646592
       25728          256          20.302     13172736      3293184
       25728          512          40.198     26345472      6586368
       25728         1024          80.319     52690944     13172736
       28288            1           0.739        56576        14144
       28288            2           0.600       113152        28288
       28288            4           0.788       226304        56576
       28288            8           1.107       452608       113152
       28288           16           1.778       905216       226304
       28288           32           3.138      1810432       452608
       28288           64           5.978      3620864       905216
       28288          128          11.355      7241728      1810432
       28288          256          22.202     14483456      3620864
       28288          512          44.153     28966912      7241728
       28288         1024          87.677     57933824     14483456
       31104            1           0.995        62208        15552
       31104            2           0.546       124416        31104
       31104            4           0.806       248832        62208
       31104            8           1.167       497664       124416
       31104           16           1.865       995328       248832
       31104           32           3.394      1990656       497664
       31104           64           6.386      3981312       995328
       31104          128          12.367      7962624      1990656
       31104          256          24.424     15925248      3981312
       31104          512          48.321     31850496      7962624
       34208            1           1.185        68416        17104
       34208            2           0.671       136832        34208
       34208            4           0.914       273664        68416
       34208            8           1.297       547328       136832
       34208           16           2.048      1094656       273664
       34208           32           3.864      2189312       547328
       34208           64           7.149      4378624      1094656
       34208          128          13.979      8757248      2189312
       34208          256          27.619     17514496      4378624
       34208          512          54.703     35028992      8757248
       37600            1           0.877        75200        18800
       37600            2           0.728       150400        37600
       37600            4           1.001       300800        75200
       37600            8           1.345       601600       150400
       37600           16           2.433      1203200       300800
       37600           32           4.150      2406400       601600
       37600           64           7.890      4812800      1203200
       37600          128          15.302      9625600      2406400
       37600          256          30.049     19251200      4812800
       37600          512          59.889     38502400      9625600
       41344            1           0.869        82688        20672
       41344            2           0.749       165376        41344
       41344            4           0.984       330752        82688
       41344            8           1.547       661504       165376
       41344           16           2.498      1323008       330752
       41344           32           4.563      2646016       661504
       41344           64           8.577      5292032      1323008
       41344          128          16.669     10584064      2646016
       41344          256          32.893     21168128      5292032
       41344          512          65.275     42336256     10584064
       45472            1           1.031        90944        22736
       45472            2           0.814       181888        45472
       45472            4           1.081       363776        90944
       45472            8           1.622       727552       181888
       45472           16           2.739      1455104       363776
       45472           32           4.857      2910208       727552
       45472           64           9.234      5820416      1455104
       45472          128          18.173     11640832      2910208
       45472          256          35.830     23281664      5820416
       45472          512          71.282     46563328     11640832
       50016            1           1.052       100032        25008
       50016            2           0.900       200064        50016
       50016            4           1.262       400128       100032
       50016            8           1.714       800256       200064
       50016           16           2.899      1600512       400128
       50016           32           5.298      3201024       800256
       50016           64          10.262      6402048      1600512
       50016          128          19.951     12804096      3201024
       50016          256          39.384     25608192      6402048
       50016          512          78.016     51216384     12804096
       55008            1           1.628       110016        27504
       55008            2           0.905       220032        55008
       55008            4           1.174       440064       110016
       55008            8           1.870       880128       220032
       55008           16           3.199      1760256       440064
       55008           32           5.739      3520512       880128
       55008           64          11.102      7041024      1760256
       55008          128          21.762     14082048      3520512
       55008          256          42.790     28164096      7041024
       55008          512          85.247     56328192     14082048
       60480            1           1.902       120960        30240
       60480            2           0.918       241920        60480
       60480            4           1.318       483840       120960
       60480            8           2.030       967680       241920
       60480           16           3.483      1935360       483840
       60480           32           6.356      3870720       967680
       60480           64          12.173      7741440      1935360
       60480          128          23.891     15482880      3870720
       60480          256          47.185     30965760      7741440
       60480          512          93.902     61931520     15482880
       66528            1           1.293       133056        33264
       66528            2           0.961       266112        66528
       66528            4           1.309       532224       133056
       66528            8           2.162      1064448       266112
       66528           16           3.785      2128896       532224
       66528           32           6.974      4257792      1064448
       66528           64          13.392      8515584      2128896
       66528          128          26.089     17031168      4257792
       66528          256          51.493     34062336      8515584
       73152            1           1.415       146304        36576
       73152            2           1.133       292608        73152
       73152            4           1.446       585216       146304
       73152            8           2.301      1170432       292608
       73152           16           4.081      2340864       585216
       73152           32           7.546      4681728      1170432
       73152           64          14.428      9363456      2340864
       73152          128          28.338     18726912      4681728
       73152          256          56.212     37453824      9363456
       80448            1           1.739       160896        40224
       80448            2           1.009       321792        80448
       80448            4           1.519       643584       160896
       80448            8           2.486      1287168       321792
       80448           16           4.372      2574336       643584
       80448           32           8.183      5148672      1287168
       80448           64          15.836     10297344      2574336
       80448          128          30.951     20594688      5148672
       80448          256          61.630     41189376     10297344
       88480            1           2.046       176960        44240
       88480            2           1.093       353920        88480
       88480            4           1.648       707840       176960
       88480            8           2.639      1415680       353920
       88480           16           4.736      2831360       707840
       88480           32           8.953      5662720      1415680
       88480           64          17.233     11325440      2831360
       88480          128          34.036     22650880      5662720
       88480          256          67.507     45301760     11325440
       97312            1           1.885       194624        48656
       97312            2           1.175       389248        97312
       97312            4           1.758       778496       194624
       97312            8           2.927      1556992       389248
       97312           16           5.273      3113984       778496
       97312           32           9.831      6227968      1556992
       97312           64          18.977     12455936      3113984
       97312          128          37.231     24911872      6227968
       97312          256          73.976     49823744     12455936
      107040            1           2.302       214080        53520
      107040            2           1.261       428160       107040
      107040            4           1.922       856320       214080
      107040            8           3.138      1712640       428160
      107040           16           5.647      3425280       856320
      107040           32          10.795      6850560      1712640
      107040           64          20.889     13701120      3425280
      107040          128          41.277     27402240      6850560
      107040          256          90.711     54804480     13701120
      117728            1           2.883       235456        58864
      117728            2           1.407       470912       117728
      117728            4           2.173       941824       235456
      117728            8           3.515      1883648       470912
      117728           16           6.280      3767296       941824
      117728           32          11.872      7534592      1883648
      117728           64          23.075     15069184      3767296
      117728          128          45.532     30138368      7534592
      117728          256          90.272     60276736     15069184
      129472            1           2.369       258944        64736
      129472            2           1.599       517888       129472
      129472            4           2.361      1035776       258944
      129472            8           3.854      2071552       517888
      129472           16           7.000      4143104      1035776
      129472           32          13.201      8286208      2071552
      129472           64          25.363     16572416      4143104
      129472          128          50.012     33144832      8286208
      142400            1           2.468       284800        71200
      142400            2           1.765       569600       142400
      142400            4           2.710      1139200       284800
      142400            8           4.745      2278400       569600
      142400           16           8.785      4556800      1139200
      142400           32          16.657      9113600      2278400
      142400           64          32.458     18227200      4556800
      142400          128          63.934     36454400      9113600
      156640            1           3.891       313280        78320
      156640            2           1.967       626560       156640
      156640            4           3.378      1253120       313280
      156640            8           5.918      2506240       626560
      156640           16          10.858      5012480      1253120
      156640           32          20.918     10024960      2506240
      156640           64          40.758     20049920      5012480
      156640          128          80.926     40099840     10024960
      172288            1           3.693       344576        86144
      172288            2           2.144       689152       172288
      172288            4           3.767      1378304       344576
      172288            8           6.526      2756608       689152
      172288           16          12.428      5513216      1378304
      172288           32          24.097     11026432      2756608
      172288           64          47.197     22052864      5513216
      172288          128          93.632     44105728     11026432
      189504            1           4.137       379008        94752
      189504            2           2.383       758016       189504
      189504            4           4.023      1516032       379008
      189504            8           7.224      3032064       758016
      189504           16          13.698      6064128      1516032
      189504           32          26.301     12128256      3032064
      189504           64          51.922     24256512      6064128
      189504          128         102.951     48513024     12128256
      208448            1           3.880       416896       104224
      208448            2           2.592       833792       208448
      208448            4           4.419      1667584       416896
      208448            8           7.895      3335168       833792
      208448           16          14.897      6670336      1667584
      208448           32          29.000     13340672      3335168
      208448           64          71.930     26681344      6670336
      208448          128         134.829     53362688     13340672
      229280            1           4.851       458560       114640
      229280            2           2.961       917120       229280
      229280            4           4.727      1834240       458560
      229280            8           8.490      3668480       917120
      229280           16          21.088      7336960      1834240
      229280           32          31.494     14673920      3668480
      229280           64          62.096     29347840      7336960
      229280          128         145.305     58695680     14673920
      252192            1           5.028       504384       126096
      252192            2           3.125      1008768       252192
      252192            4           5.114      2017536       504384
      252192            8           9.280      4035072      1008768
      252192           16          17.909      8070144      2017536
      252192           32          34.580     16140288      4035072
      252192           64          68.327     32280576      8070144
      277408            1           5.228       554816       138704
      277408            2           3.500      1109632       277408
      277408            4           5.756      2219264       554816
      277408            8          10.185      4438528      1109632
      277408           16          19.466      8877056      2219264
      277408           32          37.913     17754112      4438528
      277408           64          74.911     35508224      8877056
      305120            1           5.784       610240       152560
      305120            2           3.663      1220480       305120
      305120            4           6.131      2440960       610240
      305120            8          11.317      4881920      1220480
      305120           16          21.456      9763840      2440960
      305120           32          48.871     19527680      4881920
      305120           64          82.552     39055360      9763840
      335616            1           6.876       671232       167808
      335616            2           4.085      1342464       335616
      335616            4           6.940      2684928       671232
      335616            8          12.296      5369856      1342464
      335616           16          23.374     10739712      2684928
      335616           32          55.836     21479424      5369856
      335616           64          90.135     42958848     10739712
      369152            1          11.273       738304       184576
      369152            2           7.454      1476608       369152
      369152            4          11.045      2953216       738304
      369152            8          19.864      5906432      1476608
      369152           16          38.660     11812864      2953216
      369152           32          74.586     23625728      5906432
      369152           64         143.958     47251456     11812864
      406048            1          10.913       812096       203024
      406048            2           7.806      1624192       406048
      406048            4          12.591      3248384       812096
      406048            8          22.541      6496768      1624192
      406048           16          42.273     12993536      3248384
      406048           32          79.576     25987072      6496768
      406048           64         155.083     51974144     12993536
      446624            1          12.553       893248       223312
      446624            2           8.006      1786496       446624
      446624            4          13.717      3572992       893248
      446624            8          24.973      7145984      1786496
      446624           16          44.325     14291968      3572992
      446624           32          88.666     28583936      7145984
      446624           64         174.778     57167872     14291968
      491264            1           9.535       982528       245632
      491264            2           5.772      1965056       491264
      491264            4           9.777      3930112       982528
      491264            8          18.006      7860224      1965056
      491264           16          33.977     15720448      3930112
      491264           32          66.456     31440896      7860224
      540384            1          10.816      1080768       270192
      540384            2           6.289      2161536       540384
      540384            4          10.679      4323072      1080768
      540384            8          19.601      8646144      2161536
      540384           16          37.534     17292288      4323072
      540384           32          73.467     34584576      8646144
      594400            1          11.800      1188800       297200
      594400            2           6.848      2377600       594400
      594400            4          11.719      4755200      1188800
      594400            8          21.507      9510400      2377600
      594400           16          41.193     19020800      4755200
      594400           32          80.801     38041600      9510400
      653824            1          12.756      1307648       326912
      653824            2           7.266      2615296       653824
      653824            4          12.762      5230592      1307648
      653824            8          23.782     10461184      2615296
      653824           16          45.512     20922368      5230592
      653824           32          89.154     41844736     10461184
      719200            1          14.584      1438400       359600
      719200            2           8.120      2876800       719200
      719200            4          14.159      5753600      1438400
      719200            8          25.974     11507200      2876800
      719200           16          49.881     23014400      5753600
      719200           32          97.500     46028800     11507200
      791104            1          14.545      1582208       395552
      791104            2           8.853      3164416       791104
      791104            4          15.393      6328832      1582208
      791104            8          28.609     12657664      3164416
      791104           16          54.914     25315328      6328832
      791104           32         107.224     50630656     12657664
      870208            1          15.971      1740416       435104
      870208            2           9.688      3480832       870208
      870208            4          16.875      6961664      1740416
      870208            8          31.002     13923328      3480832
      870208           16          60.034     27846656      6961664
      870208           32         117.650     55693312     13923328
      957216            1          19.950      1914432       478608
      957216            2          15.203      3828864       957216
      957216            4          18.426      7657728      1914432
      957216            8          34.342     15315456      3828864
      957216           16          75.853     30630912      7657728
      957216           32         129.116     61261824     15315456
     1052928            1          19.476      2105856       526464
     1052928            2          11.434      4211712      1052928
     1052928            4          20.275      8423424      2105856
     1052928            8          37.478     16846848      4211712
     1052928           16          72.296     33693696      8423424
     1158208            1          21.919      2316416       579104
     1158208            2          12.282      4632832      1158208
     1158208            4          22.104      9265664      2316416
     1158208            8          41.086     18531328      4632832
     1158208           16          79.615     37062656      9265664
     1274016            1          23.541      2548032       637008
     1274016            2          13.785      5096064      1274016
     1274016            4          24.244     10192128      2548032
     1274016            8          45.304     20384256      5096064
     1274016           16          94.862     40768512     10192128
     1401408            1          25.221      2802816       700704
     1401408            2          15.160      5605632      1401408
     1401408            4          26.827     11211264      2802816
     1401408            8          49.533     22422528      5605632
     1401408           16          95.343     44845056     11211264
     1541536            1          28.364      3083072       770768
     1541536            2          16.908      6166144      1541536
     1541536            4          29.354     12332288      3083072
     1541536            8          54.915     24664576      6166144
     1541536           16         109.384     49329152     12332288
     1695680            1          31.108      3391360       847840
     1695680            2          18.427      6782720      1695680
     1695680            4          45.364     13565440      3391360
     1695680            8          59.659     27130880      6782720
     1695680           16         120.764     54261760     13565440
     1865248            1          35.425      3730496       932624
     1865248            2          19.632      7460992      1865248
     1865248            4          35.227     14921984      3730496
     1865248            8          66.101     29843968      7460992
     1865248           16         127.179     59687936     14921984
     2051744            1          37.690      4103488      1025872
     2051744            2          22.648      8206976      2051744
     2051744            4          39.070     16413952      4103488
     2051744            8          72.514     32827904      8206976
     2256896            1          40.642      4513792      1128448
     2256896            2          27.241      9027584      2256896
     2256896            4          42.757     18055168      4513792
     2256896            8          79.517     36110336      9027584
     2482560            1          44.078      4965120      1241280
     2482560            2          29.983      9930240      2482560
     2482560            4          49.394     19860480      4965120
     2482560            8          88.576     39720960      9930240
     2730816            1          48.316      5461632      1365408
     2730816            2          35.477     10923264      2730816
     2730816            4          66.841     21846528      5461632
     2730816            8         101.877     43693056     10923264
     3003872            1          55.945      6007744      1501936
     3003872            2          39.806     12015488      3003872
     3003872            4          61.500     24030976      6007744
     3003872            8         112.762     48061952     12015488
     3304256            1          59.052      6608512      1652128
     3304256            2          50.985     13217024      3304256
     3304256            4          77.103     26434048      6608512
     3304256            8         136.462     52868096     13217024
     3634656            1          64.199      7269312      1817328
     3634656            2          60.581     14538624      3634656
     3634656            4          78.840     29077248      7269312
     3634656            8         141.647     58154496     14538624
     3998112            1          67.786      7996224      1999056
     3998112            2          62.298     15992448      3998112
     3998112            4          90.132     31984896      7996224
     4397920            1          70.140      8795840      2198960
     4397920            2          74.763     17591680      4397920
     4397920            4         104.626     35183360      8795840
     4837696            1          87.158      9675392      2418848
     4837696            2         105.495     19350784      4837696
     4837696            4         157.009     38701568      9675392
     5321440            1          70.836     10642880      2660720
     5321440            2         105.312     21285760      5321440
     5321440            4         173.162     42571520     10642880
     5853568            1          74.326     11707136      2926784
     5853568            2         116.185     23414272      5853568
     5853568            4         177.140     46828544     11707136
     6438912            1          79.339     12877824      3219456
     6438912            2         136.415     25755648      6438912
     6438912            4         205.421     51511296     12877824
     7082784            1          86.714     14165568      3541392
     7082784            2         150.846     28331136      7082784
     7082784            4         226.268     56662272     14165568
     7791040            1          95.900     15582080      3895520
     7791040            2         166.573     31164160      7791040
     8570144            1         108.625     17140288      4285072
     8570144            2         185.367     34280576      8570144
     9427136            1         119.525     18854272      4713568
     9427136            2         205.105     37708544      9427136
    10369824            1         131.215     20739648      5184912
    10369824            2         226.885     41479296     10369824
    11406784            1         143.117     22813568      5703392
    11406784            2         250.850     45627136     11406784
    12547456            1         160.107     25094912      6273728
    12547456            2         274.807     50189824     12547456
    13802176            1         177.491     27604352      6901088
    13802176            2         313.350     55208704     13802176
    15182368            1         194.545     30364736      7591184
    15182368            2         354.719     60729472     15182368
    16700576            1         222.850     33401152      8350288
    18370624            1         269.182     36741248      9185312
    20207680            1         292.177     40415360     10103840
    22228448            1         336.872     44456896     11114224
    24451264            1         384.100     48902528     12225632
    26896384            1         443.205     53792768     13448192
    29586016            1         538.670     59172032     14793008

META_DATA
FLOPS          4
OPENMP_THREADS 4
ERT_VERSION  1.1.0
HOSTNAME  ('cirrus4.computing.clemson.edu', ['cirrus4'], ['127.0.1.1'])
UNAME  uname_result(system='Linux', node='cirrus4.computing.clemson.edu', release='5.4.0-81-generic', version='#91-Ubuntu SMP Thu Jul 15 19:09:17 UTC 2021', machine='x86_64', processor='x86_64')
TIMESTAMP_DATA  1632245415.563925
CONFIG  {'ERT_RESULTS': ['Results.cs.clemson.edu'], 'ERT_DRIVER': ['driver1'], 'ERT_KERNEL': ['kernel1'], 'ERT_MPI': ['False'], 'ERT_MPI_CFLAGS': [], 'ERT_MPI_LDFLAGS': [], 'ERT_OPENMP': ['True'], 'ERT_OPENMP_CFLAGS': ['-fopenmp'], 'ERT_OPENMP_LDFLAGS': ['-fopenmp'], 'ERT_FLOPS': ['1,2,4'], 'ERT_ALIGN': ['32'], 'ERT_CC': ['g++'], 'ERT_CFLAGS': ['-O3', '-std=c++11', '-fstrict-aliasing', '-march=native'], 'ERT_LD': ['g++'], 'ERT_LDFLAGS': [], 'ERT_LDLIBS': [], 'ERT_PRECISION': ['FP64'], 'ERT_RUN': ['export', 'OMP_NUM_THREADS=ERT_OPENMP_THREADS;', 'export', 'OMP_PLACES=threads;', 'export', 'OMP_PROC_BIND=spread;', './ERT_CODE'], 'ERT_PROCS_THREADS': ['8'], 'ERT_MPI_PROCS': ['2,4,8'], 'ERT_OPENMP_THREADS': ['1-8'], 'ERT_NUM_EXPERIMENTS': ['5'], 'ERT_MEMORY_MAX': ['31000000'], 'ERT_WORKING_SET_MIN': ['1'], 'ERT_TRIALS_MIN': ['1'], 'ERT_GNUPLOT': ['gnuplot'], 'ERT_GPU': [False], 'ERT_HIP': [False], 'ERT_OCL': [False], 'ERT_SYCL': [False], 'ERT_WSS_MULT': [1.1]}
