fp64
          32            1           0.877           64           16
          32            2           0.457          128           32
          32            4           0.404          256           64
          32            8           0.559          512          128
          32           16           0.487         1024          256
          32           32           0.490         2048          512
          32           64           0.581         4096         1024
          32          128           0.867         8192         2048
          32          256           1.330        16384         4096
          32          512           2.196        32768         8192
          32         1024           3.926        65536        16384
          32         2048           7.571       131072        32768
          32         4096          14.531       262144        65536
          32         8192          28.528       524288       131072
          32        16384          56.906      1048576       262144
          32        32768         113.347      2097152       524288
          32        65536         226.137      4194304      1048576
          32       131072         453.698      8388608      2097152
          32       262144         917.404     16777216      4194304
          32       524288        2312.600     33554432      8388608
          64            1           0.363          128           32
          64            2           0.493          256           64
          64            4           0.514          512          128
          64            8           0.643         1024          256
          64           16           0.427         2048          512
          64           32           0.681         4096         1024
          64           64           0.633         8192         2048
          64          128           0.951        16384         4096
          64          256           1.500        32768         8192
          64          512           2.690        65536        16384
          64         1024           5.030       131072        32768
          64         2048           9.743       262144        65536
          64         4096          19.170       524288       131072
          64         8192          38.012      1048576       262144
          64        16384          75.736      2097152       524288
          64        32768         150.998      4194304      1048576
          64        65536         310.268      8388608      2097152
          64       131072         602.974     16777216      4194304
          64       262144        1204.776     33554432      8388608
          96            1           0.723          192           48
          96            2           0.501          384           96
          96            4           0.502          768          192
          96            8           0.433         1536          384
          96           16           0.480         3072          768
          96           32           0.461         6144         1536
          96           64           0.763        12288         3072
          96          128           1.165        24576         6144
          96          256           1.720        49152        12288
          96          512           2.830        98304        24576
          96         1024           5.297       196608        49152
          96         2048          10.034       393216        98304
          96         4096          19.528       786432       196608
          96         8192          38.812      1572864       393216
          96        16384          77.226      3145728       786432
          96        32768         153.702      6291456      1572864
          96        65536         307.402     12582912      3145728
          96       131072         615.036     25165824      6291456
          96       262144        1251.226     50331648     12582912
         128            1           0.354          256           64
         128            2           0.465          512          128
         128            4           0.437         1024          256
         128            8           0.423         2048          512
         128           16           0.425         4096         1024
         128           32           0.727         8192         2048
         128           64           0.813        16384         4096
         128          128           1.259        32768         8192
         128          256           1.738        65536        16384
         128          512           2.964       131072        32768
         128         1024           5.478       262144        65536
         128         2048          10.714       524288       131072
         128         4096          20.921      1048576       262144
         128         8192          41.395      2097152       524288
         128        16384          82.501      4194304      1048576
         128        32768         164.522      8388608      2097152
         128        65536         328.838     16777216      4194304
         128       131072         630.930     33554432      8388608
         160            1           0.275          320           80
         160            2           0.431          640          160
         160            4           0.411         1280          320
         160            8           0.456         2560          640
         160           16           0.417         5120         1280
         160           32           0.414        10240         2560
         160           64           0.490        20480         5120
         160          128           0.794        40960        10240
         160          256           1.137        81920        20480
         160          512           2.157       163840        40960
         160         1024           3.878       327680        81920
         160         2048           7.450       655360       163840
         160         4096          14.459      1310720       327680
         160         8192          28.575      2621440       655360
         160        16384          56.672      5242880      1310720
         160        32768         112.872     10485760      2621440
         160        65536         225.645     20971520      5242880
         160       131072         461.969     41943040     10485760
         192            1           0.278          384           96
         192            2           0.411          768          192
         192            4           0.491         1536          384
         192            8           0.459         3072          768
         192           16           0.415         6144         1536
         192           32           0.445        12288         3072
         192           64           0.494        24576         6144
         192          128           0.763        49152        12288
         192          256           1.290        98304        24576
         192          512           2.134       196608        49152
         192         1024           3.917       393216        98304
         192         2048           7.418       786432       196608
         192         4096          14.354      1572864       393216
         192         8192          28.577      3145728       786432
         192        16384          71.893      6291456      1572864
         192        32768         112.912     12582912      3145728
         192        65536         225.556     25165824      6291456
         192       131072         450.846     50331648     12582912
         224            1           0.263          448          112
         224            2           0.458          896          224
         224            4           0.367         1792          448
         224            8           0.537         3584          896
         224           16           0.615         7168         1792
         224           32           0.490        14336         3584
         224           64           0.572        28672         7168
         224          128           0.799        57344        14336
         224          256           1.311       114688        28672
         224          512           2.036       229376        57344
         224         1024           3.801       458752       114688
         224         2048           7.291       917504       229376
         224         4096          14.593      1835008       458752
         224         8192          28.588      3670016       917504
         224        16384          56.668      7340032      1835008
         224        32768         113.062     14680064      3670016
         224        65536         225.794     29360128      7340032
         224       131072         451.156     58720256     14680064
         256            1           0.339          512          128
         256            2           0.498         1024          256
         256            4           0.488         2048          512
         256            8           0.433         4096         1024
         256           16           0.409         8192         2048
         256           32           0.475        16384         4096
         256           64           0.704        32768         8192
         256          128           0.837        65536        16384
         256          256           1.348       131072        32768
         256          512           2.072       262144        65536
         256         1024           3.778       524288       131072
         256         2048           7.490      1048576       262144
         256         4096          14.547      2097152       524288
         256         8192          28.485      4194304      1048576
         256        16384          56.582      8388608      2097152
         256        32768         112.953     16777216      4194304
         256        65536         237.844     33554432      8388608
         288            1           0.277          576          144
         288            2           0.486         1152          288
         288            4           0.556         2304          576
         288            8           0.426         4608         1152
         288           16           0.502         9216         2304
         288           32           0.452        18432         4608
         288           64           0.555        36864         9216
         288          128           0.704        73728        18432
         288          256           1.368       147456        36864
         288          512           2.108       294912        73728
         288         1024           3.879       589824       147456
         288         2048           7.489      1179648       294912
         288         4096          14.426      2359296       589824
         288         8192          28.648      4718592      1179648
         288        16384          56.811      9437184      2359296
         288        32768         113.082     18874368      4718592
         288        65536         225.708     37748736      9437184
         320            1           0.285          640          160
         320            2           0.557         1280          320
         320            4           0.571         2560          640
         320            8           0.367         5120         1280
         320           16           0.374        10240         2560
         320           32           0.419        20480         5120
         320           64           0.508        40960        10240
         320          128           0.726        81920        20480
         320          256           1.333       163840        40960
         320          512           2.205       327680        81920
         320         1024           3.880       655360       163840
         320         2048           7.507      1310720       327680
         320         4096          14.454      2621440       655360
         320         8192          28.501      5242880      1310720
         320        16384          56.743     10485760      2621440
         320        32768         113.173     20971520      5242880
         320        65536         225.674     41943040     10485760
         352            1           0.300          704          176
         352            2           0.398         1408          352
         352            4           0.469         2816          704
         352            8           0.439         5632         1408
         352           16           0.525        11264         2816
         352           32           0.577        22528         5632
         352           64           0.618        45056        11264
         352          128           0.876        90112        22528
         352          256           1.238       180224        45056
         352          512           2.182       360448        90112
         352         1024           4.178       720896       180224
         352         2048           7.722      1441792       360448
         352         4096          14.565      2883584       720896
         352         8192          28.547      5767168      1441792
         352        16384          56.669     11534336      2883584
         352        32768         113.080     23068672      5767168
         352        65536         226.002     46137344     11534336
         384            1           0.375          768          192
         384            2           0.469         1536          384
         384            4           0.397         3072          768
         384            8           0.417         6144         1536
         384           16           0.540        12288         3072
         384           32           0.579        24576         6144
         384           64           0.706        49152        12288
         384          128           0.887        98304        24576
         384          256           1.225       196608        49152
         384          512           2.235       393216        98304
         384         1024           3.947       786432       196608
         384         2048           7.394      1572864       393216
         384         4096          14.381      3145728       786432
         384         8192          28.545      6291456      1572864
         384        16384          56.663     12582912      3145728
         384        32768         112.912     25165824      6291456
         384        65536         238.930     50331648     12582912
         416            1           0.340          832          208
         416            2           0.416         1664          416
         416            4           0.343         3328          832
         416            8           0.560         6656         1664
         416           16           0.350        13312         3328
         416           32           0.475        26624         6656
         416           64           0.655        53248        13312
         416          128           0.865       106496        26624
         416          256           1.227       212992        53248
         416          512           2.056       425984       106496
         416         1024           3.849       851968       212992
         416         2048           7.472      1703936       425984
         416         4096          14.433      3407872       851968
         416         8192          28.789      6815744      1703936
         416        16384          57.409     13631488      3407872
         416        32768         123.065     27262976      6815744
         416        65536         207.875     54525952     13631488
         448            1           0.316          896          224
         448            2           0.378         1792          448
         448            4           0.430         3584          896
         448            8           0.515         7168         1792
         448           16           0.533        14336         3584
         448           32           0.604        28672         7168
         448           64           0.686        57344        14336
         448          128           0.799       114688        28672
         448          256           1.279       229376        57344
         448          512           1.867       458752       114688
         448         1024           3.562       917504       229376
         448         2048           6.989      1835008       458752
         448         4096          13.443      3670016       917504
         448         8192          27.701      7340032      1835008
         448        16384          53.832     14680064      3670016
         448        32768         104.333     29360128      7340032
         448        65536         208.138     58720256     14680064
         480            1           0.309          960          240
         480            2           0.407         1920          480
         480            4           0.330         3840          960
         480            8           0.470         7680         1920
         480           16           0.546        15360         3840
         480           32           0.419        30720         7680
         480           64           0.527        61440        15360
         480          128           0.834       122880        30720
         480          256           1.293       245760        61440
         480          512           2.102       491520       122880
         480         1024           3.635       983040       245760
         480         2048           6.930      1966080       491520
         480         4096          13.629      3932160       983040
         480         8192          26.794      7864320      1966080
         480        16384          53.086     15728640      3932160
         480        32768         109.517     31457280      7864320
         512            1           0.285         1024          256
         512            2           0.359         2048          512
         512            4           0.331         4096         1024
         512            8           0.353         8192         2048
         512           16           0.354        16384         4096
         512           32           0.389        32768         8192
         512           64           0.541        65536        16384
         512          128           0.732       131072        32768
         512          256           1.183       262144        65536
         512          512           2.045       524288       131072
         512         1024           3.585      1048576       262144
         512         2048           6.920      2097152       524288
         512         4096          13.504      4194304      1048576
         512         8192          26.485      8388608      2097152
         512        16384          52.631     16777216      4194304
         512        32768         104.209     33554432      8388608
         544            1          37.559         1088          272
         544            2           0.475         2176          544
         544            4           0.407         4352         1088
         544            8           0.320         8704         2176
         544           16           0.534        17408         4352
         544           32           0.415        34816         8704
         544           64           0.656        69632        17408
         544          128           0.863       139264        34816
         544          256           1.183       278528        69632
         544          512           2.086       557056       139264
         544         1024           3.632      1114112       278528
         544         2048           6.873      2228224       557056
         544         4096          13.446      4456448      1114112
         544         8192          26.486      8912896      2228224
         544        16384          52.342     17825792      4456448
         544        32768         104.261     35651584      8912896
         576            1           0.263         1152          288
         576            2           0.505         2304          576
         576            4           0.510         4608         1152
         576            8           0.376         9216         2304
         576           16           0.400        18432         4608
         576           32           0.496        36864         9216
         576           64           0.690        73728        18432
         576          128           0.704       147456        36864
         576          256           1.161       294912        73728
         576          512           2.012       589824       147456
         576         1024           3.706      1179648       294912
         576         2048           7.109      2359296       589824
         576         4096          13.658      4718592      1179648
         576         8192          26.842      9437184      2359296
         576        16384          54.740     18874368      4718592
         576        32768         111.107     37748736      9437184
         608            1           0.283         1216          304
         608            2           0.416         2432          608
         608            4           0.427         4864         1216
         608            8           0.449         9728         2432
         608           16           0.424        19456         4864
         608           32           0.600        38912         9728
         608           64           0.720        77824        19456
         608          128           0.784       155648        38912
         608          256           1.292       311296        77824
         608          512           2.016       622592       155648
         608         1024           3.751      1245184       311296
         608         2048           7.226      2490368       622592
         608         4096          14.045      4980736      1245184
         608         8192          27.582      9961472      2490368
         608        16384          54.793     19922944      4980736
         608        32768         109.266     39845888      9961472
         640            1           0.273         1280          320
         640            2           0.459         2560          640
         640            4           0.385         5120         1280
         640            8           0.480        10240         2560
         640           16           0.498        20480         5120
         640           32           0.383        40960        10240
         640           64           0.591        81920        20480
         640          128           0.842       163840        40960
         640          256           1.174       327680        81920
         640          512           1.972       655360       163840
         640         1024           3.735      1310720       327680
         640         2048           6.982      2621440       655360
         640         4096          13.426      5242880      1310720
         640         8192          26.646     10485760      2621440
         640        16384          52.798     20971520      5242880
         640        32768         105.193     41943040     10485760
         704            1           0.285         1408          352
         704            2           0.484         2816          704
         704            4           0.387         5632         1408
         704            8           0.355        11264         2816
         704           16           0.360        22528         5632
         704           32           0.503        45056        11264
         704           64           0.618        90112        22528
         704          128           0.784       180224        45056
         704          256           1.266       360448        90112
         704          512           2.066       720896       180224
         704         1024           3.847      1441792       360448
         704         2048           7.232      2883584       720896
         704         4096          14.085      5767168      1441792
         704         8192          27.814     11534336      2883584
         704        16384          62.114     23068672      5767168
         704        32768         109.728     46137344     11534336
         768            1           0.332         1536          384
         768            2           0.349         3072          768
         768            4           0.496         6144         1536
         768            8           0.480        12288         3072
         768           16           0.383        24576         6144
         768           32           0.354        49152        12288
         768           64           0.682        98304        24576
         768          128           0.954       196608        49152
         768          256           1.240       393216        98304
         768          512           1.992       786432       196608
         768         1024           3.764      1572864       393216
         768         2048           6.906      3145728       786432
         768         4096          13.563      6291456      1572864
         768         8192          26.869     12582912      3145728
         768        16384          53.431     25165824      6291456
         768        32768         106.485     50331648     12582912
         832            1           1.004         1664          416
         832            2           0.352         3328          832
         832            4           0.419         6656         1664
         832            8           0.394        13312         3328
         832           16           0.586        26624         6656
         832           32           0.570        53248        13312
         832           64           0.571       106496        26624
         832          128           0.680       212992        53248
         832          256           1.273       425984       106496
         832          512           2.118       851968       212992
         832         1024           4.099      1703936       425984
         832         2048           8.090      3407872       851968
         832         4096          15.640      6815744      1703936
         832         8192          31.046     13631488      3407872
         832        16384          61.806     27262976      6815744
         832        32768         123.548     54525952     13631488
         896            1           0.301         1792          448
         896            2           0.554         3584          896
         896            4           0.441         7168         1792
         896            8           0.495        14336         3584
         896           16           0.495        28672         7168
         896           32           0.522        57344        14336
         896           64           0.579       114688        28672
         896          128           0.858       229376        57344
         896          256           1.202       458752       114688
         896          512           2.058       917504       229376
         896         1024           3.784      1835008       458752
         896         2048           7.302      3670016       917504
         896         4096          14.100      7340032      1835008
         896         8192          27.834     14680064      3670016
         896        16384          55.320     29360128      7340032
         896        32768         110.350     58720256     14680064
         960            1           0.309         1920          480
         960            2           0.422         3840          960
         960            4           0.394         7680         1920
         960            8           0.560        15360         3840
         960           16           0.453        30720         7680
         960           32           0.500        61440        15360
         960           64           0.547       122880        30720
         960          128           0.877       245760        61440
         960          256           1.243       491520       122880
         960          512           2.193       983040       245760
         960         1024           4.154      1966080       491520
         960         2048           8.009      3932160       983040
         960         4096          15.851      7864320      1966080
         960         8192          31.405     15728640      3932160
         960        16384          62.526     31457280      7864320
        1056            1           0.286         2112          528
        1056            2           0.523         4224         1056
        1056            4           0.414         8448         2112
        1056            8           0.410        16896         4224
        1056           16           0.415        33792         8448
        1056           32           0.564        67584        16896
        1056           64           0.551       135168        33792
        1056          128           0.794       270336        67584
        1056          256           1.232       540672       135168
        1056          512           2.192      1081344       270336
        1056         1024           4.310      2162688       540672
        1056         2048           8.022      4325376      1081344
        1056         4096          15.928      8650752      2162688
        1056         8192          31.543     17301504      4325376
        1056        16384          63.006     34603008      8650752
        1152            1           0.279         2304          576
        1152            2           0.540         4608         1152
        1152            4           0.505         9216         2304
        1152            8           0.555        18432         4608
        1152           16           0.359        36864         9216
        1152           32           0.479        73728        18432
        1152           64           0.539       147456        36864
        1152          128           0.811       294912        73728
        1152          256           1.286       589824       147456
        1152          512           2.407      1179648       294912
        1152         1024           4.390      2359296       589824
        1152         2048           8.287      4718592      1179648
        1152         4096          16.057      9437184      2359296
        1152         8192          31.721     18874368      4718592
        1152        16384          67.470     37748736      9437184
        1248            1           0.275         2496          624
        1248            2           0.560         4992         1248
        1248            4           0.532         9984         2496
        1248            8           0.372        19968         4992
        1248           16           0.537        39936         9984
        1248           32           0.527        79872        19968
        1248           64           0.687       159744        39936
        1248          128           0.927       319488        79872
        1248          256           1.612       638976       159744
        1248          512           2.732      1277952       319488
        1248         1024           5.359      2555904       638976
        1248         2048          10.205      5111808      1277952
        1248         4096          20.245     10223616      2555904
        1248         8192          40.120     20447232      5111808
        1248        16384         116.003     40894464     10223616
        1344            1           0.336         2688          672
        1344            2           0.353         5376         1344
        1344            4           0.517        10752         2688
        1344            8           0.490        21504         5376
        1344           16           0.466        43008        10752
        1344           32           0.563        86016        21504
        1344           64           0.627       172032        43008
        1344          128           1.023       344064        86016
        1344          256           1.488       688128       172032
        1344          512           2.783      1376256       344064
        1344         1024           5.351      2752512       688128
        1344         2048          10.496      5505024      1376256
        1344         4096          20.658     11010048      2752512
        1344         8192          41.054     22020096      5505024
        1344        16384          81.754     44040192     11010048
        1472            1           0.281         2944          736
        1472            2           0.563         5888         1472
        1472            4           0.472        11776         2944
        1472            8           0.416        23552         5888
        1472           16           0.472        47104        11776
        1472           32           0.576        94208        23552
        1472           64           0.749       188416        47104
        1472          128           0.949       376832        94208
        1472          256           1.736       753664       188416
        1472          512           3.109      1507328       376832
        1472         1024           5.818      3014656       753664
        1472         2048          11.213      6029312      1507328
        1472         4096          22.097     12058624      3014656
        1472         8192          44.039     24117248      6029312
        1472        16384          87.762     48234496     12058624
        1600            1           0.303         3200          800
        1600            2           0.551         6400         1600
        1600            4           0.579        12800         3200
        1600            8           0.573        25600         6400
        1600           16           0.474        51200        12800
        1600           32           0.548       102400        25600
        1600           64           0.695       204800        51200
        1600          128           1.021       409600       102400
        1600          256           1.753       819200       204800
        1600          512           3.170      1638400       409600
        1600         1024           6.099      3276800       819200
        1600         2048          12.002      6553600      1638400
        1600         4096          23.812     13107200      3276800
        1600         8192          47.249     26214400      6553600
        1600        16384          94.180     52428800     13107200
        1760            1           0.318         3520          880
        1760            2           0.392         7040         1760
        1760            4           0.500        14080         3520
        1760            8           0.454        28160         7040
        1760           16           0.625        56320        14080
        1760           32           0.533       112640        28160
        1760           64           0.822       225280        56320
        1760          128           1.202       450560       112640
        1760          256           1.930       901120       225280
        1760          512           3.536      1802240       450560
        1760         1024           6.841      3604480       901120
        1760         2048          13.482      7208960      1802240
        1760         4096          26.611     14417920      3604480
        1760         8192          52.958     28835840      7208960
        1760        16384         105.692     57671680     14417920
        1920            1           0.340         3840          960
        1920            2           0.489         7680         1920
        1920            4           0.388        15360         3840
        1920            8           0.462        30720         7680
        1920           16           0.492        61440        15360
        1920           32           0.508       122880        30720
        1920           64           0.834       245760        61440
        1920          128           1.062       491520       122880
        1920          256           1.796       983040       245760
        1920          512           3.427      1966080       491520
        1920         1024           6.263      3932160       983040
        1920         2048          12.024      7864320      1966080
        1920         4096          23.793     15728640      3932160
        1920         8192          47.220     31457280      7864320
        2112            1           0.412         4224         1056
        2112            2           0.494         8448         2112
        2112            4           0.404        16896         4224
        2112            8           0.515        33792         8448
        2112           16           0.579        67584        16896
        2112           32           0.582       135168        33792
        2112           64           0.761       270336        67584
        2112          128           1.217       540672       135168
        2112          256           2.063      1081344       270336
        2112          512           3.962      2162688       540672
        2112         1024           7.692      4325376      1081344
        2112         2048          15.123      8650752      2162688
        2112         4096          29.988     17301504      4325376
        2112         8192          69.369     34603008      8650752
        2304            1           0.292         4608         1152
        2304            2           0.449         9216         2304
        2304            4           0.505        18432         4608
        2304            8           0.503        36864         9216
        2304           16           0.502        73728        18432
        2304           32           0.596       147456        36864
        2304           64           0.811       294912        73728
        2304          128           1.165       589824       147456
        2304          256           2.187      1179648       294912
        2304          512           3.772      2359296       589824
        2304         1024           7.341      4718592      1179648
        2304         2048          14.280      9437184      2359296
        2304         4096          28.362     18874368      4718592
        2304         8192          56.525     37748736      9437184
        2528            1           0.311         5056         1264
        2528            2           0.370        10112         2528
        2528            4           0.454        20224         5056
        2528            8           0.454        40448        10112
        2528           16           0.593        80896        20224
        2528           32           0.614       161792        40448
        2528           64           0.861       323584        80896
        2528          128           1.350       647168       161792
        2528          256           2.467      1294336       323584
        2528          512           4.631      2588672       647168
        2528         1024           8.936      5177344      1294336
        2528         2048          17.573     10354688      2588672
        2528         4096          35.044     20709376      5177344
        2528         8192          69.576     41418752     10354688
        2752            1           0.306         5504         1376
        2752            2           0.558        11008         2752
        2752            4           0.534        22016         5504
        2752            8           0.468        44032        11008
        2752           16           0.600        88064        22016
        2752           32           0.682       176128        44032
        2752           64           1.156       352256        88064
        2752          128           1.863       704512       176128
        2752          256           3.542      1409024       352256
        2752          512           7.387      2818048       704512
        2752         1024           9.343      5636096      1409024
        2752         2048          18.440     11272192      2818048
        2752         4096          36.583     22544384      5636096
        2752         8192          72.933     45088768     11272192
        3008            1           0.477         6016         1504
        3008            2           0.366        12032         3008
        3008            4           0.388        24064         6016
        3008            8           0.526        48128        12032
        3008           16           0.484        96256        24064
        3008           32           0.670       192512        48128
        3008           64           1.030       385024        96256
        3008          128           1.619       770048       192512
        3008          256           2.737      1540096       385024
        3008          512           5.142      3080192       770048
        3008         1024          10.117      6160384      1540096
        3008         2048          19.906     12320768      3080192
        3008         4096          39.558     24641536      6160384
        3008         8192          78.852     49283072     12320768
        3296            1           0.287         6592         1648
        3296            2           0.546        13184         3296
        3296            4           0.453        26368         6592
        3296            8           0.509        52736        13184
        3296           16           0.484       105472        26368
        3296           32           0.661       210944        52736
        3296           64           0.976       421888       105472
        3296          128           1.752       843776       210944
        3296          256           3.117      1687552       421888
        3296          512           5.733      3375104       843776
        3296         1024          11.180      6750208      1687552
        3296         2048          22.223     13500416      3375104
        3296         4096          44.034     27000832      6750208
        3296         8192          87.669     54001664     13500416
        3616            1           0.372         7232         1808
        3616            2           0.529        14464         3616
        3616            4           0.514        28928         7232
        3616            8           0.497        57856        14464
        3616           16           0.526       115712        28928
        3616           32           0.696       231424        57856
        3616           64           1.019       462848       115712
        3616          128           1.702       925696       231424
        3616          256           3.064      1851392       462848
        3616          512           6.004      3702784       925696
        3616         1024          11.637      7405568      1851392
        3616         2048          22.902     14811136      3702784
        3616         4096          45.433     29622272      7405568
        3616         8192          97.644     59244544     14811136
        3968            1           0.330         7936         1984
        3968            2           0.486        15872         3968
        3968            4           0.502        31744         7936
        3968            8           0.640        63488        15872
        3968           16           0.585       126976        31744
        3968           32           0.745       253952        63488
        3968           64           1.069       507904       126976
        3968          128           1.925      1015808       253952
        3968          256           3.230      2031616       507904
        3968          512           6.245      4063232      1015808
        3968         1024          12.295      8126464      2031616
        3968         2048          24.159     16252928      4063232
        3968         4096          48.014     32505856      8126464
        4352            1           0.562         8704         2176
        4352            2           0.491        17408         4352
        4352            4           0.409        34816         8704
        4352            8           0.466        69632        17408
        4352           16           0.642       139264        34816
        4352           32           0.928       278528        69632
        4352           64           1.374       557056       139264
        4352          128           2.344      1114112       278528
        4352          256           4.371      2228224       557056
        4352          512           8.398      4456448      1114112
        4352         1024          16.325      8912896      2228224
        4352         2048          32.733     17825792      4456448
        4352         4096          65.324     35651584      8912896
        4768            1           0.365         9536         2384
        4768            2           0.321        19072         4768
        4768            4           0.430        38144         9536
        4768            8           0.616        76288        19072
        4768           16           0.672       152576        38144
        4768           32           0.826       305152        76288
        4768           64           1.275       610304       152576
        4768          128           2.084      1220608       305152
        4768          256           3.969      2441216       610304
        4768          512           7.622      4882432      1220608
        4768         1024          14.942      9764864      2441216
        4768         2048          29.569     19529728      4882432
        4768         4096          58.981     39059456      9764864
        5216            1           0.343        10432         2608
        5216            2           0.442        20864         5216
        5216            4           0.388        41728        10432
        5216            8           0.532        83456        20864
        5216           16           0.656       166912        41728
        5216           32           0.990       333824        83456
        5216           64           1.569       667648       166912
        5216          128           2.738      1335296       333824
        5216          256           5.048      2670592       667648
        5216          512           9.745      5341184      1335296
        5216         1024          19.285     10682368      2670592
        5216         2048          38.260     21364736      5341184
        5216         4096          75.883     42729472     10682368
        5728            1           0.405        11456         2864
        5728            2           0.466        22912         5728
        5728            4           0.642        45824        11456
        5728            8           0.612        91648        22912
        5728           16           0.715       183296        45824
        5728           32           0.985       366592        91648
        5728           64           1.518       733184       183296
        5728          128           2.887      1466368       366592
        5728          256           5.350      2932736       733184
        5728          512          10.520      5865472      1466368
        5728         1024          20.695     11730944      2932736
        5728         2048          41.110     23461888      5865472
        5728         4096          81.697     46923776     11730944
        6272            1           0.345        12544         3136
        6272            2           0.420        25088         6272
        6272            4           0.466        50176        12544
        6272            8           0.609       100352        25088
        6272           16           0.821       200704        50176
        6272           32           1.012       401408       100352
        6272           64           1.529       802816       200704
        6272          128           2.724      1605632       401408
        6272          256           5.061      3211264       802816
        6272          512           9.646      6422528      1605632
        6272         1024          19.083     12845056      3211264
        6272         2048          37.827     25690112      6422528
        6272         4096          75.204     51380224     12845056
        6880            1           0.420        13760         3440
        6880            2           0.390        27520         6880
        6880            4           0.542        55040        13760
        6880            8           0.610       110080        27520
        6880           16           0.760       220160        55040
        6880           32           1.067       440320       110080
        6880           64           1.755       880640       220160
        6880          128           3.020      1761280       440320
        6880          256           5.823      3522560       880640
        6880          512          11.274      7045120      1761280
        6880         1024          21.883     14090240      3522560
        6880         2048          43.435     28180480      7045120
        6880         4096          86.401     56360960     14090240
        7552            1           0.367        15104         3776
        7552            2           0.373        30208         7552
        7552            4           0.561        60416        15104
        7552            8           0.535       120832        30208
        7552           16           0.790       241664        60416
        7552           32           0.996       483328       120832
        7552           64           1.737       966656       241664
        7552          128           3.251      1933312       483328
        7552          256           6.066      3866624       966656
        7552          512          11.638      7733248      1933312
        7552         1024          22.990     15466496      3866624
        7552         2048          45.355     30932992      7733248
        7552         4096          90.408     61865984     15466496
        8288            1           0.369        16576         4144
        8288            2           0.430        33152         8288
        8288            4           0.513        66304        16576
        8288            8           0.558       132608        33152
        8288           16           0.812       265216        66304
        8288           32           1.159       530432       132608
        8288           64           1.885      1060864       265216
        8288          128           3.657      2121728       530432
        8288          256           6.820      4243456      1060864
        8288          512          13.335      8486912      2121728
        8288         1024          26.233     16973824      4243456
        8288         2048          51.895     33947648      8486912
        9088            1           0.348        18176         4544
        9088            2           0.537        36352         9088
        9088            4           0.447        72704        18176
        9088            8           0.569       145408        36352
        9088           16           0.831       290816        72704
        9088           32           1.131       581632       145408
        9088           64           2.127      1163264       290816
        9088          128           3.787      2326528       581632
        9088          256           7.223      4653056      1163264
        9088          512          13.947      9306112      2326528
        9088         1024          27.539     18612224      4653056
        9088         2048          54.594     37224448      9306112
        9984            1           0.393        19968         4992
        9984            2           0.505        39936         9984
        9984            4           0.578        79872        19968
        9984            8           0.642       159744        39936
        9984           16           0.866       319488        79872
        9984           32           1.367       638976       159744
        9984           64           2.406      1277952       319488
        9984          128           4.355      2555904       638976
        9984          256           8.524      5111808      1277952
        9984          512          16.816     10223616      2555904
        9984         1024          32.998     20447232      5111808
        9984         2048          65.802     40894464     10223616
       10976            1           0.633        21952         5488
       10976            2           0.487        43904        10976
       10976            4           0.506        87808        21952
       10976            8           0.650       175616        43904
       10976           16           0.928       351232        87808
       10976           32           1.438       702464       175616
       10976           64           2.581      1404928       351232
       10976          128           4.744      2809856       702464
       10976          256           9.334      5619712      1404928
       10976          512          18.289     11239424      2809856
       10976         1024          36.229     22478848      5619712
       10976         2048          80.660     44957696     11239424
       12064            1           0.494        24128         6032
       12064            2           0.601        48256        12064
       12064            4           0.666        96512        24128
       12064            8           0.677       193024        48256
       12064           16           1.001       386048        96512
       12064           32           1.507       772096       193024
       12064           64           2.566      1544192       386048
       12064          128           4.967      3088384       772096
       12064          256           9.454      6176768      1544192
       12064          512          18.570     12353536      3088384
       12064         1024          36.914     24707072      6176768
       12064         2048          73.229     49414144     12353536
       13248            1           0.490        26496         6624
       13248            2           0.475        52992        13248
       13248            4           0.531       105984        26496
       13248            8           0.720       211968        52992
       13248           16           1.094       423936       105984
       13248           32           1.760       847872       211968
       13248           64           3.112      1695744       423936
       13248          128           5.827      3391488       847872
       13248          256          11.022      6782976      1695744
       13248          512          21.689     13565952      3391488
       13248         1024          42.915     27131904      6782976
       13248         2048          85.490     54263808     13565952
       14560            1           0.775        29120         7280
       14560            2           0.496        58240        14560
       14560            4           0.521       116480        29120
       14560            8           0.782       232960        58240
       14560           16           1.165       465920       116480
       14560           32           1.902       931840       232960
       14560           64           3.285      1863680       465920
       14560          128           6.195      3727360       931840
       14560          256          11.989      7454720      1863680
       14560          512          23.713     14909440      3727360
       14560         1024          46.836     29818880      7454720
       14560         2048          93.674     59637760     14909440
       16000            1           0.550        32000         8000
       16000            2           0.445        64000        16000
       16000            4           0.552       128000        32000
       16000            8           0.734       256000        64000
       16000           16           1.136       512000       128000
       16000           32           1.924      1024000       256000
       16000           64           3.566      2048000       512000
       16000          128           6.657      4096000      1024000
       16000          256          13.083      8192000      2048000
       16000          512          25.812     16384000      4096000
       16000         1024          51.148     32768000      8192000
       17600            1           0.517        35200         8800
       17600            2           0.437        70400        17600
       17600            4           0.588       140800        35200
       17600            8           0.762       281600        70400
       17600           16           1.222       563200       140800
       17600           32           2.175      1126400       281600
       17600           64           3.836      2252800       563200
       17600          128           7.431      4505600      1126400
       17600          256          14.325      9011200      2252800
       17600          512          28.260     18022400      4505600
       17600         1024          56.345     36044800      9011200
       19360            1           0.772        38720         9680
       19360            2           0.457        77440        19360
       19360            4           0.623       154880        38720
       19360            8           0.942       309760        77440
       19360           16           1.330       619520       154880
       19360           32           2.359      1239040       309760
       19360           64           4.217      2478080       619520
       19360          128           7.992      4956160      1239040
       19360          256          15.636      9912320      2478080
       19360          512          30.734     19824640      4956160
       19360         1024          61.111     39649280      9912320
       21280            1           0.579        42560        10640
       21280            2           0.498        85120        21280
       21280            4           0.675       170240        42560
       21280            8           0.881       340480        85120
       21280           16           1.764       680960       170240
       21280           32           3.313      1361920       340480
       21280           64           6.936      2723840       680960
       21280          128          12.160      5447680      1361920
       21280          256          18.185     10895360      2723840
       21280          512          33.619     21790720      5447680
       21280         1024          66.939     43581440     10895360
       23392            1           0.822        46784        11696
       23392            2           0.584        93568        23392
       23392            4           0.717       187136        46784
       23392            8           0.995       374272        93568
       23392           16           1.615       748544       187136
       23392           32           2.652      1497088       374272
       23392           64           5.172      2994176       748544
       23392          128           9.600      5988352      1497088
       23392          256          18.704     11976704      2994176
       23392          512          36.870     23953408      5988352
       23392         1024          73.389     47906816     11976704
       25728            1           0.702        51456        12864
       25728            2           0.595       102912        25728
       25728            4           0.684       205824        51456
       25728            8           1.018       411648       102912
       25728           16           1.687       823296       205824
       25728           32           2.962      1646592       411648
       25728           64           5.350      3293184       823296
       25728          128          10.318      6586368      1646592
       25728          256          20.442     13172736      3293184
       25728          512          40.363     26345472      6586368
       25728         1024          80.791     52690944     13172736
       28288            1           0.941        56576        14144
       28288            2           0.540       113152        28288
       28288            4           0.813       226304        56576
       28288            8           1.158       452608       113152
       28288           16           1.802       905216       226304
       28288           32           3.121      1810432       452608
       28288           64           5.864      3620864       905216
       28288          128          11.291      7241728      1810432
       28288          256          22.340     14483456      3620864
       28288          512          44.243     28966912      7241728
       28288         1024          87.957     57933824     14483456
       31104            1           0.751        62208        15552
       31104            2           0.693       124416        31104
       31104            4           0.847       248832        62208
       31104            8           1.212       497664       124416
       31104           16           1.991       995328       248832
       31104           32           3.399      1990656       497664
       31104           64           6.387      3981312       995328
       31104          128          12.376      7962624      1990656
       31104          256          24.439     15925248      3981312
       31104          512          48.247     31850496      7962624
       34208            1           0.749        68416        17104
       34208            2           0.656       136832        34208
       34208            4           0.887       273664        68416
       34208            8           1.237       547328       136832
       34208           16           2.139      1094656       273664
       34208           32           3.717      2189312       547328
       34208           64           6.989      4378624      1094656
       34208          128          13.494      8757248      2189312
       34208          256          26.623     17514496      4378624
       34208          512          60.828     35028992      8757248
       37600            1           0.907        75200        18800
       37600            2           0.689       150400        37600
       37600            4           0.856       300800        75200
       37600            8           1.370       601600       150400
       37600           16           2.251      1203200       300800
       37600           32           4.039      2406400       601600
       37600           64           7.698      4812800      1203200
       37600          128          14.822      9625600      2406400
       37600          256          29.270     19251200      4812800
       37600          512          58.267     38502400      9625600
       41344            1           1.006        82688        20672
       41344            2           0.588       165376        41344
       41344            4           1.030       330752        82688
       41344            8           1.471       661504       165376
       41344           16           2.514      1323008       330752
       41344           32           4.392      2646016       661504
       41344           64           8.295      5292032      1323008
       41344          128          16.298     10584064      2646016
       41344          256          32.014     21168128      5292032
       41344          512          63.476     42336256     10584064
       45472            1           0.988        90944        22736
       45472            2           0.688       181888        45472
       45472            4           1.069       363776        90944
       45472            8           1.539       727552       181888
       45472           16           2.585      1455104       363776
       45472           32           4.799      2910208       727552
       45472           64           9.067      5820416      1455104
       45472          128          17.749     11640832      2910208
       45472          256          35.164     23281664      5820416
       45472          512          69.700     46563328     11640832
       50016            1           1.064       100032        25008
       50016            2           0.755       200064        50016
       50016            4           1.026       400128       100032
       50016            8           1.630       800256       200064
       50016           16           2.979      1600512       400128
       50016           32           5.196      3201024       800256
       50016           64          10.023      6402048      1600512
       50016          128          19.603     12804096      3201024
       50016          256          38.697     25608192      6402048
       50016          512          76.688     51216384     12804096
       55008            1           1.188       110016        27504
       55008            2           0.848       220032        55008
       55008            4           1.271       440064       110016
       55008            8           1.764       880128       220032
       55008           16           3.023      1760256       440064
       55008           32           5.794      3520512       880128
       55008           64          10.895      7041024      1760256
       55008          128          21.417     14082048      3520512
       55008          256          42.399     28164096      7041024
       55008          512          84.348     56328192     14082048
       60480            1           1.387       120960        30240
       60480            2           0.929       241920        60480
       60480            4           1.263       483840       120960
       60480            8           1.978       967680       241920
       60480           16           3.385      1935360       483840
       60480           32           6.238      3870720       967680
       60480           64          11.970      7741440      1935360
       60480          128          23.350     15482880      3870720
       60480          256          46.327     30965760      7741440
       60480          512          92.252     61931520     15482880
       66528            1           1.546       133056        33264
       66528            2           1.127       266112        66528
       66528            4           1.742       532224       133056
       66528            8           2.931      1064448       266112
       66528           16           3.636      2128896       532224
       66528           32           6.796      4257792      1064448
       66528           64          13.199      8515584      2128896
       66528          128          25.700     17031168      4257792
       66528          256          50.991     34062336      8515584
       73152            1           1.501       146304        36576
       73152            2           0.967       292608        73152
       73152            4           1.620       585216       146304
       73152            8           2.250      1170432       292608
       73152           16           4.022      2340864       585216
       73152           32           7.428      4681728      1170432
       73152           64          14.490      9363456      2340864
       73152          128          28.328     18726912      4681728
       73152          256          91.658     37453824      9363456
       80448            1           1.609       160896        40224
       80448            2           1.094       321792        80448
       80448            4           1.466       643584       160896
       80448            8           2.420      1287168       321792
       80448           16           4.277      2574336       643584
       80448           32           8.033      5148672      1287168
       80448           64          15.814     10297344      2574336
       80448          128          30.958     20594688      5148672
       80448          256          61.325     41189376     10297344
       88480            1           2.156       176960        44240
       88480            2           1.050       353920        88480
       88480            4           1.570       707840       176960
       88480            8           2.663      1415680       353920
       88480           16           4.688      2831360       707840
       88480           32           8.872      5662720      1415680
       88480           64          17.149     11325440      2831360
       88480          128          33.905     22650880      5662720
       88480          256          67.276     45301760     11325440
       97312            1           1.996       194624        48656
       97312            2           1.132       389248        97312
       97312            4           1.727       778496       194624
       97312            8           2.868      1556992       389248
       97312           16           5.108      3113984       778496
       97312           32           9.704      6227968      1556992
       97312           64          18.939     12455936      3113984
       97312          128          37.148     24911872      6227968
       97312          256          73.805     49823744     12455936
      107040            1           2.461       214080        53520
      107040            2           1.200       428160       107040
      107040            4           1.878       856320       214080
      107040            8           3.130      1712640       428160
      107040           16           5.633      3425280       856320
      107040           32          10.598      6850560      1712640
      107040           64          20.798     13701120      3425280
      107040          128          40.945     27402240      6850560
      107040          256          90.921     54804480     13701120
      117728            1           3.069       235456        58864
      117728            2           1.301       470912       117728
      117728            4           2.090       941824       235456
      117728            8           3.506      1883648       470912
      117728           16           6.297      3767296       941824
      117728           32          11.818      7534592      1883648
      117728           64          23.035     15069184      3767296
      117728          128          45.390     30138368      7534592
      117728          256          90.130     60276736     15069184
      129472            1           2.641       258944        64736
      129472            2           1.408       517888       129472
      129472            4           2.292      1035776       258944
      129472            8           3.859      2071552       517888
      129472           16           6.911      4143104      1035776
      129472           32          13.057      8286208      2071552
      129472           64          25.349     16572416      4143104
      129472          128          49.850     33144832      8286208
      142400            1           2.825       284800        71200
      142400            2           1.683       569600       142400
      142400            4           2.691      1139200       284800
      142400            8           4.683      2278400       569600
      142400           16           8.753      4556800      1139200
      142400           32          16.662      9113600      2278400
      142400           64          32.306     18227200      4556800
      142400          128          64.033     36454400      9113600
      156640            1           3.101       313280        78320
      156640            2           2.014       626560       156640
      156640            4           3.312      1253120       313280
      156640            8           5.700      2506240       626560
      156640           16          10.612      5012480      1253120
      156640           32          20.911     10024960      2506240
      156640           64          40.615     20049920      5012480
      156640          128          80.643     40099840     10024960
      172288            1           3.230       344576        86144
      172288            2           2.311       689152       172288
      172288            4           3.585      1378304       344576
      172288            8           6.447      2756608       689152
      172288           16          12.466      5513216      1378304
      172288           32          23.854     11026432      2756608
      172288           64          46.934     22052864      5513216
      172288          128          93.283     44105728     11026432
      189504            1           3.700       379008        94752
      189504            2           2.439       758016       189504
      189504            4           3.946      1516032       379008
      189504            8           7.256      3032064       758016
      189504           16          13.502      6064128      1516032
      189504           32          26.312     12128256      3032064
      189504           64          51.749     24256512      6064128
      189504          128         102.783     48513024     12128256
      208448            1           3.820       416896       104224
      208448            2           2.719       833792       208448
      208448            4           4.325      1667584       416896
      208448            8           8.029      3335168       833792
      208448           16          14.768      6670336      1667584
      208448           32          28.811     13340672      3335168
      208448           64          56.733     26681344      6670336
      208448          128         112.661     53362688     13340672
      229280            1           4.484       458560       114640
      229280            2           2.784       917120       229280
      229280            4           4.680      1834240       458560
      229280            8           8.508      3668480       917120
      229280           16          16.281      7336960      1834240
      229280           32          31.768     14673920      3668480
      229280           64          62.410     29347840      7336960
      229280          128         123.955     58695680     14673920
      252192            1           5.010       504384       126096
      252192            2           3.053      1008768       252192
      252192            4           5.163      2017536       504384
      252192            8           9.403      4035072      1008768
      252192           16          17.760      8070144      2017536
      252192           32          34.468     16140288      4035072
      252192           64          68.059     32280576      8070144
      277408            1           5.109       554816       138704
      277408            2           3.464      1109632       277408
      277408            4           5.722      2219264       554816
      277408            8          10.212      4438528      1109632
      277408           16          24.675      8877056      2219264
      277408           32          38.758     17754112      4438528
      277408           64          75.311     35508224      8877056
      305120            1           6.005       610240       152560
      305120            2           3.709      1220480       305120
      305120            4           6.177      2440960       610240
      305120            8          11.336      4881920      1220480
      305120           16          21.514      9763840      2440960
      305120           32          43.168     19527680      4881920
      305120           64          82.911     39055360      9763840
      335616            1           5.702       671232       167808
      335616            2           4.048      1342464       335616
      335616            4           6.713      2684928       671232
      335616            8          12.311      5369856      1342464
      335616           16          23.558     10739712      2684928
      335616           32          45.950     21479424      5369856
      335616           64          90.837     42958848     10739712
      369152            1           6.518       738304       184576
      369152            2           4.370      1476608       369152
      369152            4           7.540      2953216       738304
      369152            8          13.510      5906432      1476608
      369152           16          25.949     11812864      2953216
      369152           32          50.479     23625728      5906432
      369152           64          99.842     47251456     11812864
      406048            1           6.990       812096       203024
      406048            2           4.756      1624192       406048
      406048            4           8.188      3248384       812096
      406048            8          14.848      6496768      1624192
      406048           16          28.366     12993536      3248384
      406048           32          55.376     25987072      6496768
      406048           64         109.428     51974144     12993536
      446624            1           8.210       893248       223312
      446624            2           5.032      1786496       446624
      446624            4           8.800      3572992       893248
      446624            8          16.366      7145984      1786496
      446624           16          31.239     14291968      3572992
      446624           32          61.312     28583936      7145984
      446624           64         121.501     57167872     14291968
      491264            1           9.872       982528       245632
      491264            2           5.580      1965056       491264
      491264            4           9.669      3930112       982528
      491264            8          17.816      7860224      1965056
      491264           16          34.002     15720448      3930112
      491264           32          66.678     31440896      7860224
      540384            1          10.275      1080768       270192
      540384            2           6.279      2161536       540384
      540384            4          10.635      4323072      1080768
      540384            8          19.686      8646144      2161536
      540384           16          37.361     17292288      4323072
      540384           32          73.165     34584576      8646144
      594400            1          12.090      1188800       297200
      594400            2           6.695      2377600       594400
      594400            4          11.659      4755200      1188800
      594400            8          21.661      9510400      2377600
      594400           16          41.093     19020800      4755200
      594400           32          85.921     38041600      9510400
      653824            1          13.309      1307648       326912
      653824            2           7.274      2615296       653824
      653824            4          12.664      5230592      1307648
      653824            8          23.632     10461184      2615296
      653824           16          45.163     20922368      5230592
      653824           32          88.574     41844736     10461184
      719200            1          13.909      1438400       359600
      719200            2           8.006      2876800       719200
      719200            4          13.928      5753600      1438400
      719200            8          25.924     11507200      2876800
      719200           16          49.749     23014400      5753600
      719200           32          97.689     46028800     11507200
      791104            1          16.059      1582208       395552
      791104            2           8.688      3164416       791104
      791104            4          15.316      6328832      1582208
      791104            8          28.442     12657664      3164416
      791104           16          54.706     25315328      6328832
      791104           32         107.056     50630656     12657664
      870208            1          16.898      1740416       435104
      870208            2           9.570      3480832       870208
      870208            4          16.799      6961664      1740416
      870208            8          31.086     13923328      3480832
      870208           16          59.974     27846656      6961664
      870208           32         117.780     55693312     13923328
      957216            1          18.693      1914432       478608
      957216            2          10.437      3828864       957216
      957216            4          18.364      7657728      1914432
      957216            8          34.010     15315456      3828864
      957216           16          65.707     30630912      7657728
      957216           32         129.453     61261824     15315456
     1052928            1          19.386      2105856       526464
     1052928            2          11.487      4211712      1052928
     1052928            4          20.266      8423424      2105856
     1052928            8          37.472     16846848      4211712
     1052928           16          72.221     33693696      8423424
     1158208            1          21.338      2316416       579104
     1158208            2          12.636      4632832      1158208
     1158208            4          22.263      9265664      2316416
     1158208            8          41.373     18531328      4632832
     1158208           16          79.391     37062656      9265664
     1274016            1          22.950      2548032       637008
     1274016            2          14.044      5096064      1274016
     1274016            4          24.433     10192128      2548032
     1274016            8          45.441     20384256      5096064
     1274016           16          94.701     40768512     10192128
     1401408            1          26.278      2802816       700704
     1401408            2          15.956      5605632      1401408
     1401408            4          26.923     11211264      2802816
     1401408            8          50.053     22422528      5605632
     1401408           16          96.461     44845056     11211264
     1541536            1          27.964      3083072       770768
     1541536            2          17.367      6166144      1541536
     1541536            4          29.231     12332288      3083072
     1541536            8          54.542     24664576      6166144
     1541536           16         105.462     49329152     12332288
     1695680            1          30.810      3391360       847840
     1695680            2          19.528      6782720      1695680
     1695680            4          32.281     13565440      3391360
     1695680            8          60.448     27130880      6782720
     1695680           16         122.085     54261760     13565440
     1865248            1          34.776      3730496       932624
     1865248            2          21.454      7460992      1865248
     1865248            4          36.376     14921984      3730496
     1865248            8          68.011     29843968      7460992
     1865248           16         131.930     59687936     14921984
     2051744            1          37.352      4103488      1025872
     2051744            2          24.494      8206976      2051744
     2051744            4          41.538     16413952      4103488
     2051744            8          77.088     32827904      8206976
     2256896            1          40.498      4513792      1128448
     2256896            2          27.342      9027584      2256896
     2256896            4          45.967     18055168      4513792
     2256896            8          83.890     36110336      9027584
     2482560            1          44.052      4965120      1241280
     2482560            2          31.320      9930240      2482560
     2482560            4          49.929     19860480      4965120
     2482560            8          92.992     39720960      9930240
     2730816            1          49.635      5461632      1365408
     2730816            2          41.917     10923264      2730816
     2730816            4          54.944     21846528      5461632
     2730816            8         101.962     43693056     10923264
     3003872            1          52.197      6007744      1501936
     3003872            2          40.292     12015488      3003872
     3003872            4          61.754     24030976      6007744
     3003872            8         113.736     48061952     12015488
     3304256            1          57.188      6608512      1652128
     3304256            2          46.903     13217024      3304256
     3304256            4          70.900     26434048      6608512
     3304256            8         127.942     52868096     13217024
     3634656            1          61.263      7269312      1817328
     3634656            2          57.713     14538624      3634656
     3634656            4          80.881     29077248      7269312
     3634656            8         144.946     58154496     14538624
     3998112            1          74.743      7996224      1999056
     3998112            2          63.673     15992448      3998112
     3998112            4          92.764     31984896      7996224
     4397920            1          67.321      8795840      2198960
     4397920            2          72.252     17591680      4397920
     4397920            4         107.749     35183360      8795840
     4837696            1          75.003      9675392      2418848
     4837696            2          85.409     19350784      4837696
     4837696            4         127.084     38701568      9675392
     5321440            1          73.086     10642880      2660720
     5321440            2         101.126     21285760      5321440
     5321440            4         149.426     42571520     10642880
     5853568            1          78.294     11707136      2926784
     5853568            2         118.993     23414272      5853568
     5853568            4         175.358     46828544     11707136
     6438912            1          83.746     12877824      3219456
     6438912            2         134.437     25755648      6438912
     6438912            4         209.049     51511296     12877824
     7082784            1          88.505     14165568      3541392
     7082784            2         148.829     28331136      7082784
     7082784            4         223.477     56662272     14165568
     7791040            1          95.007     15582080      3895520
     7791040            2         167.011     31164160      7791040
     8570144            1         104.906     17140288      4285072
     8570144            2         186.602     34280576      8570144
     9427136            1         115.792     18854272      4713568
     9427136            2         206.027     37708544      9427136
    10369824            1         140.112     20739648      5184912
    10369824            2         237.834     41479296     10369824
    11406784            1         143.723     22813568      5703392
    11406784            2         250.307     45627136     11406784
    12547456            1         161.118     25094912      6273728
    12547456            2         279.249     50189824     12547456
    13802176            1         178.359     27604352      6901088
    13802176            2         311.322     55208704     13802176
    15182368            1         201.405     30364736      7591184
    15182368            2         372.077     60729472     15182368
    16700576            1         291.737     33401152      8350288
    18370624            1         319.949     36741248      9185312
    20207680            1         326.464     40415360     10103840
    22228448            1         375.531     44456896     11114224
    24451264            1         390.630     48902528     12225632
    26896384            1         447.712     53792768     13448192
    29586016            1         511.043     59172032     14793008

META_DATA
FLOPS          4
OPENMP_THREADS 4
ERT_VERSION  1.1.0
HOSTNAME  ('cirrus4.computing.clemson.edu', ['cirrus4'], ['127.0.1.1'])
UNAME  uname_result(system='Linux', node='cirrus4.computing.clemson.edu', release='5.4.0-81-generic', version='#91-Ubuntu SMP Thu Jul 15 19:09:17 UTC 2021', machine='x86_64', processor='x86_64')
TIMESTAMP_DATA  1632245415.7193863
CONFIG  {'ERT_RESULTS': ['Results.cs.clemson.edu'], 'ERT_DRIVER': ['driver1'], 'ERT_KERNEL': ['kernel1'], 'ERT_MPI': ['False'], 'ERT_MPI_CFLAGS': [], 'ERT_MPI_LDFLAGS': [], 'ERT_OPENMP': ['True'], 'ERT_OPENMP_CFLAGS': ['-fopenmp'], 'ERT_OPENMP_LDFLAGS': ['-fopenmp'], 'ERT_FLOPS': ['1,2,4'], 'ERT_ALIGN': ['32'], 'ERT_CC': ['g++'], 'ERT_CFLAGS': ['-O3', '-std=c++11', '-fstrict-aliasing', '-march=native'], 'ERT_LD': ['g++'], 'ERT_LDFLAGS': [], 'ERT_LDLIBS': [], 'ERT_PRECISION': ['FP64'], 'ERT_RUN': ['export', 'OMP_NUM_THREADS=ERT_OPENMP_THREADS;', 'export', 'OMP_PLACES=threads;', 'export', 'OMP_PROC_BIND=spread;', './ERT_CODE'], 'ERT_PROCS_THREADS': ['8'], 'ERT_MPI_PROCS': ['2,4,8'], 'ERT_OPENMP_THREADS': ['1-8'], 'ERT_NUM_EXPERIMENTS': ['5'], 'ERT_MEMORY_MAX': ['31000000'], 'ERT_WORKING_SET_MIN': ['1'], 'ERT_TRIALS_MIN': ['1'], 'ERT_GNUPLOT': ['gnuplot'], 'ERT_GPU': [False], 'ERT_HIP': [False], 'ERT_OCL': [False], 'ERT_SYCL': [False], 'ERT_WSS_MULT': [1.1]}
