fp64
          32            1           0.870           64           16
          32            2           0.448          128           32
          32            4           0.445          256           64
          32            8           0.465          512          128
          32           16           0.585         1024          256
          32           32           0.378         2048          512
          32           64           0.661         4096         1024
          32          128           0.862         8192         2048
          32          256           1.194        16384         4096
          32          512           2.074        32768         8192
          32         1024           3.942        65536        16384
          32         2048           7.451       131072        32768
          32         4096          14.633       262144        65536
          32         8192          28.591       524288       131072
          32        16384          57.081      1048576       262144
          32        32768         113.655      2097152       524288
          32        65536         227.010      4194304      1048576
          32       131072         452.758      8388608      2097152
          32       262144         919.481     16777216      4194304
          32       524288        2380.499     33554432      8388608
          64            1           0.432          128           32
          64            2           0.385          256           64
          64            4           0.445          512          128
          64            8           0.435         1024          256
          64           16           0.518         2048          512
          64           32           0.412         4096         1024
          64           64           0.686         8192         2048
          64          128           1.072        16384         4096
          64          256           1.514        32768         8192
          64          512           2.699        65536        16384
          64         1024           4.952       131072        32768
          64         2048           9.736       262144        65536
          64         4096          19.236       524288       131072
          64         8192          38.013      1048576       262144
          64        16384          76.942      2097152       524288
          64        32768         155.396      4194304      1048576
          64        65536         322.853      8388608      2097152
          64       131072         653.787     16777216      4194304
          64       262144        1297.537     33554432      8388608
          96            1           0.344          192           48
          96            2           0.492          384           96
          96            4           0.441          768          192
          96            8           0.694         1536          384
          96           16           0.401         3072          768
          96           32           0.489         6144         1536
          96           64           0.666        12288         3072
          96          128           0.850        24576         6144
          96          256           1.663        49152        12288
          96          512           3.008        98304        24576
          96         1024           5.566       196608        49152
          96         2048          10.827       393216        98304
          96         4096          20.993       786432       196608
          96         8192          40.326      1572864       393216
          96        16384          78.451      3145728       786432
          96        32768         159.957      6291456      1572864
          96        65536         314.444     12582912      3145728
          96       131072         630.059     25165824      6291456
          96       262144        1237.911     50331648     12582912
         128            1           0.347          256           64
         128            2           0.506          512          128
         128            4           0.590         1024          256
         128            8           0.427         2048          512
         128           16           0.577         4096         1024
         128           32           0.604         8192         2048
         128           64           0.700        16384         4096
         128          128           1.114        32768         8192
         128          256           1.732        65536        16384
         128          512           2.843       131072        32768
         128         1024           5.489       262144        65536
         128         2048          10.738       524288       131072
         128         4096          20.953      1048576       262144
         128         8192          41.534      2097152       524288
         128        16384          82.525      4194304      1048576
         128        32768         164.551      8388608      2097152
         128        65536         282.358     16777216      4194304
         128       131072         427.001     33554432      8388608
         160            1           0.275          320           80
         160            2           0.461          640          160
         160            4           0.392         1280          320
         160            8           0.329         2560          640
         160           16           0.539         5120         1280
         160           32           0.457        10240         2560
         160           64           0.733        20480         5120
         160          128           0.741        40960        10240
         160          256           1.138        81920        20480
         160          512           1.994       163840        40960
         160         1024           3.626       327680        81920
         160         2048           6.924       655360       163840
         160         4096          13.731      1310720       327680
         160         8192          27.026      2621440       655360
         160        16384          53.629      5242880      1310720
         160        32768         106.942     10485760      2621440
         160        65536         214.410     20971520      5242880
         160       131072         432.786     41943040     10485760
         192            1           0.529          384           96
         192            2           0.367          768          192
         192            4           0.417         1536          384
         192            8           0.410         3072          768
         192           16           0.480         6144         1536
         192           32           0.374        12288         3072
         192           64           0.694        24576         6144
         192          128           0.708        49152        12288
         192          256           1.311        98304        24576
         192          512           1.853       196608        49152
         192         1024           3.600       393216        98304
         192         2048           7.648       786432       196608
         192         4096          14.038      1572864       393216
         192         8192          27.052      3145728       786432
         192        16384          53.633      6291456      1572864
         192        32768         107.134     12582912      3145728
         192        65536         213.416     25165824      6291456
         192       131072         426.549     50331648     12582912
         224            1           0.785          448          112
         224            2           0.378          896          224
         224            4           0.525         1792          448
         224            8           0.519         3584          896
         224           16           0.365         7168         1792
         224           32           0.555        14336         3584
         224           64           0.702        28672         7168
         224          128           0.808        57344        14336
         224          256           1.247       114688        28672
         224          512           1.977       229376        57344
         224         1024           3.620       458752       114688
         224         2048           6.915       917504       229376
         224         4096          13.604      1835008       458752
         224         8192          26.936      3670016       917504
         224        16384          53.626      7340032      1835008
         224        32768         106.851     14680064      3670016
         224        65536         213.385     29360128      7340032
         224       131072         427.350     58720256     14680064
         256            1           0.290          512          128
         256            2           0.557         1024          256
         256            4           0.581         2048          512
         256            8           0.400         4096         1024
         256           16           0.415         8192         2048
         256           32           0.432        16384         4096
         256           64           0.453        32768         8192
         256          128           0.771        65536        16384
         256          256           1.182       131072        32768
         256          512           2.168       262144        65536
         256         1024           3.780       524288       131072
         256         2048           7.173      1048576       262144
         256         4096          13.693      2097152       524288
         256         8192          26.941      4194304      1048576
         256        16384          53.702      8388608      2097152
         256        32768         107.016     16777216      4194304
         256        65536         230.537     33554432      8388608
         288            1           0.309          576          144
         288            2           0.352         1152          288
         288            4           0.451         2304          576
         288            8           0.424         4608         1152
         288           16           0.432         9216         2304
         288           32           0.455        18432         4608
         288           64           0.578        36864         9216
         288          128           0.924        73728        18432
         288          256           1.288       147456        36864
         288          512           1.970       294912        73728
         288         1024           3.775       589824       147456
         288         2048           7.090      1179648       294912
         288         4096          13.748      2359296       589824
         288         8192          27.122      4718592      1179648
         288        16384          53.720      9437184      2359296
         288        32768         106.838     18874368      4718592
         288        65536         213.427     37748736      9437184
         320            1           0.336          640          160
         320            2           0.432         1280          320
         320            4           0.451         2560          640
         320            8           0.432         5120         1280
         320           16           0.478        10240         2560
         320           32           0.575        20480         5120
         320           64           0.483        40960        10240
         320          128           0.821        81920        20480
         320          256           1.132       163840        40960
         320          512           1.994       327680        81920
         320         1024           3.660       655360       163840
         320         2048           7.006      1310720       327680
         320         4096          13.683      2621440       655360
         320         8192          27.074      5242880      1310720
         320        16384          53.654     10485760      2621440
         320        32768         107.034     20971520      5242880
         320        65536         213.488     41943040     10485760
         352            1           0.338          704          176
         352            2           0.406         1408          352
         352            4           0.491         2816          704
         352            8           0.378         5632         1408
         352           16           0.372        11264         2816
         352           32           0.401        22528         5632
         352           64           0.567        45056        11264
         352          128           0.884        90112        22528
         352          256           1.338       180224        45056
         352          512           1.983       360448        90112
         352         1024           4.106       720896       180224
         352         2048           7.206      1441792       360448
         352         4096          13.683      2883584       720896
         352         8192          26.987      5767168      1441792
         352        16384          53.733     11534336      2883584
         352        32768         106.979     23068672      5767168
         352        65536         213.637     46137344     11534336
         384            1           0.285          768          192
         384            2           0.454         1536          384
         384            4           0.389         3072          768
         384            8           0.442         6144         1536
         384           16           0.393        12288         3072
         384           32           0.418        24576         6144
         384           64           0.645        49152        12288
         384          128           0.759        98304        24576
         384          256           1.063       196608        49152
         384          512           1.958       393216        98304
         384         1024           3.705       786432       196608
         384         2048           7.109      1572864       393216
         384         4096          13.753      3145728       786432
         384         8192          27.022      6291456      1572864
         384        16384          53.592     12582912      3145728
         384        32768         107.012     25165824      6291456
         384        65536         227.092     50331648     12582912
         416            1           0.303          832          208
         416            2           0.399         1664          416
         416            4           0.426         3328          832
         416            8           0.538         6656         1664
         416           16           0.477        13312         3328
         416           32           0.503        26624         6656
         416           64           0.638        53248        13312
         416          128           0.793       106496        26624
         416          256           1.191       212992        53248
         416          512           2.045       425984       106496
         416         1024           4.311       851968       212992
         416         2048           7.456      1703936       425984
         416         4096          16.091      3407872       851968
         416         8192          28.957      6815744      1703936
         416        16384          54.162     13631488      3407872
         416        32768         110.019     27262976      6815744
         416        65536         216.294     54525952     13631488
         448            1           0.279          896          224
         448            2           0.391         1792          448
         448            4           0.447         3584          896
         448            8           0.415         7168         1792
         448           16           0.371        14336         3584
         448           32           0.493        28672         7168
         448           64           0.552        57344        14336
         448          128           0.882       114688        28672
         448          256           1.085       229376        57344
         448          512           1.911       458752       114688
         448         1024           3.571       917504       229376
         448         2048           7.013      1835008       458752
         448         4096          13.276      3670016       917504
         448         8192          26.313      7340032      1835008
         448        16384          52.347     14680064      3670016
         448        32768         104.398     29360128      7340032
         448        65536         224.249     58720256     14680064
         480            1           0.398          960          240
         480            2           0.377         1920          480
         480            4           0.348         3840          960
         480            8           0.501         7680         1920
         480           16           0.368        15360         3840
         480           32           0.479        30720         7680
         480           64           0.631        61440        15360
         480          128           0.924       122880        30720
         480          256           1.247       245760        61440
         480          512           2.097       491520       122880
         480         1024           3.732       983040       245760
         480         2048           6.849      1966080       491520
         480         4096          13.537      3932160       983040
         480         8192          26.700      7864320      1966080
         480        16384          52.968     15728640      3932160
         480        32768         105.658     31457280      7864320
         512            1           0.276         1024          256
         512            2           0.352         2048          512
         512            4           0.316         4096         1024
         512            8           0.534         8192         2048
         512           16           0.520        16384         4096
         512           32           0.460        32768         8192
         512           64           0.530        65536        16384
         512          128           0.739       131072        32768
         512          256           1.108       262144        65536
         512          512           1.925       524288       131072
         512         1024           3.682      1048576       262144
         512         2048           6.823      2097152       524288
         512         4096          13.483      4194304      1048576
         512         8192          26.447      8388608      2097152
         512        16384          52.175     16777216      4194304
         512        32768         104.087     33554432      8388608
         544            1           0.319         1088          272
         544            2           0.274         2176          544
         544            4           0.292         4352         1088
         544            8           0.435         8704         2176
         544           16           0.334        17408         4352
         544           32           0.419        34816         8704
         544           64           0.497        69632        17408
         544          128           0.683       139264        34816
         544          256           1.082       278528        69632
         544          512           1.916       557056       139264
         544         1024           3.701      1114112       278528
         544         2048           6.752      2228224       557056
         544         4096          13.350      4456448      1114112
         544         8192          26.328      8912896      2228224
         544        16384          62.090     17825792      4456448
         544        32768         104.977     35651584      8912896
         576            1           0.346         1152          288
         576            2           0.380         2304          576
         576            4           0.547         4608         1152
         576            8           0.437         9216         2304
         576           16           0.592        18432         4608
         576           32           0.578        36864         9216
         576           64           0.658        73728        18432
         576          128           0.754       147456        36864
         576          256           1.144       294912        73728
         576          512           2.076       589824       147456
         576         1024           3.612      1179648       294912
         576         2048           6.888      2359296       589824
         576         4096          13.554      4718592      1179648
         576         8192          26.850      9437184      2359296
         576        16384          53.249     18874368      4718592
         576        32768         106.428     37748736      9437184
         608            1           0.681         1216          304
         608            2           0.389         2432          608
         608            4           0.363         4864         1216
         608            8           0.382         9728         2432
         608           16           0.425        19456         4864
         608           32           0.486        38912         9728
         608           64           0.540        77824        19456
         608          128           0.760       155648        38912
         608          256           1.212       311296        77824
         608          512           1.998       622592       155648
         608         1024           3.797      1245184       311296
         608         2048           7.206      2490368       622592
         608         4096          13.945      4980736      1245184
         608         8192          27.710      9961472      2490368
         608        16384          54.758     19922944      4980736
         608        32768         109.488     39845888      9961472
         640            1           0.354         1280          320
         640            2           0.368         2560          640
         640            4           0.334         5120         1280
         640            8           0.438        10240         2560
         640           16           0.448        20480         5120
         640           32           0.345        40960        10240
         640           64           0.498        81920        20480
         640          128           0.730       163840        40960
         640          256           1.188       327680        81920
         640          512           2.000       655360       163840
         640         1024           3.529      1310720       327680
         640         2048           6.913      2621440       655360
         640         4096          13.501      5242880      1310720
         640         8192          26.450     10485760      2621440
         640        16384          52.720     20971520      5242880
         640        32768         105.068     41943040     10485760
         704            1           0.355         1408          352
         704            2           0.356         2816          704
         704            4           0.433         5632         1408
         704            8           0.497        11264         2816
         704           16           0.401        22528         5632
         704           32           0.424        45056        11264
         704           64           0.496        90112        22528
         704          128           0.690       180224        45056
         704          256           1.145       360448        90112
         704          512           2.114       720896       180224
         704         1024           3.866      1441792       360448
         704         2048           7.141      2883584       720896
         704         4096          13.954      5767168      1441792
         704         8192          27.747     11534336      2883584
         704        16384          54.874     23068672      5767168
         704        32768         109.674     46137344     11534336
         768            1           0.274         1536          384
         768            2           0.326         3072          768
         768            4           0.418         6144         1536
         768            8           0.400        12288         3072
         768           16           0.407        24576         6144
         768           32           0.601        49152        12288
         768           64           0.675        98304        24576
         768          128           0.796       196608        49152
         768          256           1.081       393216        98304
         768          512           1.934       786432       196608
         768         1024           3.754      1572864       393216
         768         2048           7.060      3145728       786432
         768         4096          13.740      6291456      1572864
         768         8192          26.868     12582912      3145728
         768        16384          53.290     25165824      6291456
         768        32768         106.420     50331648     12582912
         832            1           0.287         1664          416
         832            2           0.374         3328          832
         832            4           0.405         6656         1664
         832            8           0.428        13312         3328
         832           16           0.332        26624         6656
         832           32           0.437        53248        13312
         832           64           0.588       106496        26624
         832          128           0.837       212992        53248
         832          256           1.301       425984       106496
         832          512           2.111       851968       212992
         832         1024           4.086      1703936       425984
         832         2048           7.933      3407872       851968
         832         4096          15.688      6815744      1703936
         832         8192          31.030     13631488      3407872
         832        16384          61.799     27262976      6815744
         832        32768         123.320     54525952     13631488
         896            1           0.338         1792          448
         896            2           0.492         3584          896
         896            4           0.394         7168         1792
         896            8           0.475        14336         3584
         896           16           0.393        28672         7168
         896           32           0.504        57344        14336
         896           64           0.595       114688        28672
         896          128           0.790       229376        57344
         896          256           1.274       458752       114688
         896          512           2.096       917504       229376
         896         1024           3.805      1835008       458752
         896         2048           7.265      3670016       917504
         896         4096          14.004      7340032      1835008
         896         8192          27.779     14680064      3670016
         896        16384          55.349     29360128      7340032
         896        32768         110.255     58720256     14680064
         960            1           0.331         1920          480
         960            2           0.514         3840          960
         960            4           0.381         7680         1920
         960            8           0.513        15360         3840
         960           16           0.385        30720         7680
         960           32           0.492        61440        15360
         960           64           0.556       122880        30720
         960          128           0.815       245760        61440
         960          256           1.272       491520       122880
         960          512           2.192       983040       245760
         960         1024           4.130      1966080       491520
         960         2048           8.010      3932160       983040
         960         4096          15.863      7864320      1966080
         960         8192          31.473     15728640      3932160
         960        16384          62.528     31457280      7864320
        1056            1           0.574         2112          528
        1056            2           0.286         4224         1056
        1056            4           0.448         8448         2112
        1056            8           0.500        16896         4224
        1056           16           0.473        33792         8448
        1056           32           0.406        67584        16896
        1056           64           0.541       135168        33792
        1056          128           0.770       270336        67584
        1056          256           1.288       540672       135168
        1056          512           2.175      1081344       270336
        1056         1024           4.131      2162688       540672
        1056         2048           8.013      4325376      1081344
        1056         4096          16.019      8650752      2162688
        1056         8192          31.535     17301504      4325376
        1056        16384          62.592     34603008      8650752
        1152            1           0.323         2304          576
        1152            2           0.488         4608         1152
        1152            4           0.413         9216         2304
        1152            8           0.567        18432         4608
        1152           16           0.454        36864         9216
        1152           32           0.511        73728        18432
        1152           64           0.611       147456        36864
        1152          128           0.797       294912        73728
        1152          256           1.300       589824       147456
        1152          512           2.281      1179648       294912
        1152         1024           4.287      2359296       589824
        1152         2048           8.191      4718592      1179648
        1152         4096          16.051      9437184      2359296
        1152         8192          31.732     18874368      4718592
        1152        16384          63.058     37748736      9437184
        1248            1           0.343         2496          624
        1248            2           0.473         4992         1248
        1248            4           0.561         9984         2496
        1248            8           0.507        19968         4992
        1248           16           0.473        39936         9984
        1248           32           0.542        79872        19968
        1248           64           0.615       159744        39936
        1248          128           0.900       319488        79872
        1248          256           1.499       638976       159744
        1248          512           2.689      1277952       319488
        1248         1024           5.378      2555904       638976
        1248         2048          10.310      5111808      1277952
        1248         4096          20.195     10223616      2555904
        1248         8192          40.128     20447232      5111808
        1248        16384          79.959     40894464     10223616
        1344            1           0.299         2688          672
        1344            2           0.379         5376         1344
        1344            4           0.458        10752         2688
        1344            8           0.406        21504         5376
        1344           16           0.457        43008        10752
        1344           32           0.535        86016        21504
        1344           64           0.590       172032        43008
        1344          128           0.899       344064        86016
        1344          256           1.463       688128       172032
        1344          512           2.799      1376256       344064
        1344         1024           5.343      2752512       688128
        1344         2048          10.531      5505024      1376256
        1344         4096          20.726     11010048      2752512
        1344         8192          41.082     22020096      5505024
        1344        16384          81.756     44040192     11010048
        1472            1           0.295         2944          736
        1472            2           0.440         5888         1472
        1472            4           0.374        11776         2944
        1472            8           0.442        23552         5888
        1472           16           0.377        47104        11776
        1472           32           0.516        94208        23552
        1472           64           0.781       188416        47104
        1472          128           0.999       376832        94208
        1472          256           1.767       753664       188416
        1472          512           2.998      1507328       376832
        1472         1024           5.775      3014656       753664
        1472         2048          11.277      6029312      1507328
        1472         4096          22.228     12058624      3014656
        1472         8192          43.941     24117248      6029312
        1472        16384          87.755     48234496     12058624
        1600            1           0.606         3200          800
        1600            2           0.254         6400         1600
        1600            4           0.416        12800         3200
        1600            8           0.464        25600         6400
        1600           16           0.462        51200        12800
        1600           32           0.574       102400        25600
        1600           64           0.663       204800        51200
        1600          128           1.103       409600       102400
        1600          256           1.861       819200       204800
        1600          512           3.173      1638400       409600
        1600         1024           6.110      3276800       819200
        1600         2048          11.977      6553600      1638400
        1600         4096          23.832     13107200      3276800
        1600         8192          47.197     26214400      6553600
        1600        16384          94.162     52428800     13107200
        1760            1           0.551         3520          880
        1760            2           0.283         7040         1760
        1760            4           0.556        14080         3520
        1760            8           0.387        28160         7040
        1760           16           0.538        56320        14080
        1760           32           0.510       112640        28160
        1760           64           0.727       225280        56320
        1760          128           1.103       450560       112640
        1760          256           1.904       901120       225280
        1760          512           3.540      1802240       450560
        1760         1024           6.820      3604480       901120
        1760         2048          13.428      7208960      1802240
        1760         4096          26.607     14417920      3604480
        1760         8192          52.936     28835840      7208960
        1760        16384         106.149     57671680     14417920
        1920            1           0.296         3840          960
        1920            2           0.481         7680         1920
        1920            4           0.372        15360         3840
        1920            8           0.464        30720         7680
        1920           16           0.422        61440        15360
        1920           32           0.501       122880        30720
        1920           64           0.666       245760        61440
        1920          128           1.025       491520       122880
        1920          256           1.736       983040       245760
        1920          512           3.315      1966080       491520
        1920         1024           6.181      3932160       983040
        1920         2048          12.063      7864320      1966080
        1920         4096          23.801     15728640      3932160
        1920         8192          47.188     31457280      7864320
        2112            1           0.275         4224         1056
        2112            2           0.343         8448         2112
        2112            4           0.406        16896         4224
        2112            8           0.428        33792         8448
        2112           16           0.538        67584        16896
        2112           32           0.620       135168        33792
        2112           64           0.766       270336        67584
        2112          128           1.278       540672       135168
        2112          256           2.174      1081344       270336
        2112          512           3.923      2162688       540672
        2112         1024           7.666      4325376      1081344
        2112         2048          15.108      8650752      2162688
        2112         4096          30.088     17301504      4325376
        2112         8192          59.761     34603008      8650752
        2304            1           0.445         4608         1152
        2304            2           0.463         9216         2304
        2304            4           0.559        18432         4608
        2304            8           0.540        36864         9216
        2304           16           0.612        73728        18432
        2304           32           0.502       147456        36864
        2304           64           0.789       294912        73728
        2304          128           1.289       589824       147456
        2304          256           2.078      1179648       294912
        2304          512           3.841      2359296       589824
        2304         1024           7.316      4718592      1179648
        2304         2048          14.385      9437184      2359296
        2304         4096          28.362     18874368      4718592
        2304         8192          56.474     37748736      9437184
        2528            1           0.365         5056         1264
        2528            2           0.459        10112         2528
        2528            4           0.393        20224         5056
        2528            8           0.454        40448        10112
        2528           16           0.537        80896        20224
        2528           32           0.641       161792        40448
        2528           64           0.809       323584        80896
        2528          128           1.379       647168       161792
        2528          256           2.459      1294336       323584
        2528          512           4.625      2588672       647168
        2528         1024           8.921      5177344      1294336
        2528         2048          17.599     10354688      2588672
        2528         4096          34.932     20709376      5177344
        2528         8192          69.506     41418752     10354688
        2752            1           0.345         5504         1376
        2752            2           0.378        11008         2752
        2752            4           0.444        22016         5504
        2752            8           0.463        44032        11008
        2752           16           0.572        88064        22016
        2752           32           0.611       176128        44032
        2752           64           0.841       352256        88064
        2752          128           1.536       704512       176128
        2752          256           2.548      1409024       352256
        2752          512           4.791      2818048       704512
        2752         1024           9.403      5636096      1409024
        2752         2048          18.407     11272192      2818048
        2752         4096          36.588     22544384      5636096
        2752         8192          72.870     45088768     11272192
        3008            1           0.342         6016         1504
        3008            2           0.333        12032         3008
        3008            4           0.491        24064         6016
        3008            8           0.365        48128        12032
        3008           16           0.472        96256        24064
        3008           32           0.664       192512        48128
        3008           64           1.002       385024        96256
        3008          128           1.508       770048       192512
        3008          256           2.781      1540096       385024
        3008          512           5.200      3080192       770048
        3008         1024          10.097      6160384      1540096
        3008         2048          19.914     12320768      3080192
        3008         4096          39.586     24641536      6160384
        3008         8192          78.865     49283072     12320768
        3296            1           0.350         6592         1648
        3296            2           0.389        13184         3296
        3296            4           0.406        26368         6592
        3296            8           0.516        52736        13184
        3296           16           0.589       105472        26368
        3296           32           0.645       210944        52736
        3296           64           1.076       421888       105472
        3296          128           1.627       843776       210944
        3296          256           3.079      1687552       421888
        3296          512           5.743      3375104       843776
        3296         1024          11.345      6750208      1687552
        3296         2048          22.175     13500416      3375104
        3296         4096          44.021     27000832      6750208
        3296         8192          87.626     54001664     13500416
        3616            1           0.345         7232         1808
        3616            2           0.365        14464         3616
        3616            4           0.539        28928         7232
        3616            8           0.602        57856        14464
        3616           16           0.542       115712        28928
        3616           32           0.741       231424        57856
        3616           64           1.014       462848       115712
        3616          128           1.742       925696       231424
        3616          256           3.134      1851392       462848
        3616          512           5.911      3702784       925696
        3616         1024          11.481      7405568      1851392
        3616         2048          22.775     14811136      3702784
        3616         4096          45.426     29622272      7405568
        3616         8192          90.370     59244544     14811136
        3968            1           0.362         7936         1984
        3968            2           0.399        15872         3968
        3968            4           0.484        31744         7936
        3968            8           0.468        63488        15872
        3968           16           0.538       126976        31744
        3968           32           0.635       253952        63488
        3968           64           1.080       507904       126976
        3968          128           1.869      1015808       253952
        3968          256           3.337      2031616       507904
        3968          512           6.267      4063232      1015808
        3968         1024          12.351      8126464      2031616
        3968         2048          24.163     16252928      4063232
        3968         4096          47.890     32505856      8126464
        4352            1           0.524         8704         2176
        4352            2           0.415        17408         4352
        4352            4           0.351        34816         8704
        4352            8           0.552        69632        17408
        4352           16           0.567       139264        34816
        4352           32           0.841       278528        69632
        4352           64           1.444       557056       139264
        4352          128           2.321      1114112       278528
        4352          256           4.254      2228224       557056
        4352          512           8.462      4456448      1114112
        4352         1024          16.277      8912896      2228224
        4352         2048          32.800     17825792      4456448
        4352         4096          65.080     35651584      8912896
        4768            1           0.515         9536         2384
        4768            2           0.289        19072         4768
        4768            4           0.466        38144         9536
        4768            8           0.586        76288        19072
        4768           16           0.661       152576        38144
        4768           32           0.793       305152        76288
        4768           64           1.310       610304       152576
        4768          128           2.176      1220608       305152
        4768          256           4.074      2441216       610304
        4768          512           7.679      4882432      1220608
        4768         1024          15.085      9764864      2441216
        4768         2048          29.790     19529728      4882432
        4768         4096          59.134     39059456      9764864
        5216            1           1.064        10432         2608
        5216            2           0.362        20864         5216
        5216            4           0.505        41728        10432
        5216            8           0.493        83456        20864
        5216           16           0.738       166912        41728
        5216           32           1.146       333824        83456
        5216           64           1.889       667648       166912
        5216          128           3.709      1335296       333824
        5216          256           7.718      2670592       667648
        5216          512          14.553      5341184      1335296
        5216         1024          29.171     10682368      2670592
        5216         2048          58.420     21364736      5341184
        5216         4096         120.312     42729472     10682368
        5728            1           0.728        11456         2864
        5728            2           0.452        22912         5728
        5728            4           0.476        45824        11456
        5728            8           0.582        91648        22912
        5728           16           0.808       183296        45824
        5728           32           0.961       366592        91648
        5728           64           1.583       733184       183296
        5728          128           2.902      1466368       366592
        5728          256           5.455      2932736       733184
        5728          512          10.529      5865472      1466368
        5728         1024          31.497     11730944      2932736
        5728         2048          49.232     23461888      5865472
        5728         4096          99.472     46923776     11730944
        6272            1           0.548        12544         3136
        6272            2           0.347        25088         6272
        6272            4           0.475        50176        12544
        6272            8           0.517       100352        25088
        6272           16           0.632       200704        50176
        6272           32           0.931       401408       100352
        6272           64           1.523       802816       200704
        6272          128           2.796      1605632       401408
        6272          256           5.120      3211264       802816
        6272          512           9.794      6422528      1605632
        6272         1024          19.100     12845056      3211264
        6272         2048          37.837     25690112      6422528
        6272         4096          75.177     51380224     12845056
        6880            1           0.439        13760         3440
        6880            2           0.421        27520         6880
        6880            4           0.613        55040        13760
        6880            8           0.558       110080        27520
        6880           16           0.646       220160        55040
        6880           32           0.987       440320       110080
        6880           64           1.661       880640       220160
        6880          128           3.110      1761280       440320
        6880          256           5.695      3522560       880640
        6880          512          11.065      7045120      1761280
        6880         1024          21.881     14090240      3522560
        6880         2048          43.427     28180480      7045120
        6880         4096         141.694     56360960     14090240
        7552            1           0.860        15104         3776
        7552            2           0.407        30208         7552
        7552            4           0.625        60416        15104
        7552            8           0.755       120832        30208
        7552           16           0.979       241664        60416
        7552           32           1.621       483328       120832
        7552           64           2.862       966656       241664
        7552          128           5.251      1933312       483328
        7552          256           9.782      3866624       966656
        7552          512          19.925      7733248      1933312
        7552         1024          40.182     15466496      3866624
        7552         2048          79.173     30932992      7733248
        7552         4096         156.829     61865984     15466496
        8288            1           0.484        16576         4144
        8288            2           0.448        33152         8288
        8288            4           0.467        66304        16576
        8288            8           0.612       132608        33152
        8288           16           0.873       265216        66304
        8288           32           1.419       530432       132608
        8288           64           2.572      1060864       265216
        8288          128           5.191      2121728       530432
        8288          256           9.313      4243456      1060864
        8288          512          13.283      8486912      2121728
        8288         1024          26.114     16973824      4243456
        8288         2048          51.940     33947648      8486912
        9088            1           0.628        18176         4544
        9088            2           0.476        36352         9088
        9088            4           0.554        72704        18176
        9088            8           0.548       145408        36352
        9088           16           0.868       290816        72704
        9088           32           1.196       581632       145408
        9088           64           2.125      1163264       290816
        9088          128           3.743      2326528       581632
        9088          256           7.240      4653056      1163264
        9088          512          13.960      9306112      2326528
        9088         1024          27.424     18612224      4653056
        9088         2048          54.490     37224448      9306112
        9984            1           0.430        19968         4992
        9984            2           0.539        39936         9984
        9984            4           0.592        79872        19968
        9984            8           0.757       159744        39936
        9984           16           0.886       319488        79872
        9984           32           1.327       638976       159744
        9984           64           2.369      1277952       319488
        9984          128           4.421      2555904       638976
        9984          256           8.494      5111808      1277952
        9984          512          16.716     10223616      2555904
        9984         1024          33.029     20447232      5111808
        9984         2048          63.909     40894464     10223616
       10976            1           0.472        21952         5488
       10976            2           0.395        43904        10976
       10976            4           0.593        87808        21952
       10976            8           0.787       175616        43904
       10976           16           0.856       351232        87808
       10976           32           1.492       702464       175616
       10976           64           2.581      1404928       351232
       10976          128           4.922      2809856       702464
       10976          256           9.286      5619712      1404928
       10976          512          18.251     11239424      2809856
       10976         1024          36.194     22478848      5619712
       10976         2048          72.002     44957696     11239424
       12064            1           0.454        24128         6032
       12064            2           0.507        48256        12064
       12064            4           0.569        96512        24128
       12064            8           0.870       193024        48256
       12064           16           1.255       386048        96512
       12064           32           2.479       772096       193024
       12064           64           4.184      1544192       386048
       12064          128           7.191      3088384       772096
       12064          256          13.745      6176768      1544192
       12064          512          24.237     12353536      3088384
       12064         1024          40.536     24707072      6176768
       12064         2048          94.762     49414144     12353536
       13248            1           0.575        26496         6624
       13248            2           0.584        52992        13248
       13248            4           0.571       105984        26496
       13248            8           0.700       211968        52992
       13248           16           1.040       423936       105984
       13248           32           1.768       847872       211968
       13248           64           3.145      1695744       423936
       13248          128           5.800      3391488       847872
       13248          256          10.970      6782976      1695744
       13248          512          21.694     13565952      3391488
       13248         1024          42.888     27131904      6782976
       13248         2048          85.358     54263808     13565952
       14560            1           0.515        29120         7280
       14560            2           0.621        58240        14560
       14560            4           0.539       116480        29120
       14560            8           0.751       232960        58240
       14560           16           1.225       465920       116480
       14560           32           1.896       931840       232960
       14560           64           3.292      1863680       465920
       14560          128           6.301      3727360       931840
       14560          256          12.220      7454720      1863680
       14560          512          23.895     14909440      3727360
       14560         1024          47.283     29818880      7454720
       14560         2048          93.723     59637760     14909440
       16000            1           0.542        32000         8000
       16000            2           0.546        64000        16000
       16000            4           0.667       128000        32000
       16000            8           0.888       256000        64000
       16000           16           1.097       512000       128000
       16000           32           2.089      1024000       256000
       16000           64           3.565      2048000       512000
       16000          128           6.738      4096000      1024000
       16000          256          13.171      8192000      2048000
       16000          512          25.889     16384000      4096000
       16000         1024          51.144     32768000      8192000
       17600            1           0.560        35200         8800
       17600            2           0.524        70400        17600
       17600            4           0.627       140800        35200
       17600            8           0.864       281600        70400
       17600           16           1.225       563200       140800
       17600           32           2.178      1126400       281600
       17600           64           3.885      2252800       563200
       17600          128           7.250      4505600      1126400
       17600          256          14.336      9011200      2252800
       17600          512          28.414     18022400      4505600
       17600         1024          56.563     36044800      9011200
       19360            1           0.869        38720         9680
       19360            2           0.448        77440        19360
       19360            4           0.702       154880        38720
       19360            8           0.920       309760        77440
       19360           16           1.405       619520       154880
       19360           32           2.432      1239040       309760
       19360           64           4.244      2478080       619520
       19360          128           8.000      4956160      1239040
       19360          256          15.622      9912320      2478080
       19360          512          30.833     19824640      4956160
       19360         1024          61.250     39649280      9912320
       21280            1           0.701        42560        10640
       21280            2           0.593        85120        21280
       21280            4           0.753       170240        42560
       21280            8           0.950       340480        85120
       21280           16           1.496       680960       170240
       21280           32           2.612      1361920       340480
       21280           64           4.540      2723840       680960
       21280          128           8.683      5447680      1361920
       21280          256          17.016     10895360      2723840
       21280          512          33.565     21790720      5447680
       21280         1024          66.842     43581440     10895360
       23392            1           1.231        46784        11696
       23392            2           0.525        93568        23392
       23392            4           0.703       187136        46784
       23392            8           0.995       374272        93568
       23392           16           1.615       748544       187136
       23392           32           2.756      1497088       374272
       23392           64           5.050      2994176       748544
       23392          128           9.473      5988352      1497088
       23392          256          18.744     11976704      2994176
       23392          512          36.862     23953408      5988352
       23392         1024          73.534     47906816     11976704
       25728            1           0.853        51456        12864
       25728            2           0.569       102912        25728
       25728            4           0.690       205824        51456
       25728            8           1.101       411648       102912
       25728           16           1.679       823296       205824
       25728           32           2.967      1646592       411648
       25728           64           5.574      3293184       823296
       25728          128          10.478      6586368      1646592
       25728          256          20.331     13172736      3293184
       25728          512          40.361     26345472      6586368
       25728         1024          80.247     52690944     13172736
       28288            1           0.687        56576        14144
       28288            2           0.568       113152        28288
       28288            4           0.787       226304        56576
       28288            8           1.041       452608       113152
       28288           16           1.720       905216       226304
       28288           32           3.140      1810432       452608
       28288           64           5.856      3620864       905216
       28288          128          11.303      7241728      1810432
       28288          256          22.173     14483456      3620864
       28288          512          44.129     28966912      7241728
       28288         1024          87.759     57933824     14483456
       31104            1           1.055        62208        15552
       31104            2           0.697       124416        31104
       31104            4           0.851       248832        62208
       31104            8           1.122       497664       124416
       31104           16           1.894       995328       248832
       31104           32           3.384      1990656       497664
       31104           64           6.422      3981312       995328
       31104          128          12.354      7962624      1990656
       31104          256          24.398     15925248      3981312
       31104          512          48.482     31850496      7962624
       34208            1           0.919        68416        17104
       34208            2           0.679       136832        34208
       34208            4           0.979       273664        68416
       34208            8           1.272       547328       136832
       34208           16           2.115      1094656       273664
       34208           32           3.748      2189312       547328
       34208           64           7.014      4378624      1094656
       34208          128          13.553      8757248      2189312
       34208          256          26.689     17514496      4378624
       34208          512          53.039     35028992      8757248
       37600            1           1.365        75200        18800
       37600            2           1.003       150400        37600
       37600            4           1.222       300800        75200
       37600            8           1.875       601600       150400
       37600           16           3.368      1203200       300800
       37600           32           5.963      2406400       601600
       37600           64          12.024      4812800      1203200
       37600          128          23.738      9625600      2406400
       37600          256          47.944     19251200      4812800
       37600          512          90.846     38502400      9625600
       41344            1           1.196        82688        20672
       41344            2           0.664       165376        41344
       41344            4           0.881       330752        82688
       41344            8           1.392       661504       165376
       41344           16           2.360      1323008       330752
       41344           32           4.370      2646016       661504
       41344           64           8.419      5292032      1323008
       41344          128          16.098     10584064      2646016
       41344          256          31.963     21168128      5292032
       41344          512          63.826     42336256     10584064
       45472            1           1.128        90944        22736
       45472            2           0.759       181888        45472
       45472            4           0.949       363776        90944
       45472            8           1.663       727552       181888
       45472           16           2.580      1455104       363776
       45472           32           4.796      2910208       727552
       45472           64           9.175      5820416      1455104
       45472          128          17.721     11640832      2910208
       45472          256          35.036     23281664      5820416
       45472          512          69.623     46563328     11640832
       50016            1           1.358       100032        25008
       50016            2           0.783       200064        50016
       50016            4           1.119       400128       100032
       50016            8           1.722       800256       200064
       50016           16           2.927      1600512       400128
       50016           32           5.284      3201024       800256
       50016           64           9.985      6402048      1600512
       50016          128          19.548     12804096      3201024
       50016          256          38.603     25608192      6402048
       50016          512          76.892     51216384     12804096
       55008            1           1.426       110016        27504
       55008            2           0.820       220032        55008
       55008            4           1.186       440064       110016
       55008            8           1.768       880128       220032
       55008           16           3.171      1760256       440064
       55008           32           5.684      3520512       880128
       55008           64          10.853      7041024      1760256
       55008          128          21.465     14082048      3520512
       55008          256          42.381     28164096      7041024
       55008          512          84.221     56328192     14082048
       60480            1           1.520       120960        30240
       60480            2           0.769       241920        60480
       60480            4           1.303       483840       120960
       60480            8           1.909       967680       241920
       60480           16           3.358      1935360       483840
       60480           32           6.167      3870720       967680
       60480           64          11.922      7741440      1935360
       60480          128          23.215     15482880      3870720
       60480          256          45.962     30965760      7741440
       60480          512          91.414     61931520     15482880
       66528            1           1.690       133056        33264
       66528            2           0.940       266112        66528
       66528            4           1.325       532224       133056
       66528            8           2.087      1064448       266112
       66528           16           3.642      2128896       532224
       66528           32           6.832      4257792      1064448
       66528           64          13.177      8515584      2128896
       66528          128          25.796     17031168      4257792
       66528          256          51.067     34062336      8515584
       73152            1           1.538       146304        36576
       73152            2           0.873       292608        73152
       73152            4           1.464       585216       146304
       73152            8           2.242      1170432       292608
       73152           16           4.010      2340864       585216
       73152           32           7.503      4681728      1170432
       73152           64          14.482      9363456      2340864
       73152          128          28.183     18726912      4681728
       73152          256          55.921     37453824      9363456
       80448            1           1.990       160896        40224
       80448            2           1.018       321792        80448
       80448            4           1.446       643584       160896
       80448            8           2.448      1287168       321792
       80448           16           4.348      2574336       643584
       80448           32           8.138      5148672      1287168
       80448           64          15.657     10297344      2574336
       80448          128          30.882     20594688      5148672
       80448          256          61.304     41189376     10297344
       88480            1           1.988       176960        44240
       88480            2           1.128       353920        88480
       88480            4           1.558       707840       176960
       88480            8           2.624      1415680       353920
       88480           16           4.677      2831360       707840
       88480           32           8.851      5662720      1415680
       88480           64          17.144     11325440      2831360
       88480          128          33.688     22650880      5662720
       88480          256          67.112     45301760     11325440
       97312            1           1.845       194624        48656
       97312            2           1.221       389248        97312
       97312            4           1.727       778496       194624
       97312            8           2.800      1556992       389248
       97312           16           5.094      3113984       778496
       97312           32           9.783      6227968      1556992
       97312           64          18.859     12455936      3113984
       97312          128          37.195     24911872      6227968
       97312          256          73.901     49823744     12455936
      107040            1           2.112       214080        53520
      107040            2           1.313       428160       107040
      107040            4           1.910       856320       214080
      107040            8           3.142      1712640       428160
      107040           16           5.664      3425280       856320
      107040           32          10.746      6850560      1712640
      107040           64          20.855     13701120      3425280
      107040          128          40.946     27402240      6850560
      107040          256          81.328     54804480     13701120
      117728            1           2.540       235456        58864
      117728            2           1.367       470912       117728
      117728            4           2.116       941824       235456
      117728            8           3.533      1883648       470912
      117728           16           6.313      3767296       941824
      117728           32          11.934      7534592      1883648
      117728           64          25.602     15069184      3767296
      117728          128          78.123     30138368      7534592
      117728          256         151.749     60276736     15069184
      129472            1           5.418       258944        64736
      129472            2           2.437       517888       129472
      129472            4           4.134      1035776       258944
      129472            8           6.937      2071552       517888
      129472           16          13.108      4143104      1035776
      129472           32          20.275      8286208      2071552
      129472           64          41.338     16572416      4143104
      129472          128          69.966     33144832      8286208
      142400            1           2.906       284800        71200
      142400            2           1.721       569600       142400
      142400            4           2.935      1139200       284800
      142400            8           5.088      2278400       569600
      142400           16           9.695      4556800      1139200
      142400           32          18.571      9113600      2278400
      142400           64          36.262     18227200      4556800
      142400          128          71.996     36454400      9113600
      156640            1           3.573       313280        78320
      156640            2           2.166       626560       156640
      156640            4           3.277      1253120       313280
      156640            8           5.895      2506240       626560
      156640           16          11.159      5012480      1253120
      156640           32          21.731     10024960      2506240
      156640           64          42.686     20049920      5012480
      156640          128          85.549     40099840     10024960
      172288            1           3.477       344576        86144
      172288            2           2.223       689152       172288
      172288            4           3.631      1378304       344576
      172288            8           6.486      2756608       689152
      172288           16          12.474      5513216      1378304
      172288           32          23.972     11026432      2756608
      172288           64          47.090     22052864      5513216
      172288          128          93.389     44105728     11026432
      189504            1           3.202       379008        94752
      189504            2           2.450       758016       189504
      189504            4           3.943      1516032       379008
      189504            8           7.145      3032064       758016
      189504           16          13.534      6064128      1516032
      189504           32          26.276     12128256      3032064
      189504           64          51.695     24256512      6064128
      189504          128         102.540     48513024     12128256
      208448            1           4.017       416896       104224
      208448            2           2.743       833792       208448
      208448            4           4.348      1667584       416896
      208448            8           7.999      3335168       833792
      208448           16          14.898      6670336      1667584
      208448           32          28.925     13340672      3335168
      208448           64          56.818     26681344      6670336
      208448          128         112.849     53362688     13340672
      229280            1           4.133       458560       114640
      229280            2           2.950       917120       229280
      229280            4           4.868      1834240       458560
      229280            8           8.520      3668480       917120
      229280           16          16.361      7336960      1834240
      229280           32          31.639     14673920      3668480
      229280           64          62.394     29347840      7336960
      229280          128         123.807     58695680     14673920
      252192            1           5.144       504384       126096
      252192            2           3.211      1008768       252192
      252192            4           5.296      2017536       504384
      252192            8           9.403      4035072      1008768
      252192           16          17.823      8070144      2017536
      252192           32          34.703     16140288      4035072
      252192           64          68.343     32280576      8070144
      277408            1           5.456       554816       138704
      277408            2           3.304      1109632       277408
      277408            4           5.572      2219264       554816
      277408            8          10.293      4438528      1109632
      277408           16          19.797      8877056      2219264
      277408           32          38.305     17754112      4438528
      277408           64          75.456     35508224      8877056
      305120            1           5.518       610240       152560
      305120            2           3.651      1220480       305120
      305120            4           6.175      2440960       610240
      305120            8          11.211      4881920      1220480
      305120           16          21.466      9763840      2440960
      305120           32          41.535     19527680      4881920
      305120           64          82.201     39055360      9763840
      335616            1           6.392       671232       167808
      335616            2           3.955      1342464       335616
      335616            4           6.807      2684928       671232
      335616            8          12.372      5369856      1342464
      335616           16          23.484     10739712      2684928
      335616           32          45.890     21479424      5369856
      335616           64          90.962     42958848     10739712
      369152            1          10.418       738304       184576
      369152            2           6.552      1476608       369152
      369152            4          10.996      2953216       738304
      369152            8          18.896      5906432      1476608
      369152           16          34.737     11812864      2953216
      369152           32          67.629     23625728      5906432
      369152           64         100.566     47251456     11812864
      406048            1           8.899       812096       203024
      406048            2           4.658      1624192       406048
      406048            4           8.230      3248384       812096
      406048            8          14.888      6496768      1624192
      406048           16          28.452     12993536      3248384
      406048           32          55.441     25987072      6496768
      406048           64         117.310     51974144     12993536
      446624            1           8.955       893248       223312
      446624            2           5.257      1786496       446624
      446624            4           8.961      3572992       893248
      446624            8          16.336      7145984      1786496
      446624           16          31.127     14291968      3572992
      446624           32          60.855     28583936      7145984
      446624           64         120.128     57167872     14291968
      491264            1          10.199       982528       245632
      491264            2           5.760      1965056       491264
      491264            4           9.696      3930112       982528
      491264            8          17.777      7860224      1965056
      491264           16          34.047     15720448      3930112
      491264           32          66.846     31440896      7860224
      540384            1          10.499      1080768       270192
      540384            2           6.268      2161536       540384
      540384            4          10.764      4323072      1080768
      540384            8          19.523      8646144      2161536
      540384           16          37.464     17292288      4323072
      540384           32          73.394     34584576      8646144
      594400            1          12.156      1188800       297200
      594400            2           6.860      2377600       594400
      594400            4          11.716      4755200      1188800
      594400            8          21.678      9510400      2377600
      594400           16          41.360     19020800      4755200
      594400           32          83.785     38041600      9510400
      653824            1          12.429      1307648       326912
      653824            2           7.461      2615296       653824
      653824            4          12.921      5230592      1307648
      653824            8          23.615     10461184      2615296
      653824           16          45.286     20922368      5230592
      653824           32          89.060     41844736     10461184
      719200            1          14.169      1438400       359600
      719200            2           8.130      2876800       719200
      719200            4          14.185      5753600      1438400
      719200            8          26.051     11507200      2876800
      719200           16          57.338     23014400      5753600
      719200           32          97.392     46028800     11507200
      791104            1          16.010      1582208       395552
      791104            2           8.934      3164416       791104
      791104            4          15.212      6328832      1582208
      791104            8          28.359     12657664      3164416
      791104           16          54.701     25315328      6328832
      791104           32         107.270     50630656     12657664
      870208            1          15.817      1740416       435104
      870208            2           9.797      3480832       870208
      870208            4          16.841      6961664      1740416
      870208            8          31.487     13923328      3480832
      870208           16          60.752     27846656      6961664
      870208           32         118.129     55693312     13923328
      957216            1          18.921      1914432       478608
      957216            2          10.891      3828864       957216
      957216            4          18.362      7657728      1914432
      957216            8          34.563     15315456      3828864
      957216           16          66.400     30630912      7657728
      957216           32         129.726     61261824     15315456
     1052928            1          19.843      2105856       526464
     1052928            2          11.547      4211712      1052928
     1052928            4          20.181      8423424      2105856
     1052928            8          37.710     16846848      4211712
     1052928           16          72.551     33693696      8423424
     1158208            1          22.311      2316416       579104
     1158208            2          12.700      4632832      1158208
     1158208            4          22.258      9265664      2316416
     1158208            8          41.097     18531328      4632832
     1158208           16          79.591     37062656      9265664
     1274016            1          25.469      2548032       637008
     1274016            2          14.009      5096064      1274016
     1274016            4          24.282     10192128      2548032
     1274016            8          45.573     20384256      5096064
     1274016           16          88.134     40768512     10192128
     1401408            1          27.125      2802816       700704
     1401408            2          15.523      5605632      1401408
     1401408            4          26.951     11211264      2802816
     1401408            8          49.836     22422528      5605632
     1401408           16          96.297     44845056     11211264
     1541536            1          28.661      3083072       770768
     1541536            2          16.791      6166144      1541536
     1541536            4          29.437     12332288      3083072
     1541536            8          54.813     24664576      6166144
     1541536           16         106.250     49329152     12332288
     1695680            1          31.752      3391360       847840
     1695680            2          18.686      6782720      1695680
     1695680            4          32.069     13565440      3391360
     1695680            8          59.995     27130880      6782720
     1695680           16         116.543     54261760     13565440
     1865248            1          34.489      3730496       932624
     1865248            2          20.699      7460992      1865248
     1865248            4          35.375     14921984      3730496
     1865248            8          66.449     29843968      7460992
     1865248           16         128.478     59687936     14921984
     2051744            1          46.919      4103488      1025872
     2051744            2          36.665      8206976      2051744
     2051744            4          60.560     16413952      4103488
     2051744            8         114.934     32827904      8206976
     2256896            1          45.275      4513792      1128448
     2256896            2          40.879      9027584      2256896
     2256896            4          50.994     18055168      4513792
     2256896            8          80.367     36110336      9027584
     2482560            1          46.566      4965120      1241280
     2482560            2          30.364      9930240      2482560
     2482560            4          48.805     19860480      4965120
     2482560            8          91.320     39720960      9930240
     2730816            1          50.058      5461632      1365408
     2730816            2          34.670     10923264      2730816
     2730816            4          54.282     21846528      5461632
     2730816            8          99.861     43693056     10923264
     3003872            1          55.742      6007744      1501936
     3003872            2          38.178     12015488      3003872
     3003872            4          60.537     24030976      6007744
     3003872            8         109.607     48061952     12015488
     3304256            1          62.650      6608512      1652128
     3304256            2          46.656     13217024      3304256
     3304256            4          91.908     26434048      6608512
     3304256            8         124.840     52868096     13217024
     3634656            1          63.027      7269312      1817328
     3634656            2          53.345     14538624      3634656
     3634656            4          77.429     29077248      7269312
     3634656            8         142.156     58154496     14538624
     3998112            1          67.167      7996224      1999056
     3998112            2          61.555     15992448      3998112
     3998112            4          92.408     31984896      7996224
     4397920            1          63.156      8795840      2198960
     4397920            2          72.090     17591680      4397920
     4397920            4         109.172     35183360      8795840
     4837696            1          68.842      9675392      2418848
     4837696            2          83.812     19350784      4837696
     4837696            4         125.300     38701568      9675392
     5321440            1          73.323     10642880      2660720
     5321440            2          98.728     21285760      5321440
     5321440            4         144.634     42571520     10642880
     5853568            1          80.600     11707136      2926784
     5853568            2         113.777     23414272      5853568
     5853568            4         168.888     46828544     11707136
     6438912            1          82.258     12877824      3219456
     6438912            2         131.514     25755648      6438912
     6438912            4         195.571     51511296     12877824
     7082784            1          90.610     14165568      3541392
     7082784            2         149.702     28331136      7082784
     7082784            4         226.482     56662272     14165568
     7791040            1          96.387     15582080      3895520
     7791040            2         167.110     31164160      7791040
     8570144            1         105.991     17140288      4285072
     8570144            2         184.430     34280576      8570144
     9427136            1         136.611     18854272      4713568
     9427136            2         245.948     37708544      9427136
    10369824            1         168.723     20739648      5184912
    10369824            2         228.540     41479296     10369824
    11406784            1         191.219     22813568      5703392
    11406784            2         304.298     45627136     11406784
    12547456            1         164.714     25094912      6273728
    12547456            2         279.774     50189824     12547456
    13802176            1         207.873     27604352      6901088
    13802176            2         387.050     55208704     13802176
    15182368            1         239.783     30364736      7591184
    15182368            2         362.992     60729472     15182368
    16700576            1         221.585     33401152      8350288
    18370624            1         278.744     36741248      9185312
    20207680            1         388.385     40415360     10103840
    22228448            1         357.980     44456896     11114224
    24451264            1         451.093     48902528     12225632
    26896384            1         465.309     53792768     13448192
    29586016            1         572.706     59172032     14793008

META_DATA
FLOPS          4
OPENMP_THREADS 4
ERT_VERSION  1.1.0
HOSTNAME  ('cirrus4.computing.clemson.edu', ['cirrus4'], ['127.0.1.1'])
UNAME  uname_result(system='Linux', node='cirrus4.computing.clemson.edu', release='5.4.0-81-generic', version='#91-Ubuntu SMP Thu Jul 15 19:09:17 UTC 2021', machine='x86_64', processor='x86_64')
TIMESTAMP_DATA  1632245415.9707599
CONFIG  {'ERT_RESULTS': ['Results.cs.clemson.edu'], 'ERT_DRIVER': ['driver1'], 'ERT_KERNEL': ['kernel1'], 'ERT_MPI': ['False'], 'ERT_MPI_CFLAGS': [], 'ERT_MPI_LDFLAGS': [], 'ERT_OPENMP': ['True'], 'ERT_OPENMP_CFLAGS': ['-fopenmp'], 'ERT_OPENMP_LDFLAGS': ['-fopenmp'], 'ERT_FLOPS': ['1,2,4'], 'ERT_ALIGN': ['32'], 'ERT_CC': ['g++'], 'ERT_CFLAGS': ['-O3', '-std=c++11', '-fstrict-aliasing', '-march=native'], 'ERT_LD': ['g++'], 'ERT_LDFLAGS': [], 'ERT_LDLIBS': [], 'ERT_PRECISION': ['FP64'], 'ERT_RUN': ['export', 'OMP_NUM_THREADS=ERT_OPENMP_THREADS;', 'export', 'OMP_PLACES=threads;', 'export', 'OMP_PROC_BIND=spread;', './ERT_CODE'], 'ERT_PROCS_THREADS': ['8'], 'ERT_MPI_PROCS': ['2,4,8'], 'ERT_OPENMP_THREADS': ['1-8'], 'ERT_NUM_EXPERIMENTS': ['5'], 'ERT_MEMORY_MAX': ['31000000'], 'ERT_WORKING_SET_MIN': ['1'], 'ERT_TRIALS_MIN': ['1'], 'ERT_GNUPLOT': ['gnuplot'], 'ERT_GPU': [False], 'ERT_HIP': [False], 'ERT_OCL': [False], 'ERT_SYCL': [False], 'ERT_WSS_MULT': [1.1]}
