fp64
          32            1           2.305           64           16
          32            2           0.814          128           32
          32            4           0.767          256           64
          32            8           0.684          512          128
          32           16           0.816         1024          256
          32           32           0.762         2048          512
          32           64           1.150         4096         1024
          32          128           1.833         8192         2048
          32          256           2.807        16384         4096
          32          512           5.589        32768         8192
          32         1024          10.632        65536        16384
          32         2048          20.518       131072        32768
          32         4096          40.581       262144        65536
          32         8192          82.179       524288       131072
          32        16384         165.273      1048576       262144
          32        32768         301.848      2097152       524288
          32        65536         606.758      4194304      1048576
          32       131072        1207.885      8388608      2097152
          32       262144        2366.659     16777216      4194304
          32       524288        3339.301     33554432      8388608
          64            1           2.178          128           32
          64            2           0.612          256           64
          64            4           0.788          512          128
          64            8           0.493         1024          256
          64           16           0.563         2048          512
          64           32           0.745         4096         1024
          64           64           0.773         8192         2048
          64          128           1.416        16384         4096
          64          256           2.038        32768         8192
          64          512           3.723        65536        16384
          64         1024           7.155       131072        32768
          64         2048          13.779       262144        65536
          64         4096          27.377       524288       131072
          64         8192          54.118      1048576       262144
          64        16384         107.798      2097152       524288
          64        32768         212.679      4194304      1048576
          64        65536         427.305      8388608      2097152
          64       131072         807.025     16777216      4194304
          64       262144        1628.325     33554432      8388608
          96            1           1.003          192           48
          96            2           0.645          384           96
          96            4           0.673          768          192
          96            8           0.547         1536          384
          96           16           0.659         3072          768
          96           32           0.625         6144         1536
          96           64           0.952        12288         3072
          96          128           1.251        24576         6144
          96          256           2.010        49152        12288
          96          512           3.731        98304        24576
          96         1024           6.873       196608        49152
          96         2048          13.327       393216        98304
          96         4096          25.987       786432       196608
          96         8192          51.563      1572864       393216
          96        16384         102.692      3145728       786432
          96        32768         205.140      6291456      1572864
          96        65536         409.801     12582912      3145728
          96       131072         671.655     25165824      6291456
          96       262144        1225.080     50331648     12582912
         128            1           1.107          256           64
         128            2           0.406          512          128
         128            4           0.574         1024          256
         128            8           0.377         2048          512
         128           16           0.608         4096         1024
         128           32           0.404         8192         2048
         128           64           0.765        16384         4096
         128          128           1.022        32768         8192
         128          256           1.328        65536        16384
         128          512           2.738       131072        32768
         128         1024           5.036       262144        65536
         128         2048           9.790       524288       131072
         128         4096          19.612      1048576       262144
         128         8192          38.878      2097152       524288
         128        16384          77.770      4194304      1048576
         128        32768         154.970      8388608      2097152
         128        65536         308.195     16777216      4194304
         128       131072         663.725     33554432      8388608
         160            1           1.068          320           80
         160            2           0.481          640          160
         160            4           0.625         1280          320
         160            8           0.363         2560          640
         160           16           0.506         5120         1280
         160           32           0.460        10240         2560
         160           64           0.831        20480         5120
         160          128           0.855        40960        10240
         160          256           1.878        81920        20480
         160          512           3.023       163840        40960
         160         1024           5.293       327680        81920
         160         2048          10.286       655360       163840
         160         4096          20.939      1310720       327680
         160         8192          41.866      2621440       655360
         160        16384          83.698      5242880      1310720
         160        32768         166.228     10485760      2621440
         160        65536         321.116     20971520      5242880
         160       131072         583.845     41943040     10485760
         192            1           0.694          384           96
         192            2           0.374          768          192
         192            4           0.482         1536          384
         192            8           0.516         3072          768
         192           16           0.638         6144         1536
         192           32           0.561        12288         3072
         192           64           0.718        24576         6144
         192          128           1.012        49152        12288
         192          256           1.673        98304        24576
         192          512           2.943       196608        49152
         192         1024           5.534       393216        98304
         192         2048          11.087       786432       196608
         192         4096          22.356      1572864       393216
         192         8192          43.587      3145728       786432
         192        16384          86.387      6291456      1572864
         192        32768         174.070     12582912      3145728
         192        65536         341.457     25165824      6291456
         192       131072         619.703     50331648     12582912
         224            1           0.627          448          112
         224            2           0.456          896          224
         224            4           0.341         1792          448
         224            8           0.437         3584          896
         224           16           0.628         7168         1792
         224           32           0.520        14336         3584
         224           64           0.809        28672         7168
         224          128           1.141        57344        14336
         224          256           1.665       114688        28672
         224          512           2.813       229376        57344
         224         1024           4.866       458752       114688
         224         2048           9.387       917504       229376
         224         4096          19.092      1835008       458752
         224         8192          39.071      3670016       917504
         224        16384          76.899      7340032      1835008
         224        32768         149.314     14680064      3670016
         224        65536         317.692     29360128      7340032
         224       131072         605.421     58720256     14680064
         256            1           0.355          512          128
         256            2           0.534         1024          256
         256            4           0.487         2048          512
         256            8           0.568         4096         1024
         256           16           0.661         8192         2048
         256           32           0.527        16384         4096
         256           64           0.455        32768         8192
         256          128           0.731        65536        16384
         256          256           1.389       131072        32768
         256          512           1.728       262144        65536
         256         1024           3.341       524288       131072
         256         2048           7.059      1048576       262144
         256         4096          12.403      2097152       524288
         256         8192          25.072      4194304      1048576
         256        16384          49.643      8388608      2097152
         256        32768          97.728     16777216      4194304
         256        65536         196.843     33554432      8388608
         288            1           0.440          576          144
         288            2           0.610         1152          288
         288            4           0.536         2304          576
         288            8           0.612         4608         1152
         288           16           0.504         9216         2304
         288           32           0.586        18432         4608
         288           64           0.652        36864         9216
         288          128           0.649        73728        18432
         288          256           1.320       147456        36864
         288          512           1.950       294912        73728
         288         1024           3.448       589824       147456
         288         2048           6.701      1179648       294912
         288         4096          13.074      2359296       589824
         288         8192          24.955      4718592      1179648
         288        16384          50.813      9437184      2359296
         288        32768          96.921     18874368      4718592
         288        65536         194.774     37748736      9437184
         320            1           0.528          640          160
         320            2           0.435         1280          320
         320            4           0.504         2560          640
         320            8           0.452         5120         1280
         320           16           0.333        10240         2560
         320           32           0.471        20480         5120
         320           64           0.613        40960        10240
         320          128           0.757        81920        20480
         320          256           1.228       163840        40960
         320          512           1.891       327680        81920
         320         1024           3.598       655360       163840
         320         2048          16.021      1310720       327680
         320         4096          22.346      2621440       655360
         320         8192          34.780      5242880      1310720
         320        16384          52.281     10485760      2621440
         320        32768         115.792     20971520      5242880
         320        65536         215.566     41943040     10485760
         352            1           0.351          704          176
         352            2           0.580         1408          352
         352            4           0.608         2816          704
         352            8           0.525         5632         1408
         352           16           0.652        11264         2816
         352           32           0.387        22528         5632
         352           64           0.552        45056        11264
         352          128           0.855        90112        22528
         352          256           1.039       180224        45056
         352          512           2.096       360448        90112
         352         1024           3.667       720896       180224
         352         2048          16.212      1441792       360448
         352         4096          13.504      2883584       720896
         352         8192          26.366      5767168      1441792
         352        16384          52.430     11534336      2883584
         352        32768         109.060     23068672      5767168
         352        65536         208.179     46137344     11534336
         384            1           0.349          768          192
         384            2           0.399         1536          384
         384            4           0.583         3072          768
         384            8           0.598         6144         1536
         384           16           0.502        12288         3072
         384           32           0.466        24576         6144
         384           64           0.538        49152        12288
         384          128           0.823        98304        24576
         384          256           1.100       196608        49152
         384          512           1.976       393216        98304
         384         1024           3.698       786432       196608
         384         2048           7.020      1572864       393216
         384         4096          13.296      3145728       786432
         384         8192          26.305      6291456      1572864
         384        16384          52.241     12582912      3145728
         384        32768         104.286     25165824      6291456
         384        65536         207.827     50331648     12582912
         416            1           0.795          832          208
         416            2           0.342         1664          416
         416            4           0.530         3328          832
         416            8           0.325         6656         1664
         416           16           0.525        13312         3328
         416           32           0.515        26624         6656
         416           64           0.728        53248        13312
         416          128           0.941       106496        26624
         416          256           1.297       212992        53248
         416          512           2.006       425984       106496
         416         1024           3.832       851968       212992
         416         2048           7.480      1703936       425984
         416         4096          14.379      3407872       851968
         416         8192          27.938      6815744      1703936
         416        16384          56.710     13631488      3407872
         416        32768         112.877     27262976      6815744
         416        65536         247.147     54525952     13631488
         448            1           1.035          896          224
         448            2           0.623         1792          448
         448            4           0.356         3584          896
         448            8           0.508         7168         1792
         448           16           0.663        14336         3584
         448           32           0.679        28672         7168
         448           64           0.562        57344        14336
         448          128           0.878       114688        28672
         448          256           1.079       229376        57344
         448          512           4.982       458752       114688
         448         1024           7.005       917504       229376
         448         2048          13.680      1835008       458752
         448         4096          24.732      3670016       917504
         448         8192          38.449      7340032      1835008
         448        16384          52.420     14680064      3670016
         448        32768         104.246     29360128      7340032
         448        65536         208.950     58720256     14680064
         480            1           0.499          960          240
         480            2           0.656         1920          480
         480            4           0.571         3840          960
         480            8           0.664         7680         1920
         480           16           0.305        15360         3840
         480           32           0.596        30720         7680
         480           64           0.473        61440        15360
         480          128           0.847       122880        30720
         480          256           1.150       245760        61440
         480          512           2.172       491520       122880
         480         1024           3.717       983040       245760
         480         2048           6.927      1966080       491520
         480         4096          13.725      3932160       983040
         480         8192          26.625      7864320      1966080
         480        16384          53.080     15728640      3932160
         480        32768         105.643     31457280      7864320
         512            1           0.416         1024          256
         512            2           0.476         2048          512
         512            4           0.514         4096         1024
         512            8           0.624         8192         2048
         512           16           0.395        16384         4096
         512           32           0.583        32768         8192
         512           64           0.743        65536        16384
         512          128           0.807       131072        32768
         512          256           1.331       262144        65536
         512          512           1.912       524288       131072
         512         1024           3.766      1048576       262144
         512         2048           6.772      2097152       524288
         512         4096          14.435      4194304      1048576
         512         8192          29.325      8388608      2097152
         512        16384          55.156     16777216      4194304
         512        32768         108.572     33554432      8388608
         544            1           0.324         1088          272
         544            2           0.374         2176          544
         544            4           0.500         4352         1088
         544            8           0.436         8704         2176
         544           16           0.425        17408         4352
         544           32           0.537        34816         8704
         544           64           0.717        69632        17408
         544          128           0.668       139264        34816
         544          256           1.160       278528        69632
         544          512           2.085       557056       139264
         544         1024           3.517      1114112       278528
         544         2048           6.960      2228224       557056
         544         4096          13.313      4456448      1114112
         544         8192          26.321      8912896      2228224
         544        16384          52.249     17825792      4456448
         544        32768         104.188     35651584      8912896
         576            1           0.278         1152          288
         576            2           0.396         2304          576
         576            4           0.615         4608         1152
         576            8           0.359         9216         2304
         576           16           0.512        18432         4608
         576           32           0.560        36864         9216
         576           64           0.761        73728        18432
         576          128           0.618       147456        36864
         576          256           1.175       294912        73728
         576          512           2.118       589824       147456
         576         1024           3.621      1179648       294912
         576         2048           7.074      2359296       589824
         576         4096          13.595      4718592      1179648
         576         8192          26.941      9437184      2359296
         576        16384          53.402     18874368      4718592
         576        32768         119.291     37748736      9437184
         608            1           0.431         1216          304
         608            2           0.451         2432          608
         608            4           0.412         4864         1216
         608            8           0.451         9728         2432
         608           16           0.659        19456         4864
         608           32           0.719        38912         9728
         608           64           0.660        77824        19456
         608          128           0.707       155648        38912
         608          256           1.261       311296        77824
         608          512           2.017       622592       155648
         608         1024           3.763      1245184       311296
         608         2048           7.140      2490368       622592
         608         4096          13.986      4980736      1245184
         608         8192          27.645      9961472      2490368
         608        16384          54.917     19922944      4980736
         608        32768         109.233     39845888      9961472
         640            1           0.407         1280          320
         640            2           0.407         2560          640
         640            4           0.408         5120         1280
         640            8           0.430        10240         2560
         640           16           0.487        20480         5120
         640           32           0.512        40960        10240
         640           64           0.510        81920        20480
         640          128           0.812       163840        40960
         640          256           1.261       327680        81920
         640          512           1.988       655360       163840
         640         1024           3.682      1310720       327680
         640         2048           6.852      2621440       655360
         640         4096          13.526      5242880      1310720
         640         8192          26.562     10485760      2621440
         640        16384          52.714     20971520      5242880
         640        32768         104.960     41943040     10485760
         704            1           0.355         1408          352
         704            2           0.469         2816          704
         704            4           0.378         5632         1408
         704            8           0.489        11264         2816
         704           16           0.484        22528         5632
         704           32           0.470        45056        11264
         704           64           0.632        90112        22528
         704          128           0.748       180224        45056
         704          256           1.263       360448        90112
         704          512           2.137       720896       180224
         704         1024           3.752      1441792       360448
         704         2048           7.235      2883584       720896
         704         4096          13.942      5767168      1441792
         704         8192          27.724     11534336      2883584
         704        16384          55.131     23068672      5767168
         704        32768         109.761     46137344     11534336
         768            1           0.508         1536          384
         768            2           0.425         3072          768
         768            4           0.442         6144         1536
         768            8           0.378        12288         3072
         768           16           0.519        24576         6144
         768           32           0.595        49152        12288
         768           64           0.877        98304        24576
         768          128           0.929       196608        49152
         768          256           1.097       393216        98304
         768          512           2.211       786432       196608
         768         1024           3.588      1572864       393216
         768         2048           6.985      3145728       786432
         768         4096          13.648      6291456      1572864
         768         8192          27.023     12582912      3145728
         768        16384          53.287     25165824      6291456
         768        32768         106.273     50331648     12582912
         832            1           0.335         1664          416
         832            2           0.503         3328          832
         832            4           0.340         6656         1664
         832            8           0.461        13312         3328
         832           16           0.473        26624         6656
         832           32           0.501        53248        13312
         832           64           0.687       106496        26624
         832          128           0.855       212992        53248
         832          256           1.344       425984       106496
         832          512           2.158       851968       212992
         832         1024           4.064      1703936       425984
         832         2048           7.997      3407872       851968
         832         4096          15.706      6815744      1703936
         832         8192          31.052     13631488      3407872
         832        16384          61.790     27262976      6815744
         832        32768         135.932     54525952     13631488
         896            1           0.355         1792          448
         896            2           0.469         3584          896
         896            4           0.546         7168         1792
         896            8           0.543        14336         3584
         896           16           0.346        28672         7168
         896           32           0.577        57344        14336
         896           64           0.506       114688        28672
         896          128           0.844       229376        57344
         896          256           1.091       458752       114688
         896          512           2.140       917504       229376
         896         1024           3.765      1835008       458752
         896         2048           7.293      3670016       917504
         896         4096          13.878      7340032      1835008
         896         8192          27.914     14680064      3670016
         896        16384          55.332     29360128      7340032
         896        32768         110.347     58720256     14680064
         960            1           0.373         1920          480
         960            2           0.515         3840          960
         960            4           0.422         7680         1920
         960            8           0.566        15360         3840
         960           16           0.689        30720         7680
         960           32           0.661        61440        15360
         960           64           0.708       122880        30720
         960          128           1.094       245760        61440
         960          256           1.364       491520       122880
         960          512           2.184       983040       245760
         960         1024           4.116      1966080       491520
         960         2048           7.996      3932160       983040
         960         4096          15.894      7864320      1966080
         960         8192          31.416     15728640      3932160
         960        16384          62.505     31457280      7864320
        1056            1           0.331         2112          528
        1056            2           0.547         4224         1056
        1056            4           0.277         8448         2112
        1056            8           0.579        16896         4224
        1056           16           0.368        33792         8448
        1056           32           0.557        67584        16896
        1056           64           0.699       135168        33792
        1056          128           0.757       270336        67584
        1056          256           1.296       540672       135168
        1056          512           2.207      1081344       270336
        1056         1024           4.134      2162688       540672
        1056         2048           8.007      4325376      1081344
        1056         4096          16.300      8650752      2162688
        1056         8192          31.723     17301504      4325376
        1056        16384          62.573     34603008      8650752
        1152            1           0.398         2304          576
        1152            2           0.390         4608         1152
        1152            4           0.422         9216         2304
        1152            8           0.411        18432         4608
        1152           16           0.531        36864         9216
        1152           32           0.598        73728        18432
        1152           64           0.515       147456        36864
        1152          128           0.882       294912        73728
        1152          256           1.351       589824       147456
        1152          512           2.295      1179648       294912
        1152         1024           4.310      2359296       589824
        1152         2048           8.222      4718592      1179648
        1152         4096          15.951      9437184      2359296
        1152         8192          31.801     18874368      4718592
        1152        16384          63.031     37748736      9437184
        1248            1           0.614         2496          624
        1248            2           0.595         4992         1248
        1248            4           0.630         9984         2496
        1248            8           0.605        19968         4992
        1248           16           0.455        39936         9984
        1248           32           0.542        79872        19968
        1248           64           0.756       159744        39936
        1248          128           1.187       319488        79872
        1248          256           1.624       638976       159744
        1248          512           2.730      1277952       319488
        1248         1024           5.231      2555904       638976
        1248         2048          10.320      5111808      1277952
        1248         4096          20.258     10223616      2555904
        1248         8192          40.146     20447232      5111808
        1248        16384          79.968     40894464     10223616
        1344            1           0.421         2688          672
        1344            2           0.482         5376         1344
        1344            4           0.512        10752         2688
        1344            8           0.342        21504         5376
        1344           16           0.459        43008        10752
        1344           32           0.594        86016        21504
        1344           64           0.703       172032        43008
        1344          128           1.010       344064        86016
        1344          256           1.478       688128       172032
        1344          512           2.814      1376256       344064
        1344         1024           5.254      2752512       688128
        1344         2048          10.110      5505024      1376256
        1344         4096          19.944     11010048      2752512
        1344         8192          39.612     22020096      5505024
        1344        16384          78.926     44040192     11010048
        1472            1           0.444         2944          736
        1472            2           0.415         5888         1472
        1472            4           0.603        11776         2944
        1472            8           0.371        23552         5888
        1472           16           0.460        47104        11776
        1472           32           0.590        94208        23552
        1472           64           0.630       188416        47104
        1472          128           1.029       376832        94208
        1472          256           1.716       753664       188416
        1472          512           3.152      1507328       376832
        1472         1024           5.776      3014656       753664
        1472         2048          10.939      6029312      1507328
        1472         4096          21.965     12058624      3014656
        1472         8192          43.251     24117248      6029312
        1472        16384          86.096     48234496     12058624
        1600            1           0.394         3200          800
        1600            2           0.631         6400         1600
        1600            4           0.272        12800         3200
        1600            8           0.499        25600         6400
        1600           16           0.380        51200        12800
        1600           32           0.497       102400        25600
        1600           64           0.776       204800        51200
        1600          128           1.063       409600       102400
        1600          256           1.781       819200       204800
        1600          512           3.176      1638400       409600
        1600         1024           6.160      3276800       819200
        1600         2048          12.006      6553600      1638400
        1600         4096          23.742     13107200      3276800
        1600         8192          47.189     26214400      6553600
        1600        16384          94.165     52428800     13107200
        1760            1           0.329         3520          880
        1760            2           0.597         7040         1760
        1760            4           0.642        14080         3520
        1760            8           0.371        28160         7040
        1760           16           0.614        56320        14080
        1760           32           0.533       112640        28160
        1760           64           0.761       225280        56320
        1760          128           1.141       450560       112640
        1760          256           1.986       901120       225280
        1760          512           3.567      1802240       450560
        1760         1024           6.823      3604480       901120
        1760         2048          13.428      7208960      1802240
        1760         4096          26.634     14417920      3604480
        1760         8192          53.008     28835840      7208960
        1760        16384         105.659     57671680     14417920
        1920            1           0.333         3840          960
        1920            2           0.575         7680         1920
        1920            4           0.542        15360         3840
        1920            8           0.616        30720         7680
        1920           16           0.549        61440        15360
        1920           32           0.617       122880        30720
        1920           64           0.629       245760        61440
        1920          128           1.069       491520       122880
        1920          256           1.824       983040       245760
        1920          512           3.264      1966080       491520
        1920         1024           6.249      3932160       983040
        1920         2048          11.953      7864320      1966080
        1920         4096          23.796     15728640      3932160
        1920         8192          47.248     31457280      7864320
        2112            1           0.372         4224         1056
        2112            2           0.368         8448         2112
        2112            4           0.577        16896         4224
        2112            8           0.455        33792         8448
        2112           16           0.480        67584        16896
        2112           32           0.657       135168        33792
        2112           64           0.948       270336        67584
        2112          128           1.292       540672       135168
        2112          256           2.083      1081344       270336
        2112          512           3.967      2162688       540672
        2112         1024           7.718      4325376      1081344
        2112         2048          15.140      8650752      2162688
        2112         4096          30.006     17301504      4325376
        2112         8192          59.770     34603008      8650752
        2304            1           0.434         4608         1152
        2304            2           0.481         9216         2304
        2304            4           0.354        18432         4608
        2304            8           0.579        36864         9216
        2304           16           0.615        73728        18432
        2304           32           0.601       147456        36864
        2304           64           0.909       294912        73728
        2304          128           1.240       589824       147456
        2304          256           1.983      1179648       294912
        2304          512           3.890      2359296       589824
        2304         1024           7.273      4718592      1179648
        2304         2048          14.381      9437184      2359296
        2304         4096          28.205     18874368      4718592
        2304         8192          56.435     37748736      9437184
        2528            1           0.338         5056         1264
        2528            2           0.407        10112         2528
        2528            4           0.459        20224         5056
        2528            8           0.545        40448        10112
        2528           16           0.410        80896        20224
        2528           32           0.722       161792        40448
        2528           64           0.957       323584        80896
        2528          128           1.343       647168       161792
        2528          256           2.648      1294336       323584
        2528          512           4.714      2588672       647168
        2528         1024           8.928      5177344      1294336
        2528         2048          17.715     10354688      2588672
        2528         4096          34.908     20709376      5177344
        2528         8192          69.507     41418752     10354688
        2752            1           0.365         5504         1376
        2752            2           0.481        11008         2752
        2752            4           0.695        22016         5504
        2752            8           0.375        44032        11008
        2752           16           0.547        88064        22016
        2752           32           0.695       176128        44032
        2752           64           0.934       352256        88064
        2752          128           1.358       704512       176128
        2752          256           2.686      1409024       352256
        2752          512           4.873      2818048       704512
        2752         1024           9.334      5636096      1409024
        2752         2048          18.571     11272192      2818048
        2752         4096          36.538     22544384      5636096
        2752         8192          72.884     45088768     11272192
        3008            1           0.411         6016         1504
        3008            2           0.531        12032         3008
        3008            4           0.332        24064         6016
        3008            8           0.456        48128        12032
        3008           16           0.529        96256        24064
        3008           32           0.732       192512        48128
        3008           64           1.020       385024        96256
        3008          128           1.493       770048       192512
        3008          256           2.866      1540096       385024
        3008          512           5.270      3080192       770048
        3008         1024          10.114      6160384      1540096
        3008         2048          19.925     12320768      3080192
        3008         4096          39.665     24641536      6160384
        3008         8192          78.858     49283072     12320768
        3296            1           0.378         6592         1648
        3296            2           0.495        13184         3296
        3296            4           0.529        26368         6592
        3296            8           0.579        52736        13184
        3296           16           0.444       105472        26368
        3296           32           0.678       210944        52736
        3296           64           1.007       421888       105472
        3296          128           1.694       843776       210944
        3296          256           3.068      1687552       421888
        3296          512           5.881      3375104       843776
        3296         1024          11.223      6750208      1687552
        3296         2048          22.241     13500416      3375104
        3296         4096          44.022     27000832      6750208
        3296         8192          87.618     54001664     13500416
        3616            1           0.451         7232         1808
        3616            2           0.652        14464         3616
        3616            4           0.350        28928         7232
        3616            8           0.480        57856        14464
        3616           16           0.536       115712        28928
        3616           32           0.689       231424        57856
        3616           64           0.917       462848       115712
        3616          128           1.828       925696       231424
        3616          256           3.126      1851392       462848
        3616          512           6.026      3702784       925696
        3616         1024          11.787      7405568      1851392
        3616         2048          22.843     14811136      3702784
        3616         4096          45.458     29622272      7405568
        3616         8192          90.416     59244544     14811136
        3968            1           0.407         7936         1984
        3968            2           0.477        15872         3968
        3968            4           0.677        31744         7936
        3968            8           0.748        63488        15872
        3968           16           0.521       126976        31744
        3968           32           0.728       253952        63488
        3968           64           1.162       507904       126976
        3968          128           1.798      1015808       253952
        3968          256           3.461      2031616       507904
        3968          512           6.207      4063232      1015808
        3968         1024          12.303      8126464      2031616
        3968         2048          24.315     16252928      4063232
        3968         4096          47.929     32505856      8126464
        4352            1           0.679         8704         2176
        4352            2           0.363        17408         4352
        4352            4           0.467        34816         8704
        4352            8           0.710        69632        17408
        4352           16           0.691       139264        34816
        4352           32           0.916       278528        69632
        4352           64           1.304       557056       139264
        4352          128           2.497      1114112       278528
        4352          256           4.274      2228224       557056
        4352          512           8.312      4456448      1114112
        4352         1024          16.370      8912896      2228224
        4352         2048          33.563     17825792      4456448
        4352         4096          64.149     35651584      8912896
        4768            1           0.495         9536         2384
        4768            2           0.517        19072         4768
        4768            4           0.585        38144         9536
        4768            8           0.548        76288        19072
        4768           16           0.690       152576        38144
        4768           32           0.851       305152        76288
        4768           64           1.286       610304       152576
        4768          128           2.220      1220608       305152
        4768          256           3.956      2441216       610304
        4768          512           7.666      4882432      1220608
        4768         1024          15.112      9764864      2441216
        4768         2048          29.600     19529728      4882432
        4768         4096          58.907     39059456      9764864
        5216            1           0.454        10432         2608
        5216            2           0.589        20864         5216
        5216            4           0.532        41728        10432
        5216            8           0.753        83456        20864
        5216           16           0.671       166912        41728
        5216           32           1.002       333824        83456
        5216           64           1.522       667648       166912
        5216          128           2.814      1335296       333824
        5216          256           5.098      2670592       667648
        5216          512           9.802      5341184      1335296
        5216         1024          19.298     10682368      2670592
        5216         2048          38.118     21364736      5341184
        5216         4096          75.915     42729472     10682368
        5728            1           0.450        11456         2864
        5728            2           0.585        22912         5728
        5728            4           0.463        45824        11456
        5728            8           0.464        91648        22912
        5728           16           0.716       183296        45824
        5728           32           1.048       366592        91648
        5728           64           1.550       733184       183296
        5728          128           2.984      1466368       366592
        5728          256           5.384      2932736       733184
        5728          512          10.531      5865472      1466368
        5728         1024          20.718     11730944      2932736
        5728         2048          41.038     23461888      5865472
        5728         4096          81.958     46923776     11730944
        6272            1           0.701        12544         3136
        6272            2           0.436        25088         6272
        6272            4           0.525        50176        12544
        6272            8           0.579       100352        25088
        6272           16           0.718       200704        50176
        6272           32           1.025       401408       100352
        6272           64           1.610       802816       200704
        6272          128           2.706      1605632       401408
        6272          256           5.003      3211264       802816
        6272          512           9.834      6422528      1605632
        6272         1024          19.139     12845056      3211264
        6272         2048          37.830     25690112      6422528
        6272         4096          75.327     51380224     12845056
        6880            1           0.402        13760         3440
        6880            2           0.381        27520         6880
        6880            4           0.490        55040        13760
        6880            8           0.648       110080        27520
        6880           16           0.675       220160        55040
        6880           32           1.111       440320       110080
        6880           64           1.618       880640       220160
        6880          128           3.081      1761280       440320
        6880          256           5.795      3522560       880640
        6880          512          11.075      7045120      1761280
        6880         1024          21.970     14090240      3522560
        6880         2048          43.509     28180480      7045120
        6880         4096          86.291     56360960     14090240
        7552            1           0.741        15104         3776
        7552            2           0.504        30208         7552
        7552            4           0.578        60416        15104
        7552            8           0.690       120832        30208
        7552           16           0.709       241664        60416
        7552           32           1.097       483328       120832
        7552           64           1.706       966656       241664
        7552          128           3.251      1933312       483328
        7552          256           5.936      3866624       966656
        7552          512          11.661      7733248      1933312
        7552         1024          22.769     15466496      3866624
        7552         2048          45.341     30932992      7733248
        7552         4096          90.493     61865984     15466496
        8288            1           0.745        16576         4144
        8288            2           0.630        33152         8288
        8288            4           0.813        66304        16576
        8288            8           0.694       132608        33152
        8288           16           0.910       265216        66304
        8288           32           1.080       530432       132608
        8288           64           1.948      1060864       265216
        8288          128           3.594      2121728       530432
        8288          256           6.639      4243456      1060864
        8288          512          13.302      8486912      2121728
        8288         1024          26.096     16973824      4243456
        8288         2048          51.998     33947648      8486912
        9088            1           0.436        18176         4544
        9088            2           0.491        36352         9088
        9088            4           0.577        72704        18176
        9088            8           0.808       145408        36352
        9088           16           0.744       290816        72704
        9088           32           1.293       581632       145408
        9088           64           2.058      1163264       290816
        9088          128           3.754      2326528       581632
        9088          256           7.003      4653056      1163264
        9088          512          13.940      9306112      2326528
        9088         1024          27.347     18612224      4653056
        9088         2048          54.557     37224448      9306112
        9984            1           0.529        19968         4992
        9984            2           0.615        39936         9984
        9984            4           0.435        79872        19968
        9984            8           0.642       159744        39936
        9984           16           0.884       319488        79872
        9984           32           1.335       638976       159744
        9984           64           2.361      1277952       319488
        9984          128           4.546      2555904       638976
        9984          256           8.406      5111808      1277952
        9984          512          16.817     10223616      2555904
        9984         1024          32.916     20447232      5111808
        9984         2048          65.585     40894464     10223616
       10976            1           0.484        21952         5488
       10976            2           0.663        43904        10976
       10976            4           0.472        87808        21952
       10976            8           0.748       175616        43904
       10976           16           0.941       351232        87808
       10976           32           1.486       702464       175616
       10976           64           2.711      1404928       351232
       10976          128           4.857      2809856       702464
       10976          256           9.238      5619712      1404928
       10976          512          18.411     11239424      2809856
       10976         1024          36.044     22478848      5619712
       10976         2048          71.855     44957696     11239424
       12064            1           0.470        24128         6032
       12064            2           0.595        48256        12064
       12064            4           0.528        96512        24128
       12064            8           0.786       193024        48256
       12064           16           0.840       386048        96512
       12064           32           1.606       772096       193024
       12064           64           2.609      1544192       386048
       12064          128           4.976      3088384       772096
       12064          256           9.299      6176768      1544192
       12064          512          18.754     12353536      3088384
       12064         1024          36.349     24707072      6176768
       12064         2048          73.163     49414144     12353536
       13248            1           0.733        26496         6624
       13248            2           0.527        52992        13248
       13248            4           0.579       105984        26496
       13248            8           0.725       211968        52992
       13248           16           1.047       423936       105984
       13248           32           1.699       847872       211968
       13248           64           3.089      1695744       423936
       13248          128           5.771      3391488       847872
       13248          256          11.039      6782976      1695744
       13248          512          21.709     13565952      3391488
       13248         1024          42.821     27131904      6782976
       13248         2048          85.338     54263808     13565952
       14560            1           0.592        29120         7280
       14560            2           0.560        58240        14560
       14560            4           0.655       116480        29120
       14560            8           0.907       232960        58240
       14560           16           1.158       465920       116480
       14560           32           1.766       931840       232960
       14560           64           3.302      1863680       465920
       14560          128           6.181      3727360       931840
       14560          256          11.965      7454720      1863680
       14560          512          23.693     14909440      3727360
       14560         1024          46.815     29818880      7454720
       14560         2048          93.393     59637760     14909440
       16000            1           0.627        32000         8000
       16000            2           0.490        64000        16000
       16000            4           0.694       128000        32000
       16000            8           0.945       256000        64000
       16000           16           1.166       512000       128000
       16000           32           1.991      1024000       256000
       16000           64           3.643      2048000       512000
       16000          128           6.689      4096000      1024000
       16000          256          13.080      8192000      2048000
       16000          512          25.760     16384000      4096000
       16000         1024          51.110     32768000      8192000
       17600            1           0.887        35200         8800
       17600            2           0.505        70400        17600
       17600            4           0.681       140800        35200
       17600            8           0.760       281600        70400
       17600           16           1.222       563200       140800
       17600           32           2.113      1126400       281600
       17600           64           3.925      2252800       563200
       17600          128           7.426      4505600      1126400
       17600          256          14.255      9011200      2252800
       17600          512          28.318     18022400      4505600
       17600         1024          56.023     36044800      9011200
       19360            1           0.732        38720         9680
       19360            2           0.628        77440        19360
       19360            4           0.624       154880        38720
       19360            8           0.873       309760        77440
       19360           16           1.516       619520       154880
       19360           32           2.466      1239040       309760
       19360           64           4.157      2478080       619520
       19360          128           7.971      4956160      1239040
       19360          256          15.662      9912320      2478080
       19360          512          30.757     19824640      4956160
       19360         1024          61.593     39649280      9912320
       21280            1           0.770        42560        10640
       21280            2           0.568        85120        21280
       21280            4           0.667       170240        42560
       21280            8           0.948       340480        85120
       21280           16           1.482       680960       170240
       21280           32           2.541      1361920       340480
       21280           64           4.467      2723840       680960
       21280          128           8.750      5447680      1361920
       21280          256          17.125     10895360      2723840
       21280          512          33.539     21790720      5447680
       21280         1024          66.768     43581440     10895360
       23392            1           0.815        46784        11696
       23392            2           0.623        93568        23392
       23392            4           0.892       187136        46784
       23392            8           0.938       374272        93568
       23392           16           1.629       748544       187136
       23392           32           2.601      1497088       374272
       23392           64           5.114      2994176       748544
       23392          128           9.494      5988352      1497088
       23392          256          18.658     11976704      2994176
       23392          512          36.910     23953408      5988352
       23392         1024          86.256     47906816     11976704
       25728            1           1.628        51456        12864
       25728            2           0.693       102912        25728
       25728            4           1.040       205824        51456
       25728            8           1.654       411648       102912
       25728           16           2.860       823296       205824
       25728           32           5.341      1646592       411648
       25728           64           9.305      3293184       823296
       25728          128          18.581      6586368      1646592
       25728          256          34.238     13172736      3293184
       25728          512          61.031     26345472      6586368
       25728         1024         110.482     52690944     13172736
       28288            1           1.393        56576        14144
       28288            2           0.723       113152        28288
       28288            4           0.969       226304        56576
       28288            8           1.545       452608       113152
       28288           16           2.560       905216       226304
       28288           32           4.416      1810432       452608
       28288           64           5.923      3620864       905216
       28288          128          17.475      7241728      1810432
       28288          256          32.827     14483456      3620864
       28288          512          72.194     28966912      7241728
       28288         1024         132.499     57933824     14483456
       31104            1           0.841        62208        15552
       31104            2           0.748       124416        31104
       31104            4           1.067       248832        62208
       31104            8           1.636       497664       124416
       31104           16           2.226       995328       248832
       31104           32           3.367      1990656       497664
       31104           64           9.519      3981312       995328
       31104          128          13.035      7962624      1990656
       31104          256          24.425     15925248      3981312
       31104          512          52.274     31850496      7962624
       34208            1           0.927        68416        17104
       34208            2           0.714       136832        34208
       34208            4           1.195       273664        68416
       34208            8           1.703       547328       136832
       34208           16           2.826      1094656       273664
       34208           32           5.742      2189312       547328
       34208           64          10.119      4378624      1094656
       34208          128          21.351      8757248      2189312
       34208          256          41.219     17514496      4378624
       34208          512          79.750     35028992      8757248
       37600            1           1.448        75200        18800
       37600            2           0.817       150400        37600
       37600            4           1.253       300800        75200
       37600            8           1.830       601600       150400
       37600           16           3.763      1203200       300800
       37600           32           6.554      2406400       601600
       37600           64          12.659      4812800      1203200
       37600          128          19.299      9625600      2406400
       37600          256          42.873     19251200      4812800
       37600          512          66.446     38502400      9625600
       41344            1           1.292        82688        20672
       41344            2           0.866       165376        41344
       41344            4           1.004       330752        82688
       41344            8           1.421       661504       165376
       41344           16           2.379      1323008       330752
       41344           32           5.516      2646016       661504
       41344           64          13.481      5292032      1323008
       41344          128          25.197     10584064      2646016
       41344          256          36.145     21168128      5292032
       41344          512          63.832     42336256     10584064
       45472            1           1.102        90944        22736
       45472            2           0.724       181888        45472
       45472            4           1.152       363776        90944
       45472            8           1.625       727552       181888
       45472           16           2.652      1455104       363776
       45472           32           4.816      2910208       727552
       45472           64           9.269      5820416      1455104
       45472          128          17.958     11640832      2910208
       45472          256          35.100     23281664      5820416
       45472          512          69.744     46563328     11640832
       50016            1           1.123       100032        25008
       50016            2           0.763       200064        50016
       50016            4           1.211       400128       100032
       50016            8           1.700       800256       200064
       50016           16           2.991      1600512       400128
       50016           32           5.194      3201024       800256
       50016           64          10.048      6402048      1600512
       50016          128          19.552     12804096      3201024
       50016          256          38.769     25608192      6402048
       50016          512          76.973     51216384     12804096
       55008            1           1.276       110016        27504
       55008            2           0.827       220032        55008
       55008            4           1.085       440064       110016
       55008            8           1.797       880128       220032
       55008           16           3.126      1760256       440064
       55008           32           5.778      3520512       880128
       55008           64          10.902      7041024      1760256
       55008          128          21.391     14082048      3520512
       55008          256          42.341     28164096      7041024
       55008          512          84.189     56328192     14082048
       60480            1           1.323       120960        30240
       60480            2           0.924       241920        60480
       60480            4           1.151       483840       120960
       60480            8           1.919       967680       241920
       60480           16           3.436      1935360       483840
       60480           32           6.294      3870720       967680
       60480           64          11.966      7741440      1935360
       60480          128          23.408     15482880      3870720
       60480          256          46.324     30965760      7741440
       60480          512          92.162     61931520     15482880
       66528            1           1.378       133056        33264
       66528            2           0.934       266112        66528
       66528            4           1.291       532224       133056
       66528            8           2.052      1064448       266112
       66528           16           3.708      2128896       532224
       66528           32           6.838      4257792      1064448
       66528           64          13.183      8515584      2128896
       66528          128          25.670     17031168      4257792
       66528          256          51.036     34062336      8515584
       73152            1           2.062       146304        36576
       73152            2           0.965       292608        73152
       73152            4           1.468       585216       146304
       73152            8           2.194      1170432       292608
       73152           16           4.066      2340864       585216
       73152           32           7.484      4681728      1170432
       73152           64          14.313      9363456      2340864
       73152          128          28.164     18726912      4681728
       73152          256          56.838     37453824      9363456
       80448            1           1.706       160896        40224
       80448            2           0.978       321792        80448
       80448            4           1.450       643584       160896
       80448            8           2.475      1287168       321792
       80448           16           4.391      2574336       643584
       80448           32           8.101      5148672      1287168
       80448           64          15.667     10297344      2574336
       80448          128          30.850     20594688      5148672
       80448          256          61.332     41189376     10297344
       88480            1           1.900       176960        44240
       88480            2           1.164       353920        88480
       88480            4           1.759       707840       176960
       88480            8           2.654      1415680       353920
       88480           16           4.677      2831360       707840
       88480           32           8.919      5662720      1415680
       88480           64          17.242     11325440      2831360
       88480          128          33.888     22650880      5662720
       88480          256          67.285     45301760     11325440
       97312            1           1.801       194624        48656
       97312            2           1.198       389248        97312
       97312            4           1.745       778496       194624
       97312            8           2.978      1556992       389248
       97312           16           5.135      3113984       778496
       97312           32           9.866      6227968      1556992
       97312           64          18.851     12455936      3113984
       97312          128          37.280     24911872      6227968
       97312          256          73.923     49823744     12455936
      107040            1           2.781       214080        53520
      107040            2           1.283       428160       107040
      107040            4           2.022       856320       214080
      107040            8           3.143      1712640       428160
      107040           16           5.721      3425280       856320
      107040           32          10.738      6850560      1712640
      107040           64          20.816     13701120      3425280
      107040          128          41.377     27402240      6850560
      107040          256          82.158     54804480     13701120
      117728            1           2.367       235456        58864
      117728            2           1.554       470912       117728
      117728            4           2.105       941824       235456
      117728            8           3.607      1883648       470912
      117728           16           6.334      3767296       941824
      117728           32          11.827      7534592      1883648
      117728           64          22.932     15069184      3767296
      117728          128          45.169     30138368      7534592
      117728          256          89.430     60276736     15069184
      129472            1           2.455       258944        64736
      129472            2           1.583       517888       129472
      129472            4           2.376      1035776       258944
      129472            8           3.894      2071552       517888
      129472           16           6.931      4143104      1035776
      129472           32          12.980      8286208      2071552
      129472           64          25.240     16572416      4143104
      129472          128          49.671     33144832      8286208
      142400            1           2.821       284800        71200
      142400            2           1.687       569600       142400
      142400            4           2.709      1139200       284800
      142400            8           4.692      2278400       569600
      142400           16           8.608      4556800      1139200
      142400           32          16.459      9113600      2278400
      142400           64          32.383     18227200      4556800
      142400          128          63.710     36454400      9113600
      156640            1           2.955       313280        78320
      156640            2           2.015       626560       156640
      156640            4           3.383      1253120       313280
      156640            8           5.793      2506240       626560
      156640           16          10.658      5012480      1253120
      156640           32          20.606     10024960      2506240
      156640           64          40.452     20049920      5012480
      156640          128          80.302     40099840     10024960
      172288            1           3.259       344576        86144
      172288            2           2.172       689152       172288
      172288            4           3.786      1378304       344576
      172288            8           6.665      2756608       689152
      172288           16          12.127      5513216      1378304
      172288           32          23.784     11026432      2756608
      172288           64          46.898     22052864      5513216
      172288          128          93.129     44105728     11026432
      189504            1           3.891       379008        94752
      189504            2           2.419       758016       189504
      189504            4           4.041      1516032       379008
      189504            8           7.053      3032064       758016
      189504           16          13.339      6064128      1516032
      189504           32          25.876     12128256      3032064
      189504           64          50.952     24256512      6064128
      189504          128         101.344     48513024     12128256
      208448            1           4.364       416896       104224
      208448            2           2.670       833792       208448
      208448            4           4.511      1667584       416896
      208448            8           7.746      3335168       833792
      208448           16          14.982      6670336      1667584
      208448           32          28.834     13340672      3335168
      208448           64          56.954     26681344      6670336
      208448          128         113.006     53362688     13340672
      229280            1           4.392       458560       114640
      229280            2           2.853       917120       229280
      229280            4           4.888      1834240       458560
      229280            8           8.699      3668480       917120
      229280           16          16.126      7336960      1834240
      229280           32          31.424     14673920      3668480
      229280           64          62.173     29347840      7336960
      229280          128         123.354     58695680     14673920
      252192            1           4.492       504384       126096
      252192            2           3.030      1008768       252192
      252192            4           5.240      2017536       504384
      252192            8           9.568      4035072      1008768
      252192           16          17.768      8070144      2017536
      252192           32          34.651     16140288      4035072
      252192           64          68.237     32280576      8070144
      277408            1           4.870       554816       138704
      277408            2           3.473      1109632       277408
      277408            4           5.615      2219264       554816
      277408            8          10.346      4438528      1109632
      277408           16          19.421      8877056      2219264
      277408           32          38.082     17754112      4438528
      277408           64          77.865     35508224      8877056
      305120            1           5.880       610240       152560
      305120            2           3.746      1220480       305120
      305120            4           6.055      2440960       610240
      305120            8          11.355      4881920      1220480
      305120           16          21.384      9763840      2440960
      305120           32          41.952     19527680      4881920
      305120           64          82.723     39055360      9763840
      335616            1           5.827       671232       167808
      335616            2           4.031      1342464       335616
      335616            4           6.875      2684928       671232
      335616            8          12.258      5369856      1342464
      335616           16          23.571     10739712      2684928
      335616           32          45.841     21479424      5369856
      335616           64          90.557     42958848     10739712
      369152            1           7.272       738304       184576
      369152            2           4.304      1476608       369152
      369152            4           7.296      2953216       738304
      369152            8          13.677      5906432      1476608
      369152           16          25.944     11812864      2953216
      369152           32          50.440     23625728      5906432
      369152           64          99.956     47251456     11812864
      406048            1           8.088       812096       203024
      406048            2           4.664      1624192       406048
      406048            4           7.987      3248384       812096
      406048            8          14.756      6496768      1624192
      406048           16          43.599     12993536      3248384
      406048           32          55.004     25987072      6496768
      406048           64         109.311     51974144     12993536
      446624            1           8.151       893248       223312
      446624            2           5.201      1786496       446624
      446624            4           8.865      3572992       893248
      446624            8          16.026      7145984      1786496
      446624           16          31.151     14291968      3572992
      446624           32          60.612     28583936      7145984
      446624           64         120.081     57167872     14291968
      491264            1           9.201       982528       245632
      491264            2           5.664      1965056       491264
      491264            4           9.731      3930112       982528
      491264            8          17.753      7860224      1965056
      491264           16          34.062     15720448      3930112
      491264           32          66.710     31440896      7860224
      540384            1          10.430      1080768       270192
      540384            2           6.103      2161536       540384
      540384            4          10.750      4323072      1080768
      540384            8          19.421      8646144      2161536
      540384           16          37.480     17292288      4323072
      540384           32          73.186     34584576      8646144
      594400            1          12.033      1188800       297200
      594400            2           6.786      2377600       594400
      594400            4          11.642      4755200      1188800
      594400            8          21.272      9510400      2377600
      594400           16          41.101     19020800      4755200
      594400           32          80.826     38041600      9510400
      653824            1          14.106      1307648       326912
      653824            2           7.108      2615296       653824
      653824            4          12.695      5230592      1307648
      653824            8          23.594     10461184      2615296
      653824           16          45.306     20922368      5230592
      653824           32          89.198     41844736     10461184
      719200            1          14.272      1438400       359600
      719200            2           7.999      2876800       719200
      719200            4          13.935      5753600      1438400
      719200            8          25.797     11507200      2876800
      719200           16          49.804     23014400      5753600
      719200           32          97.794     46028800     11507200
      791104            1          15.408      1582208       395552
      791104            2          11.285      3164416       791104
      791104            4          17.082      6328832      1582208
      791104            8          29.553     12657664      3164416
      791104           16          57.179     25315328      6328832
      791104           32         121.684     50630656     12657664
      870208            1          18.474      1740416       435104
      870208            2          16.698      3480832       870208
      870208            4          24.932      6961664      1740416
      870208            8          36.034     13923328      3480832
      870208           16          79.851     27846656      6961664
      870208           32         129.011     55693312     13923328
      957216            1          24.514      1914432       478608
      957216            2          11.786      3828864       957216
      957216            4          20.475      7657728      1914432
      957216            8          51.310     15315456      3828864
      957216           16          83.156     30630912      7657728
      957216           32         152.175     61261824     15315456
     1052928            1          20.869      2105856       526464
     1052928            2          11.309      4211712      1052928
     1052928            4          29.393      8423424      2105856
     1052928            8          59.391     16846848      4211712
     1052928           16          89.111     33693696      8423424
     1158208            1          22.148      2316416       579104
     1158208            2          12.441      4632832      1158208
     1158208            4          22.265      9265664      2316416
     1158208            8          45.355     18531328      4632832
     1158208           16         157.158     37062656      9265664
     1274016            1          25.088      2548032       637008
     1274016            2          13.703      5096064      1274016
     1274016            4          24.299     10192128      2548032
     1274016            8          45.261     20384256      5096064
     1274016           16          93.665     40768512     10192128
     1401408            1          25.611      2802816       700704
     1401408            2          15.096      5605632      1401408
     1401408            4          26.679     11211264      2802816
     1401408            8          50.008     22422528      5605632
     1401408           16          96.194     44845056     11211264
     1541536            1          28.285      3083072       770768
     1541536            2          16.619      6166144      1541536
     1541536            4          29.129     12332288      3083072
     1541536            8          54.690     24664576      6166144
     1541536           16         105.670     49329152     12332288
     1695680            1          31.377      3391360       847840
     1695680            2          18.693      6782720      1695680
     1695680            4          32.173     13565440      3391360
     1695680            8          67.317     27130880      6782720
     1695680           16         128.643     54261760     13565440
     1865248            1          38.654      3730496       932624
     1865248            2          20.247      7460992      1865248
     1865248            4          35.447     14921984      3730496
     1865248            8          66.143     29843968      7460992
     1865248           16         152.165     59687936     14921984
     2051744            1          37.096      4103488      1025872
     2051744            2          22.421      8206976      2051744
     2051744            4          38.811     16413952      4103488
     2051744            8          72.771     32827904      8206976
     2256896            1          41.898      4513792      1128448
     2256896            2          24.989      9027584      2256896
     2256896            4          42.627     18055168      4513792
     2256896            8          79.721     36110336      9027584
     2482560            1          45.706      4965120      1241280
     2482560            2          28.349      9930240      2482560
     2482560            4          46.866     19860480      4965120
     2482560            8          88.045     39720960      9930240
     2730816            1          50.080      5461632      1365408
     2730816            2          33.826     10923264      2730816
     2730816            4          52.353     21846528      5461632
     2730816            8          97.383     43693056     10923264
     3003872            1          54.619      6007744      1501936
     3003872            2          37.552     12015488      3003872
     3003872            4          58.336     24030976      6007744
     3003872            8         109.204     48061952     12015488
     3304256            1          60.652      6608512      1652128
     3304256            2          44.523     13217024      3304256
     3304256            4          65.076     26434048      6608512
     3304256            8         121.867     52868096     13217024
     3634656            1          68.510      7269312      1817328
     3634656            2          79.585     14538624      3634656
     3634656            4         114.840     29077248      7269312
     3634656            8         205.920     58154496     14538624
     3998112            1          66.944      7996224      1999056
     3998112            2          83.159     15992448      3998112
     3998112            4         127.658     31984896      7996224
     4397920            1          64.724      8795840      2198960
     4397920            2          75.101     17591680      4397920
     4397920            4         107.817     35183360      8795840
     4837696            1          67.961      9675392      2418848
     4837696            2          87.276     19350784      4837696
     4837696            4         127.609     38701568      9675392
     5321440            1          74.820     10642880      2660720
     5321440            2         103.487     21285760      5321440
     5321440            4         151.858     42571520     10642880
     5853568            1          73.586     11707136      2926784
     5853568            2         117.407     23414272      5853568
     5853568            4         175.009     46828544     11707136
     6438912            1          82.123     12877824      3219456
     6438912            2         136.026     25755648      6438912
     6438912            4         204.337     51511296     12877824
     7082784            1          88.989     14165568      3541392
     7082784            2         153.395     28331136      7082784
     7082784            4         230.547     56662272     14165568
     7791040            1          98.031     15582080      3895520
     7791040            2         177.602     31164160      7791040
     8570144            1         106.007     17140288      4285072
     8570144            2         186.374     34280576      8570144
     9427136            1         124.790     18854272      4713568
     9427136            2         205.403     37708544      9427136
    10369824            1         127.900     20739648      5184912
    10369824            2         228.310     41479296     10369824
    11406784            1         143.512     22813568      5703392
    11406784            2         246.757     45627136     11406784
    12547456            1         172.121     25094912      6273728
    12547456            2         278.532     50189824     12547456
    13802176            1         177.546     27604352      6901088
    13802176            2         312.618     55208704     13802176
    15182368            1         196.323     30364736      7591184
    15182368            2         351.928     60729472     15182368
    16700576            1         227.126     33401152      8350288
    18370624            1         252.825     36741248      9185312
    20207680            1         295.250     40415360     10103840
    22228448            1         337.685     44456896     11114224
    24451264            1         387.254     48902528     12225632
    26896384            1         443.476     53792768     13448192
    29586016            1         552.558     59172032     14793008

META_DATA
FLOPS          4
OPENMP_THREADS 4
ERT_VERSION  1.1.0
HOSTNAME  ('cirrus4.computing.clemson.edu', ['cirrus4'], ['127.0.1.1'])
UNAME  uname_result(system='Linux', node='cirrus4.computing.clemson.edu', release='5.4.0-81-generic', version='#91-Ubuntu SMP Thu Jul 15 19:09:17 UTC 2021', machine='x86_64', processor='x86_64')
TIMESTAMP_DATA  1632245415.416406
CONFIG  {'ERT_RESULTS': ['Results.cs.clemson.edu'], 'ERT_DRIVER': ['driver1'], 'ERT_KERNEL': ['kernel1'], 'ERT_MPI': ['False'], 'ERT_MPI_CFLAGS': [], 'ERT_MPI_LDFLAGS': [], 'ERT_OPENMP': ['True'], 'ERT_OPENMP_CFLAGS': ['-fopenmp'], 'ERT_OPENMP_LDFLAGS': ['-fopenmp'], 'ERT_FLOPS': ['1,2,4'], 'ERT_ALIGN': ['32'], 'ERT_CC': ['g++'], 'ERT_CFLAGS': ['-O3', '-std=c++11', '-fstrict-aliasing', '-march=native'], 'ERT_LD': ['g++'], 'ERT_LDFLAGS': [], 'ERT_LDLIBS': [], 'ERT_PRECISION': ['FP64'], 'ERT_RUN': ['export', 'OMP_NUM_THREADS=ERT_OPENMP_THREADS;', 'export', 'OMP_PLACES=threads;', 'export', 'OMP_PROC_BIND=spread;', './ERT_CODE'], 'ERT_PROCS_THREADS': ['8'], 'ERT_MPI_PROCS': ['2,4,8'], 'ERT_OPENMP_THREADS': ['1-8'], 'ERT_NUM_EXPERIMENTS': ['5'], 'ERT_MEMORY_MAX': ['31000000'], 'ERT_WORKING_SET_MIN': ['1'], 'ERT_TRIALS_MIN': ['1'], 'ERT_GNUPLOT': ['gnuplot'], 'ERT_GPU': [False], 'ERT_HIP': [False], 'ERT_OCL': [False], 'ERT_SYCL': [False], 'ERT_WSS_MULT': [1.1]}
