fp64
 40 524288 1091.451 1160.554 3228.378 12.991985449039735 36.14053288343326 38.42869721132694 0.8119990905649834 2.2587833052145787 2.401793575707934
 80 262144 565.024 729.249 1740.886 24.092927394441684 57.51538911949142 74.23231579543524 1.5058079621526053 3.5947118199682135 4.639519737214703
 120 131072 352.138 453.678 792.296 39.703949029150714 69.33834129051883 89.33225042454946 2.4814968143219196 4.333646330657427 5.583265651534341
 160 131072 370.125 450.14 528.02 79.43456687246695 93.17776691695917 113.32128335021952 4.964660429529184 5.823610432309948 7.08258020938872
 200 131072 372.317 450.705 531.149 98.70827206678352 116.32620006434364 140.8176365838788 6.16926700417397 7.270387504021477 8.801102286492425
 240 65536 187.367 232.433 266.21 118.16716126366403 135.33912998584537 167.89125086061046 7.385447578979002 8.458695624115336 10.493203178788153
 280 65536 187.185 210.572 266.631 137.64400988632232 174.28793951712478 196.06357347009643 8.602750617895145 10.892996219820299 12.253973341881027
 320 65536 182.677 197.441 290.687 144.28935590514882 212.4332838670793 229.60219403646877 9.018084744071801 13.277080241692456 14.350137127279298
 360 65536 183.556 202.744 281.999 167.32655080337165 232.73645582606636 257.0655276863736 10.457909425210728 14.546028489129148 16.06659548039835
 400 65536 183.576 215.451 283.516 184.92360219529053 243.34442634288075 285.5972458273413 11.557725137205658 15.209026646430047 17.84982786420883
 440 65536 144.152 197.429 280.419 205.66252643365826 292.11351929047913 400.0754758865642 12.853907902103641 18.257094955654946 25.004717242910264
 480 32768 71.855 95.105 99.805 315.18741546014724 330.76368224593864 437.7883237074663 19.699213466259202 20.672730140371165 27.361770231716644
 520 32768 71.019 96.079 103.224 330.1433775091064 354.69478241863465 479.8535603148453 20.63396109431915 22.168423901164665 29.990847519677832
 560 32768 70.488 72.293 95.584 383.95714763977236 507.65855615343116 520.6582680739984 23.997321727485772 31.728659759589448 32.5411417546249
 600 32768 71.121 73.12 96.255 408.5148823437744 537.7680525164113 552.8831146918632 25.5321801464859 33.61050328227571 34.55519466824145
 640 32768 71.035 76.4 98.352 426.45843500894745 548.9926701570681 590.4559724079679 26.653652188059215 34.31204188481676 36.903498275497995
 680 32768 78.446 81.152 106.3 419.23311382878643 549.1482649842271 568.0911709966091 26.202069614299152 34.321766561514195 35.50569818728807
 720 32768 86.666 89.757 117.897 400.23003129850633 525.7074100070189 544.4571112085478 25.014376956156646 32.85671312543868 34.028569450534235
 760 32768 91.82 119.964 124.389 400.41611396506124 415.1858891000634 542.4456545414943 25.026007122816328 25.94911806875396 33.90285340884339
 800 32768 79.527 83.305 108.073 485.1239440008143 629.3595822579676 659.2578621097238 30.320246500050892 39.33497389112298 41.203616381857735
 880 32768 94.832 103.802 133.817 430.9742409409866 555.5931484942487 608.145773578539 26.935890058811662 34.72457178089054 38.009110848658686
 960 16384 49.071 49.189 66.923 470.05185063431105 639.5185915550225 641.056428440423 29.37824066464444 39.9699119721889 40.06602677752644
 1040 16384 56.221 56.321 73.439 464.04117703127764 605.0801654800164 606.1564184201633 29.002573564454853 37.81751034250102 37.884776151260205
 1120 16384 54.7 55.339 74.321 493.8060575072995 663.187986772439 670.9352833638026 30.86287859420622 41.44924917327744 41.93345521023766
 1200 16384 56.254 56.604 76.435 514.4449532282331 694.6788212847148 699.0009599317382 32.15280957676457 43.417426330294674 43.687559995733636
 1320 16384 60.28 60.385 62.092 696.607614507505 716.2997433137369 717.5474452554745 43.53797590671906 44.76873395710856 44.846715328467155
 1440 16384 66.217 66.517 76.641 615.6746389008495 709.3813611557947 712.5952549949409 38.47966493130309 44.33633507223717 44.537203437183805
 1560 16384 68.195 68.328 80.065 638.4572534815463 748.1278538812786 749.5869198621601 39.903578342596646 46.75799086757991 46.84918249138501
 1680 16384 72.368 72.415 72.505 759.2612923246672 760.2049299178346 760.6986513376079 47.4538307702917 47.512808119864665 47.54366570860049
 1840 16384 76.988 77.015 77.187 781.1305012502106 782.8750243459066 783.1495817530005 48.82065632813816 48.92968902161916 48.94684885956253
 2000 8192 41.338 41.421 44.948 729.0202011212957 791.0963038072474 792.6846968890608 45.56376257008098 49.44351898795296 49.5427935555663
 2200 8192 43.881 44.074 44.088 817.564870259481 817.8245677723829 821.4215719787608 51.097804391217565 51.11403548577393 51.33884824867255
 2400 8192 40.18 40.408 40.498 970.9516519334288 973.114234804989 978.636137381782 60.6844782458393 60.81963967531181 61.16475858636137
 2640 8192 49.906 49.988 50.119 863.0212095213393 865.2828678882933 866.7046046567548 53.938825595083706 54.08017924301833 54.169037791047174
 2880 8192 48.132 48.215 53.841 876.3938262662283 978.6564347194856 980.3440538519072 54.77461414163927 61.16602716996785 61.2715033657442
 3160 8192 56.511 56.618 62.17 832.7720765642594 914.4342788512487 916.1657022526587 52.04825478526621 57.15214242820304 57.260356390791166
 3440 8192 59.035 59.051 68.599 821.6003148733947 954.4454793314254 954.7041585500127 51.35001967958717 59.65284245821409 59.669009909375795
 3760 8192 62.632 62.748 66.005 933.3208090296191 981.7657933320584 983.5841103589221 58.332550564351195 61.36036208325365 61.47400689743263
 4120 4096 33.802 33.836 33.983 993.1742341759117 997.4890649012887 998.4923968995919 62.07338963599448 62.34306655633054 62.40577480622449
 4520 4096 35.812 35.949 35.985 1028.9798527164096 1030.0102923586192 1033.9506310733834 64.3112407947756 64.3756432724137 64.62191444208646
 4960 4096 37.874 38.164 49.326 823.7505575153062 1064.6766586311708 1072.8288535670908 51.48440984470664 66.54229116444817 67.05180334794318
 5440 4096 49.874 50.293 75.892 587.209192009698 886.0970711629848 893.5413241368246 36.70057450060612 55.38106694768655 55.84633275855154
 5960 4096 44.849 44.94 59.803 816.4192431817802 1086.4334668446818 1088.637873754153 51.02620269886126 67.90209167779261 68.03986710963456
 6520 4096 57.203 58.641 82.535 647.141697461683 910.8275779744548 933.7244550111009 40.446356091355185 56.926723623403426 58.357778438193805
 7160 4096 58.948 62.435 86.75 676.1351008645534 939.4525506526787 995.0247675917758 42.258443804034584 58.71578441579242 62.18904797448599
 7840 2048 30.126 30.626 39.114 821.0011760494963 1048.541761901652 1065.944366991967 51.31257350309352 65.53386011885326 66.62152293699793
 8600 2048 33.999 35.051 43.27 814.0882828749711 1004.9813129439959 1036.0775316921086 50.880517679685695 62.811332058999746 64.75484573075678
 9440 2048 34.92 34.935 46.058 839.5119197533544 1106.8052096751107 1107.2806414662082 52.46949498458465 69.17532560469442 69.20504009163801
 10360 2048 39.812 40.366 51.188 828.9942955380167 1051.2451072684935 1065.8736059479556 51.81214347112604 65.70281920428084 66.61710037174723
 11360 2048 41.44 42.497 48.279 963.7846682822759 1094.913993928983 1122.8416988416989 60.236541767642244 68.43212462056144 70.17760617760618
 12480 2048 49.166 58.933 82.087 622.7305176215478 867.3931413639218 1039.7038603913275 38.92065735134674 54.21207133524511 64.98149127445797
 13720 2048 52.785 55.263 66.188 849.0530005439053 1016.9031721043013 1064.6418490101355 53.065812533994084 63.556448256518834 66.54011556313347
 15080 2048 54.111 56.004 66.28 931.920337960169 1102.9155060352832 1141.4995102659348 58.245021122510565 68.9322191272052 71.34371939162092
 16560 1024 31.009 31.639 31.852 1064.7645359789026 1071.9327412370808 1093.71085813796 66.54778349868141 66.99579632731755 68.3569286336225
 18200 1024 34.199 35.014 42.173 883.8261446897302 1064.5341863254698 1089.9032135442558 55.23913404310814 66.53338664534186 68.11895084651599
 20000 1024 37.161 37.3 38.981 1050.7683230291682 1098.123324396783 1102.2308334006084 65.67302018932301 68.63270777479893 68.88942708753802
 22000 1024 40.811 41.221 43.912 1026.0521042084167 1093.0351034666796 1104.0160740976698 64.12825651302605 68.31469396666748 69.00100463110437
 24200 1024 44.466 45.813 48.548 1020.8783060064266 1081.8239364372557 1114.5954212207077 63.80489412540166 67.61399602732848 69.66221382629423
 26600 1024 47.999 49.01 62.244 875.2136752136753 1111.5445827382166 1134.9569782703807 54.700854700854705 69.47153642113854 70.93481114189879
 29240 1024 53.663 53.964 61.249 977.7060849973062 1109.693869987399 1115.9182304381045 61.10663031233164 69.35586687421244 69.74488940238153
 32160 512 28.998 30.572 41.955 784.932427601001 1077.1895852413973 1135.6590109662734 49.05827672506256 67.32434907758733 70.97868818539209
 35360 512 32.167 34.472 43.944 823.9723284179864 1050.3782780227432 1125.6455373519445 51.49827052612415 65.64864237642145 70.35284608449653
 38880 512 35.188 35.444 55.337 719.4665413737644 1123.2682541473873 1131.4402637262704 44.96665883586027 70.20426588421171 70.7150164828919
 42760 512 38.501 38.826 63.622 688.2248278897237 1127.7556276721784 1137.2753954442742 43.01405174310773 70.48472672951115 71.07971221526714
 47000 512 42.21 42.332 45.961 1047.1486695241617 1136.9176981952187 1140.2037431888177 65.44679184526011 71.05735613720117 71.26273394930111
 51680 512 45.933 46.255 49.284 1073.7829721613507 1144.0994487082476 1152.1198267041125 67.11143576008442 71.50621554426547 72.00748916900703
 56840 512 50.818 50.976 67.104 867.3724368144968 1141.7953546767105 1145.3453500728087 54.21077730090605 71.36220966729441 71.58408437955055
 62520 256 28.07 28.336 29.619 1080.7333130760662 1129.6668548842463 1140.3719273245458 67.54583206725414 70.60417843026539 71.27324545778411
 68760 256 30.686 30.876 32.432 1085.5056734089787 1140.2098717450447 1147.2697647135503 67.84410458806117 71.26311698406529 71.7043602945969
 75600 256 33.677 33.859 35.196 1099.761336515513 1143.1879264006614 1149.366036167117 68.73508353221956 71.44924540004133 71.83537726044482
 83160 256 36.972 37.149 38.592 1103.2835820895523 1146.1390616167325 1151.6260954235636 68.95522388059702 71.63369135104578 71.97663096397272
 91440 256 40.489 41.654 42.272 1107.524602573808 1123.9564027464348 1156.2962780014327 69.220287660863 70.24727517165218 72.26851737508954
 100560 256 44.471 45.62 47.235 1090.0120673229596 1128.5997369574748 1157.7594387353558 68.12575420768498 70.53748355984217 72.35996492095974
 110600 256 50.111 50.583 53.394 1060.5536202569579 1119.4907379949786 1130.0353215860791 66.28460126605987 69.96817112468617 70.62720759912995
 121640 128 27.306 28.642 39.598 786.3993130966211 1087.2089937853502 1140.4028418662563 49.14995706853882 67.95056211158439 71.27517761664102
 133800 128 30.067 30.609 30.874 1109.4383623761096 1119.0434186023717 1139.2157514883427 69.33989764850685 69.94021366264823 71.20098446802142
 147160 128 33.35 33.505 33.829 1113.6291347660292 1124.3981495299206 1129.6239880059968 69.60182092287683 70.27488434562004 70.6014992503748
 161840 128 36.455 37.137 37.181 1114.306769586617 1115.6270027196597 1136.4981484021398 69.64417309916357 69.72668766997873 71.03113427513374
 178000 128 49.557 56.601 57.505 792.4180506042951 805.0741152983162 919.5068305183929 49.526128162768444 50.31713220614476 57.46917690739956
 195800 128 65.004 69.307 69.463 721.6043073290816 723.2285339143232 771.1033167189711 45.1002692080676 45.2017833696452 48.19395729493569
 215360 128 76.665 76.963 92.169 598.163807787868 716.3462962722348 719.1307637122545 37.38523798674175 44.771643517014674 44.94567273201591
 236880 128 84.336 84.512 84.669 716.2158523190305 717.5463839454751 719.0438247011951 44.76349076993941 44.846648996592194 44.9402390438247
 260560 64 46.64 46.772 46.993 709.7159151362969 713.0693577353973 715.0874785591767 44.357244696018554 44.56683485846233 44.692967409948544
 286600 64 51.217 51.427 51.633 710.4913524296476 713.3373519746436 716.2621785735204 44.405709526852974 44.58358449841523 44.76638616084502
 315240 64 56.376 56.513 56.799 710.4125072624518 714.0077504291048 715.7428693060878 44.400781703903235 44.62548440181905 44.733929331630485
 346760 64 61.925 61.955 69.898 635.0007153280494 716.4115890565733 716.7586596689544 39.68754470800309 44.775724316035834 44.79741622930965
 381400 64 67.935 68.247 68.457 713.1367135574156 715.3310768238897 718.6163244277618 44.57104459733848 44.708192301493106 44.91352027673511
 419520 64 74.576 75.112 87.678 612.4519263669335 714.9131962935351 720.0514910963312 38.27824539793335 44.68207476834594 45.0032181935207
 461440 64 82.073 82.547 83.535 707.0607529777938 715.5235199340982 719.6559160747139 44.19129706111211 44.72021999588114 44.97849475466962
 507560 32 45.67 46.115 46.186 703.3265491707443 704.4094112544725 711.2730457630829 43.95790932317152 44.02558820340453 44.45456536019268
 558280 32 50.253 50.483 50.744 704.1210783540911 707.7614246379969 711.0007362744512 44.00756739713069 44.23508903987481 44.4375460171532
 614080 32 55.41 55.558 55.702 705.5603030411835 707.3890348824652 709.2784695903267 44.09751894007397 44.21181468015408 44.32990434939542
 675480 32 60.646 61.076 70.507 613.1408228970173 707.8184556945446 712.8371203376975 38.32130143106358 44.238653480909036 44.55232002110609
 743000 32 66.989 67.095 79.052 601.528108080757 708.7264326700947 709.8478854737344 37.59550675504731 44.29540204188092 44.3654928421084
 817280 32 73.037 73.738 75.709 690.8811369850348 709.3482329328161 716.1564686391828 43.180071061564675 44.33426455830101 44.75977928994892
 899000 32 79.893 80.737 100.253 573.9080127277986 712.6348514311901 720.1632183044821 35.86925079548741 44.53967821444938 45.010201144030134
 988880 16 45.354 45.508 56.68 558.2949894142554 695.3537839500746 697.7148652820038 34.89343683839096 43.45961149687966 43.607179080125235
 1087760 16 49.785 49.979 50.085 694.984925626435 696.4589127433521 699.1728432258712 43.43655785165219 43.52868204645951 43.69830270161695
 1196520 16 54.868 54.987 77.524 493.89401991641296 696.3216760325167 697.8318874389442 30.86837624477581 43.520104752032296 43.614492964934016
 1316160 16 60.22 60.346 76.635 549.5807398708162 697.9272859841581 699.3875788774494 34.34879624192601 43.62045537400988 43.71172367984059
 1447760 16 66.351 68.75 74.927 618.3127577508774 673.8664727272727 698.230923422405 38.644547359429836 42.116654545454544 43.63943271390031
 1592520 16 72.957 73.048 91.154 559.0609298549707 697.632241813602 698.502405526543 34.94130811593567 43.60201511335013 43.65640034540894
 1751760 16 80.153 81.244 109.59 511.50944429236245 689.9748904534489 699.3664616421095 31.969340268272653 43.123430653340556 43.71040385263184
 1926920 16 88.064 88.131 127.356 484.1659599861805 699.6566474906673 700.1889534883721 30.26037249913628 43.728540468166706 43.76180959302326
 2119600 8 50.58 50.769 72.723 466.3393974395996 667.998187870551 670.4942665085014 29.146212339974976 41.749886741909435 41.905891656781336
 2331560 8 55.644 55.726 79.934 466.69702504566266 669.4354520331622 670.4219682265833 29.168564065353916 41.839715752072635 41.90137301416146
 2564680 8 61.149 61.285 88.762 462.3023365854758 669.574610426695 671.0637949925591 28.89389603659224 41.84841315166844 41.941487187034944
 2821120 8 67.132 68.767 96.488 467.8086394163004 656.3892564747625 672.3756181850681 29.238039963518776 41.02432852967266 42.02347613656676
 3103200 8 76.307 77.553 116.444 426.39552059359005 640.2228153649762 650.6768710603221 26.649720037099378 40.01392596031101 40.66730444127013
 3413520 8 83.77 88.302 122.445 446.047776552738 618.5173608751784 651.9794675898294 27.877986034546126 38.65733505469865 40.748716724364336
 3754840 8 93.288 102.125 139.856 429.56641116577055 588.2735862913097 643.9996569762457 26.84790069786066 36.767099143206856 40.249978561015354
 4130320 4 59.854 65.606 91.98 359.2363557295064 503.65149529006493 552.0526614762589 22.45227223309415 31.478218455629058 34.50329134226618
 4543320 4 69.883 75.746 100.446 361.851741234096 479.84791276106995 520.1058912754175 22.615733827131 29.990494547566872 32.5066182047136
 4997640 4 81.782 89.593 123.56 323.5765619941729 446.2527206366569 488.8743244234673 20.223535124635806 27.890795039791055 30.554645276466708
 5497400 4 97.456 109.784 130.629 336.67256122300563 400.59753698170954 451.27236906911844 21.042035076437852 25.037346061356846 28.204523066819903
 6047120 4 113.013 137.884 149.649 323.2695173372358 350.8526007368513 428.065443798501 20.204344833577238 21.928287546053205 26.754090237406313
 6651800 4 141.372 146.404 174.637 304.71435033813 363.4764077484222 376.4139999434117 19.044646896133123 22.71727548427639 23.52587499646323
 7316960 4 168.739 171.495 176.935 330.8315483087009 341.3258695588793 346.90071649114907 20.676971769293807 21.332866847429955 21.681294780696817
 8048640 2 133.825 135.393 154.251 208.71540541066182 237.7860007533624 240.57209041658882 13.044712838166364 14.86162504708515 15.035755651036801
 8853480 2 149.919 153.494 161.658 219.06691905133061 230.7185948636429 236.22035899385668 13.691682440708163 14.41991217897768 14.763772437116042
 9738800 2 168.053 169.975 181.617 214.49093421871302 229.18193852037066 231.80306212920928 13.405683388669564 14.323871157523167 14.48769138307558
 10712680 2 185.116 186.417 188.741 227.03450760566068 229.86487283885054 231.48036906588302 14.189656725353792 14.366554552428159 14.467523066617689
 11783920 2 206.941 208.488 216.772 217.44358127433432 226.08341966923754 227.77351998878905 13.590223829645895 14.130213729327346 14.235844999299315
 12962280 2 229.518 231.616 238.738 217.18000485888294 223.8581099751312 225.9043735131885 13.573750303680184 13.9911318734457 14.11902334457428
 14258480 2 255.382 256.035 258.839 220.34515664177346 222.75829476438764 223.3278774541667 13.771572290110841 13.922393422774228 13.957992340885419
 15684320 1 166.568 169.021 207.125 151.44786964393484 185.5901929346058 188.32332740982662 9.465491852745927 11.599387058412862 11.770207963114164
 17252720 1 191.73 192.638 210.273 164.09829126896938 179.120630405216 179.96891461951705 10.256143204310586 11.195039400326 11.248057163719816
 18977960 1 210.165 231.118 246.609 153.91133332522332 164.22745091252088 180.6005757381105 9.619458332826458 10.264215682032555 11.287535983631907
 20875720 1 243.665 246.028 253.778 164.5195407009276 169.7019851399028 171.34771099665525 10.282471293807975 10.606374071243925 10.709231937290953
 22963280 1 278.963 282.747 297.469 154.3910794065936 162.42987547171143 164.63315923617108 9.6494424629121 10.151867216981964 10.289572452260693
 25259600 1 324.32 325.631 367.596 137.43131046039676 155.1424772211491 155.76961026147015 8.589456903774797 9.69640482632182 9.735600641341884
 27785560 1 384.023 392.268 420.88 132.03554457327505 141.66620779671044 144.70779093960516 8.25222153582969 8.854137987294402 9.044236933725323
 30564080 1 438.476 448.45 476.71 128.22923790144952 136.30986732077156 139.41050365356372 8.014327368840595 8.519366707548222 8.713156478347733
 
META_DATA
 FLOPS          1
 OPENMP_THREADS 5
 ERT_VERSION  1.1.0
 HOSTNAME  ('cirrus4.computing.clemson.edu', ['cirrus4'], ['127.0.1.1'])
 UNAME  uname_result(system='Linux', node='cirrus4.computing.clemson.edu', release='5.4.0-81-generic', version='#91-Ubuntu SMP Thu Jul 15 19:09:17 UTC 2021', machine='x86_64', processor='x86_64')
 TIMESTAMP_DATA  1632245392.0682342
 CONFIG  {'ERT_RESULTS': ['Results.cs.clemson.edu'], 'ERT_DRIVER': ['driver1'], 'ERT_KERNEL': ['kernel1'], 'ERT_MPI': ['False'], 'ERT_MPI_CFLAGS': [], 'ERT_MPI_LDFLAGS': [], 'ERT_OPENMP': ['True'], 'ERT_OPENMP_CFLAGS': ['-fopenmp'], 'ERT_OPENMP_LDFLAGS': ['-fopenmp'], 'ERT_FLOPS': ['1,2,4'], 'ERT_ALIGN': ['32'], 'ERT_CC': ['g++'], 'ERT_CFLAGS': ['-O3', '-std=c++11', '-fstrict-aliasing', '-march=native'], 'ERT_LD': ['g++'], 'ERT_LDFLAGS': [], 'ERT_LDLIBS': [], 'ERT_PRECISION': ['FP64'], 'ERT_RUN': ['export', 'OMP_NUM_THREADS=ERT_OPENMP_THREADS;', 'export', 'OMP_PLACES=threads;', 'export', 'OMP_PROC_BIND=spread;', './ERT_CODE'], 'ERT_PROCS_THREADS': ['8'], 'ERT_MPI_PROCS': ['2,4,8'], 'ERT_OPENMP_THREADS': ['1-8'], 'ERT_NUM_EXPERIMENTS': ['5'], 'ERT_MEMORY_MAX': ['31000000'], 'ERT_WORKING_SET_MIN': ['1'], 'ERT_TRIALS_MIN': ['1'], 'ERT_GNUPLOT': ['gnuplot'], 'ERT_GPU': [False], 'ERT_HIP': [False], 'ERT_OCL': [False], 'ERT_SYCL': [False], 'ERT_WSS_MULT': [1.1]}
 TIMESTAMP_DATA  1632245392.19038
 TIMESTAMP_DATA  1632245392.292398
 TIMESTAMP_DATA  1632245392.3902621
 TIMESTAMP_DATA  1632245392.5234509
 