fp64
          40            1           0.978           80            5
          40            2           0.377          160           10
          40            4           0.427          320           20
          40            8           0.608          640           40
          40           16           0.323         1280           80
          40           32           0.597         2560          160
          40           64           0.518         5120          320
          40          128           0.761        10240          640
          40          256           1.080        20480         1280
          40          512           1.660        40960         2560
          40         1024           2.664        81920         5120
          40         2048           4.981       163840        10240
          40         4096           9.583       327680        20480
          40         8192          18.447       655360        40960
          40        16384          36.733      1310720        81920
          40        32768          72.862      2621440       163840
          40        65536         145.341      5242880       327680
          40       131072         290.206     10485760       655360
          40       262144         580.315     20971520      1310720
          40       524288        1160.554     41943040      2621440
          80            1           0.681          160           10
          80            2           0.352          320           20
          80            4           0.473          640           40
          80            8           0.344         1280           80
          80           16           0.384         2560          160
          80           32           0.520         5120          320
          80           64           0.493        10240          640
          80          128           0.875        20480         1280
          80          256           1.094        40960         2560
          80          512           1.458        81920         5120
          80         1024           2.779       163840        10240
          80         2048           5.019       327680        20480
          80         4096           9.708       655360        40960
          80         8192          19.088      1310720        81920
          80        16384          37.855      2621440       163840
          80        32768          75.430      5242880       327680
          80        65536         150.333     10485760       655360
          80       131072         300.422     20971520      1310720
          80       262144         729.249     41943040      2621440
         120            1           0.557          240           15
         120            2           0.337          480           30
         120            4           0.631          960           60
         120            8           0.622         1920          120
         120           16           0.380         3840          240
         120           32           0.630         7680          480
         120           64           0.654        15360          960
         120          128           0.775        30720         1920
         120          256           1.368        61440         3840
         120          512           2.153       122880         7680
         120         1024           4.144       245760        15360
         120         2048           8.107       491520        30720
         120         4096          16.387       983040        61440
         120         8192          32.929      1966080       122880
         120        16384          56.831      3932160       245760
         120        32768         123.153      7864320       491520
         120        65536         208.398     15728640       983040
         120       131072         453.678     31457280      1966080
         160            1           0.744          320           20
         160            2           0.515          640           40
         160            4           0.644         1280           80
         160            8           0.569         2560          160
         160           16           0.552         5120          320
         160           32           0.554        10240          640
         160           64           0.646        20480         1280
         160          128           0.746        40960         2560
         160          256           1.318        81920         5120
         160          512           2.084       163840        10240
         160         1024           4.120       327680        20480
         160         2048           7.914       655360        40960
         160         4096          15.044      1310720        81920
         160         8192          29.692      2621440       163840
         160        16384          57.326      5242880       327680
         160        32768         113.751     10485760       655360
         160        65536         229.328     20971520      1310720
         160       131072         450.140     41943040      2621440
         200            1           0.783          400           25
         200            2           0.462          800           50
         200            4           0.407         1600          100
         200            8           0.663         3200          200
         200           16           0.454         6400          400
         200           32           0.621        12800          800
         200           64           0.770        25600         1600
         200          128           0.837        51200         3200
         200          256           1.097       102400         6400
         200          512           2.086       204800        12800
         200         1024           3.781       409600        25600
         200         2048           7.427       819200        51200
         200         4096          14.336      1638400       102400
         200         8192          28.519      3276800       204800
         200        16384          56.221      6553600       409600
         200        32768         112.106     13107200       819200
         200        65536         239.095     26214400      1638400
         200       131072         450.705     52428800      3276800
         240            1           1.079          480           30
         240            2           0.358          960           60
         240            4           0.461         1920          120
         240            8           0.581         3840          240
         240           16           0.577         7680          480
         240           32           0.664        15360          960
         240           64           0.645        30720         1920
         240          128           0.830        61440         3840
         240          256           1.292       122880         7680
         240          512           2.217       245760        15360
         240         1024           3.677       491520        30720
         240         2048           7.292       983040        61440
         240         4096          14.622      1966080       122880
         240         8192          29.408      3932160       245760
         240        16384          58.190      7864320       491520
         240        32768         114.387     15728640       983040
         240        65536         232.433     31457280      1966080
         280            1           0.753          560           35
         280            2           0.483         1120           70
         280            4           0.629         2240          140
         280            8           0.692         4480          280
         280           16           0.435         8960          560
         280           32           0.588        17920         1120
         280           64           0.780        35840         2240
         280          128           0.914        71680         4480
         280          256           1.371       143360         8960
         280          512           2.316       286720        17920
         280         1024           3.948       573440        35840
         280         2048           7.627      1146880        71680
         280         4096          14.751      2293760       143360
         280         8192          29.477      4587520       286720
         280        16384          52.957      9175040       573440
         280        32768         105.557     18350080      1146880
         280        65536         210.572     36700160      2293760
         320            1           1.048          640           40
         320            2           0.502         1280           80
         320            4           0.478         2560          160
         320            8           0.497         5120          320
         320           16           0.460        10240          640
         320           32           0.448        20480         1280
         320           64           0.463        40960         2560
         320          128           0.733        81920         5120
         320          256           1.318       163840        10240
         320          512           1.977       327680        20480
         320         1024           3.901       655360        40960
         320         2048           7.299      1310720        81920
         320         4096          14.108      2621440       163840
         320         8192          27.949      5242880       327680
         320        16384          55.328     10485760       655360
         320        32768         121.929     20971520      1310720
         320        65536         220.512     41943040      2621440
         360            1           0.468          720           45
         360            2           0.330         1440           90
         360            4           0.352         2880          180
         360            8           0.506         5760          360
         360           16           0.508        11520          720
         360           32           0.551        23040         1440
         360           64           0.602        46080         2880
         360          128           0.688        92160         5760
         360          256           1.376       184320        11520
         360          512           2.101       368640        23040
         360         1024           3.980       737280        46080
         360         2048           7.321      1474560        92160
         360         4096          14.145      2949120       184320
         360         8192          28.091      5898240       368640
         360        16384          55.555     11796480       737280
         360        32768         110.924     23592960      1474560
         360        65536         221.463     47185920      2949120
         400            1           0.874          800           50
         400            2           0.658         1600          100
         400            4           0.652         3200          200
         400            8           0.590         6400          400
         400           16           0.770        12800          800
         400           32           0.588        25600         1600
         400           64           0.760        51200         3200
         400          128           0.971       102400         6400
         400          256           1.256       204800        12800
         400          512           2.205       409600        25600
         400         1024           4.079       819200        51200
         400         2048           7.622      1638400       102400
         400         4096          22.013      3276800       204800
         400         8192          28.059      6553600       409600
         400        16384          55.709     13107200       819200
         400        32768         110.837     26214400      1638400
         400        65536         221.857     52428800      3276800
         440            1           0.354          880           55
         440            2           0.548         1760          110
         440            4           0.635         3520          220
         440            8           0.457         7040          440
         440           16           0.601        14080          880
         440           32           0.592        28160         1760
         440           64           0.494        56320         3520
         440          128           0.760       112640         7040
         440          256           0.934       225280        14080
         440          512           1.594       450560        28160
         440         1024           2.532       901120        56320
         440         2048           4.883      1802240       112640
         440         4096           9.868      3604480       225280
         440         8192          18.314      7208960       450560
         440        16384          36.290     14417920       901120
         440        32768          72.265     28835840      1802240
         440        65536         144.152     57671680      3604480
         480            1           0.334          960           60
         480            2           0.479         1920          120
         480            4           0.382         3840          240
         480            8           0.539         7680          480
         480           16           0.510        15360          960
         480           32           0.689        30720         1920
         480           64           0.564        61440         3840
         480          128           0.723       122880         7680
         480          256           0.910       245760        15360
         480          512           1.613       491520        30720
         480         1024           2.658       983040        61440
         480         2048           4.809      1966080       122880
         480         4096           9.205      3932160       245760
         480         8192          18.202      7864320       491520
         480        16384          36.101     15728640       983040
         480        32768          71.855     31457280      1966080
         520            1           0.699         1040           65
         520            2           0.500         2080          130
         520            4           0.585         4160          260
         520            8           0.428         8320          520
         520           16           0.463        16640         1040
         520           32           0.609        33280         2080
         520           64           0.647        66560         4160
         520          128           0.732       133120         8320
         520          256           0.875       266240        16640
         520          512           1.626       532480        33280
         520         1024           2.658      1064960        66560
         520         2048           4.912      2129920       133120
         520         4096           9.464      4259840       266240
         520         8192          18.476      8519680       532480
         520        16384          36.650     17039360      1064960
         520        32768         103.224     34078720      2129920
         560            1           0.819         1120           70
         560            2           0.397         2240          140
         560            4           0.594         4480          280
         560            8           0.440         8960          560
         560           16           0.526        17920         1120
         560           32           0.456        35840         2240
         560           64           0.452        71680         4480
         560          128           0.847       143360         8960
         560          256           1.022       286720        17920
         560          512           1.547       573440        35840
         560         1024           2.770      1146880        71680
         560         2048           4.937      2293760       143360
         560         4096           9.454      4587520       286720
         560         8192          18.368      9175040       573440
         560        16384          36.237     18350080      1146880
         560        32768          72.293     36700160      2293760
         600            1           0.762         1200           75
         600            2           0.605         2400          150
         600            4           0.587         4800          300
         600            8           0.675         9600          600
         600           16           0.620        19200         1200
         600           32           0.634        38400         2400
         600           64           0.694        76800         4800
         600          128           0.818       153600         9600
         600          256           1.075       307200        19200
         600          512           1.545       614400        38400
         600         1024           2.750      1228800        76800
         600         2048           4.818      2457600       153600
         600         4096           9.452      4915200       307200
         600         8192          18.715      9830400       614400
         600        16384          36.736     19660800      1228800
         600        32768          73.120     39321600      2457600
         640            1           0.240         1280           80
         640            2           0.481         2560          160
         640            4           0.578         5120          320
         640            8           0.565        10240          640
         640           16           0.387        20480         1280
         640           32           0.368        40960         2560
         640           64           0.513        81920         5120
         640          128           0.762       163840        10240
         640          256           1.122       327680        20480
         640          512           1.592       655360        40960
         640         1024           2.601      1310720        81920
         640         2048           4.891      2621440       163840
         640         4096           9.345      5242880       327680
         640         8192          18.389     10485760       655360
         640        16384          36.664     20971520      1310720
         640        32768          72.953     41943040      2621440
         680            1           0.267         1360           85
         680            2           0.629         2720          170
         680            4           0.500         5440          340
         680            8           0.502        10880          680
         680           16           0.480        21760         1360
         680           32           0.603        43520         2720
         680           64           0.601        87040         5440
         680          128           0.686       174080        10880
         680          256           1.063       348160        21760
         680          512           1.681       696320        43520
         680         1024           2.825      1392640        87040
         680         2048           5.450      2785280       174080
         680         4096          10.409      5570560       348160
         680         8192          20.661     11141120       696320
         680        16384          40.772     22282240      1392640
         680        32768          81.152     44564480      2785280
         720            1           0.256         1440           90
         720            2           0.498         2880          180
         720            4           0.494         5760          360
         720            8           0.641        11520          720
         720           16           0.489        23040         1440
         720           32           0.522        46080         2880
         720           64           0.572        92160         5760
         720          128           0.665       184320        11520
         720          256           1.184       368640        23040
         720          512           1.779       737280        46080
         720         1024           3.036      1474560        92160
         720         2048           5.926      2949120       184320
         720         4096          11.596      5898240       368640
         720         8192          22.878     11796480       737280
         720        16384          45.156     23592960      1474560
         720        32768          89.757     47185920      2949120
         760            1           0.726         1520           95
         760            2           0.393         3040          190
         760            4           0.350         6080          380
         760            8           0.416        12160          760
         760           16           0.592        24320         1520
         760           32           0.622        48640         3040
         760           64           0.589        97280         6080
         760          128           0.845       194560        12160
         760          256           1.108       389120        24320
         760          512           1.809       778240        48640
         760         1024           3.169      1556480        97280
         760         2048           6.250      3112960       194560
         760         4096          12.247      6225920       389120
         760         8192          24.077     12451840       778240
         760        16384          47.888     24903680      1556480
         760        32768          95.116     49807360      3112960
         800            1           0.379         1600          100
         800            2           0.400         3200          200
         800            4           0.728         6400          400
         800            8           0.591        12800          800
         800           16           0.591        25600         1600
         800           32           0.394        51200         3200
         800           64           0.602       102400         6400
         800          128           0.736       204800        12800
         800          256           1.111       409600        25600
         800          512           1.666       819200        51200
         800         1024           2.856      1638400       102400
         800         2048           5.469      3276800       204800
         800         4096          10.469      6553600       409600
         800         8192          20.651     13107200       819200
         800        16384          40.909     26214400      1638400
         800        32768          81.176     52428800      3276800
         880            1           0.919         1760          110
         880            2           0.587         3520          220
         880            4           0.537         7040          440
         880            8           0.602        14080          880
         880           16           0.507        28160         1760
         880           32           0.606        56320         3520
         880           64           0.678       112640         7040
         880          128           0.752       225280        14080
         880          256           0.971       450560        28160
         880          512           1.810       901120        56320
         880         1024           3.191      1802240       112640
         880         2048           6.200      3604480       225280
         880         4096          12.189      7208960       450560
         880         8192          23.926     14417920       901120
         880        16384          47.507     28835840      1802240
         880        32768          94.832     57671680      3604480
         960            1           0.973         1920          120
         960            2           0.568         3840          240
         960            4           0.622         7680          480
         960            8           0.636        15360          960
         960           16           0.525        30720         1920
         960           32           0.538        61440         3840
         960           64           0.530       122880         7680
         960          128           0.651       245760        15360
         960          256           1.014       491520        30720
         960          512           1.830       983040        61440
         960         1024           3.402      1966080       122880
         960         2048           6.477      3932160       245760
         960         4096          12.875      7864320       491520
         960         8192          25.470     15728640       983040
         960        16384          50.611     31457280      1966080
        1040            1           0.268         2080          130
        1040            2           0.445         4160          260
        1040            4           0.399         8320          520
        1040            8           0.660        16640         1040
        1040           16           0.582        33280         2080
        1040           32           0.600        66560         4160
        1040           64           0.671       133120         8320
        1040          128           0.728       266240        16640
        1040          256           1.071       532480        33280
        1040          512           2.033      1064960        66560
        1040         1024           3.693      2129920       133120
        1040         2048           7.181      4259840       266240
        1040         4096          14.246      8519680       532480
        1040         8192          28.356     17039360      1064960
        1040        16384          56.254     34078720      2129920
        1120            1           0.229         2240          140
        1120            2           0.466         4480          280
        1120            4           0.475         8960          560
        1120            8           0.569        17920         1120
        1120           16           0.622        35840         2240
        1120           32           0.648        71680         4480
        1120           64           0.706       143360         8960
        1120          128           0.711       286720        17920
        1120          256           1.178       573440        35840
        1120          512           1.982      1146880        71680
        1120         1024           3.778      2293760       143360
        1120         2048           7.308      4587520       286720
        1120         4096          14.364      9175040       573440
        1120         8192          28.346     18350080      1146880
        1120        16384          56.220     36700160      2293760
        1200            1           0.371         2400          150
        1200            2           0.593         4800          300
        1200            4           0.427         9600          600
        1200            8           0.628        19200         1200
        1200           16           0.552        38400         2400
        1200           32           0.681        76800         4800
        1200           64           0.547       153600         9600
        1200          128           0.671       307200        19200
        1200          256           1.256       614400        38400
        1200          512           2.112      1228800        76800
        1200         1024           3.956      2457600       153600
        1200         2048           7.635      4915200       307200
        1200         4096          14.766      9830400       614400
        1200         8192          29.017     19660800      1228800
        1200        16384          57.952     39321600      2457600
        1320            1           0.244         2640          165
        1320            2           0.658         5280          330
        1320            4           0.631        10560          660
        1320            8           0.678        21120         1320
        1320           16           0.635        42240         2640
        1320           32           0.619        84480         5280
        1320           64           0.523       168960        10560
        1320          128           0.841       337920        21120
        1320          256           1.367       675840        42240
        1320          512           2.306      1351680        84480
        1320         1024           4.310      2703360       168960
        1320         2048           8.134      5406720       337920
        1320         4096          15.851     10813440       675840
        1320         8192          31.107     21626880      1351680
        1320        16384          62.092     43253760      2703360
        1440            1           0.300         2880          180
        1440            2           0.386         5760          360
        1440            4           0.541        11520          720
        1440            8           0.443        23040         1440
        1440           16           0.463        46080         2880
        1440           32           0.561        92160         5760
        1440           64           0.669       184320        11520
        1440          128           0.856       368640        23040
        1440          256           1.335       737280        46080
        1440          512           2.527      1474560        92160
        1440         1024           4.536      2949120       184320
        1440         2048           8.845      5898240       368640
        1440         4096          17.293     11796480       737280
        1440         8192          34.222     23592960      1474560
        1440        16384          76.641     47185920      2949120
        1560            1           0.266         3120          195
        1560            2           0.486         6240          390
        1560            4           0.660        12480          780
        1560            8           0.548        24960         1560
        1560           16           0.568        49920         3120
        1560           32           0.579        99840         6240
        1560           64           0.619       199680        12480
        1560          128           0.801       399360        24960
        1560          256           1.310       798720        49920
        1560          512           2.448      1597440        99840
        1560         1024           4.539      3194880       199680
        1560         2048           8.878      6389760       399360
        1560         4096          17.484     12779520       798720
        1560         8192          34.399     25559040      1597440
        1560        16384          68.424     51118080      3194880
        1680            1           0.264         3360          210
        1680            2           0.378         6720          420
        1680            4           0.739        13440          840
        1680            8           0.464        26880         1680
        1680           16           0.451        53760         3360
        1680           32           0.582       107520         6720
        1680           64           0.589       215040        13440
        1680          128           0.827       430080        26880
        1680          256           1.631       860160        53760
        1680          512           2.711      1720320       107520
        1680         1024           4.817      3440640       215040
        1680         2048           9.476      6881280       430080
        1680         4096          18.375     13762560       860160
        1680         8192          36.490     27525120      1720320
        1680        16384          72.368     55050240      3440640
        1840            1           0.269         3680          230
        1840            2           0.421         7360          460
        1840            4           0.579        14720          920
        1840            8           0.440        29440         1840
        1840           16           0.504        58880         3680
        1840           32           0.593       117760         7360
        1840           64           0.697       235520        14720
        1840          128           0.864       471040        29440
        1840          256           1.454       942080        58880
        1840          512           2.703      1884160       117760
        1840         1024           5.189      3768320       235520
        1840         2048           9.888      7536640       471040
        1840         4096          19.509     15073280       942080
        1840         8192          38.609     30146560      1884160
        1840        16384          76.988     60293120      3768320
        2000            1           0.396         4000          250
        2000            2           0.404         8000          500
        2000            4           0.383        16000         1000
        2000            8           0.446        32000         2000
        2000           16           0.568        64000         4000
        2000           32           0.523       128000         8000
        2000           64           0.745       256000        16000
        2000          128           0.944       512000        32000
        2000          256           1.680      1024000        64000
        2000          512           2.888      2048000       128000
        2000         1024           5.576      4096000       256000
        2000         2048          10.640      8192000       512000
        2000         4096          20.852     16384000      1024000
        2000         8192          41.421     32768000      2048000
        2200            1           0.337         4400          275
        2200            2           0.514         8800          550
        2200            4           0.455        17600         1100
        2200            8           0.403        35200         2200
        2200           16           0.548        70400         4400
        2200           32           0.484       140800         8800
        2200           64           0.642       281600        17600
        2200          128           0.980       563200        35200
        2200          256           1.634      1126400        70400
        2200          512           2.942      2252800       140800
        2200         1024           5.754      4505600       281600
        2200         2048          11.303      9011200       563200
        2200         4096          22.304     18022400      1126400
        2200         8192          44.080     36044800      2252800
        2400            1           0.271         4800          300
        2400            2           0.458         9600          600
        2400            4           0.436        19200         1200
        2400            8           0.521        38400         2400
        2400           16           0.396        76800         4800
        2400           32           0.598       153600         9600
        2400           64           0.648       307200        19200
        2400          128           0.882       614400        38400
        2400          256           1.491      1228800        76800
        2400          512           2.739      2457600       153600
        2400         1024           5.226      4915200       307200
        2400         2048          10.264      9830400       614400
        2400         4096          20.446     19660800      1228800
        2400         8192          40.180     39321600      2457600
        2640            1           0.273         5280          330
        2640            2           0.413        10560          660
        2640            4           0.618        21120         1320
        2640            8           0.434        42240         2640
        2640           16           0.474        84480         5280
        2640           32           0.555       168960        10560
        2640           64           0.834       337920        21120
        2640          128           1.153       675840        42240
        2640          256           1.879      1351680        84480
        2640          512           3.485      2703360       168960
        2640         1024           6.611      5406720       337920
        2640         2048          25.057     10813440       675840
        2640         4096          25.171     21626880      1351680
        2640         8192          49.916     43253760      2703360
        2880            1           0.707         5760          360
        2880            2           0.275        11520          720
        2880            4           0.367        23040         1440
        2880            8           0.421        46080         2880
        2880           16           0.455        92160         5760
        2880           32           0.644       184320        11520
        2880           64           0.753       368640        23040
        2880          128           1.064       737280        46080
        2880          256           1.909      1474560        92160
        2880          512           3.198      2949120       184320
        2880         1024           6.308      5898240       368640
        2880         2048          12.176     11796480       737280
        2880         4096          24.322     23592960      1474560
        2880         8192          48.132     47185920      2949120
        3160            1           0.656         6320          395
        3160            2           0.431        12640          790
        3160            4           0.545        25280         1580
        3160            8           0.459        50560         3160
        3160           16           0.560       101120         6320
        3160           32           0.576       202240        12640
        3160           64           0.750       404480        25280
        3160          128           1.258       808960        50560
        3160          256           2.214      1617920       101120
        3160          512           3.830      3235840       202240
        3160         1024           7.231      6471680       404480
        3160         2048          14.324     12943360       808960
        3160         4096          28.466     25886720      1617920
        3160         8192          56.511     51773440      3235840
        3440            1           0.834         6880          430
        3440            2           0.331        13760          860
        3440            4           0.576        27520         1720
        3440            8           0.564        55040         3440
        3440           16           0.675       110080         6880
        3440           32           0.593       220160        13760
        3440           64           0.746       440320        27520
        3440          128           1.116       880640        55040
        3440          256           2.032      1761280       110080
        3440          512           3.884      3522560       220160
        3440         1024           7.567      7045120       440320
        3440         2048          14.935     14090240       880640
        3440         4096          29.660     28180480      1761280
        3440         8192          59.042     56360960      3522560
        3760            1           0.289         7520          470
        3760            2           0.376        15040          940
        3760            4           0.656        30080         1880
        3760            8           0.574        60160         3760
        3760           16           0.581       120320         7520
        3760           32           0.644       240640        15040
        3760           64           1.004       481280        30080
        3760          128           1.292       962560        60160
        3760          256           2.236      1925120       120320
        3760          512           4.097      3850240       240640
        3760         1024           8.019      7700480       481280
        3760         2048          15.903     15400960       962560
        3760         4096          31.453     30801920      1925120
        3760         8192          62.707     61603840      3850240
        4120            1           0.276         8240          515
        4120            2           0.443        16480         1030
        4120            4           0.476        32960         2060
        4120            8           0.456        65920         4120
        4120           16           0.499       131840         8240
        4120           32           0.694       263680        16480
        4120           64           0.834       527360        32960
        4120          128           1.371      1054720        65920
        4120          256           2.397      2109440       131840
        4120          512           4.588      4218880       263680
        4120         1024           8.741      8437760       527360
        4120         2048          17.229     16875520      1054720
        4120         4096          33.810     33751040      2109440
        4520            1           0.520         9040          565
        4520            2           0.417        18080         1130
        4520            4           0.477        36160         2260
        4520            8           0.491        72320         4520
        4520           16           0.640       144640         9040
        4520           32           0.640       289280        18080
        4520           64           0.920       578560        36160
        4520          128           1.369      1157120        72320
        4520          256           2.446      2314240       144640
        4520          512           4.773      4628480       289280
        4520         1024           9.169      9256960       578560
        4520         2048          18.116     18513920      1157120
        4520         4096          35.949     37027840      2314240
        4960            1           0.678         9920          620
        4960            2           0.397        19840         1240
        4960            4           0.610        39680         2480
        4960            8           0.615        79360         4960
        4960           16           0.584       158720         9920
        4960           32           0.745       317440        19840
        4960           64           0.889       634880        39680
        4960          128           1.501      1269760        79360
        4960          256           2.582      2539520       158720
        4960          512           5.023      5079040       317440
        4960         1024           9.805     10158080       634880
        4960         2048          19.154     20316160      1269760
        4960         4096          37.874     40632320      2539520
        5440            1           1.071        10880          680
        5440            2           0.560        21760         1360
        5440            4           0.456        43520         2720
        5440            8           0.465        87040         5440
        5440           16           0.596       174080        10880
        5440           32           0.800       348160        21760
        5440           64           1.090       696320        43520
        5440          128           1.949      1392640        87040
        5440          256           3.593      2785280       174080
        5440          512           6.872      5570560       348160
        5440         1024          12.711     11141120       696320
        5440         2048          25.249     22282240      1392640
        5440         4096          50.320     44564480      2785280
        5960            1           1.423        11920          745
        5960            2           0.400        23840         1490
        5960            4           0.521        47680         2980
        5960            8           0.517        95360         5960
        5960           16           0.642       190720        11920
        5960           32           0.702       381440        23840
        5960           64           0.930       762880        47680
        5960          128           1.693      1525760        95360
        5960          256           3.152      3051520       190720
        5960          512           5.884      6103040       381440
        5960         1024          11.519     12206080       762880
        5960         2048          22.706     24412160      1525760
        5960         4096          44.882     48824320      3051520
        6520            1           0.432        13040          815
        6520            2           0.619        26080         1630
        6520            4           0.454        52160         3260
        6520            8           0.731       104320         6520
        6520           16           0.670       208640        13040
        6520           32           0.887       417280        26080
        6520           64           1.396       834560        52160
        6520          128           2.213      1669120       104320
        6520          256           4.063      3338240       208640
        6520          512           7.659      6676480       417280
        6520         1024          14.962     13352960       834560
        6520         2048          29.580     26705920      1669120
        6520         4096          58.641     53411840      3338240
        7160            1           0.417        14320          895
        7160            2           0.383        28640         1790
        7160            4           0.475        57280         3580
        7160            8           0.645       114560         7160
        7160           16           0.726       229120        14320
        7160           32           0.930       458240        28640
        7160           64           1.437       916480        57280
        7160          128           2.343      1832960       114560
        7160          256           4.261      3665920       229120
        7160          512           8.125      7331840       458240
        7160         1024          15.889     14663680       916480
        7160         2048          31.541     29327360      1832960
        7160         4096          62.364     58654720      3665920
        7840            1           0.412        15680          980
        7840            2           0.516        31360         1960
        7840            4           0.578        62720         3920
        7840            8           0.633       125440         7840
        7840           16           0.769       250880        15680
        7840           32           0.920       501760        31360
        7840           64           1.343      1003520        62720
        7840          128           2.176      2007040       125440
        7840          256           4.118      4014080       250880
        7840          512           7.747      8028160       501760
        7840         1024          15.300     16056320      1003520
        7840         2048          30.163     32112640      2007040
        8600            1           0.390        17200         1075
        8600            2           0.604        34400         2150
        8600            4           0.501        68800         4300
        8600            8           0.509       137600         8600
        8600           16           0.619       275200        17200
        8600           32           0.900       550400        34400
        8600           64           1.494      1100800        68800
        8600          128           2.436      2201600       137600
        8600          256           4.533      4403200       275200
        8600          512           8.683      8806400       550400
        8600         1024          17.147     17612800      1100800
        8600         2048          34.039     35225600      2201600
        9440            1           0.299        18880         1180
        9440            2           0.613        37760         2360
        9440            4           0.696        75520         4720
        9440            8           0.611       151040         9440
        9440           16           0.569       302080        18880
        9440           32           0.939       604160        37760
        9440           64           1.509      1208320        75520
        9440          128           2.589      2416640       151040
        9440          256           4.732      4833280       302080
        9440          512           9.022      9666560       604160
        9440         1024          17.678     19333120      1208320
        9440         2048          34.930     38666240      2416640
       10360            1           0.405        20720         1295
       10360            2           0.676        41440         2590
       10360            4           0.615        82880         5180
       10360            8           0.600       165760        10360
       10360           16           0.741       331520        20720
       10360           32           0.963       663040        41440
       10360           64           1.633      1326080        82880
       10360          128           2.839      2652160       165760
       10360          256           5.226      5304320       331520
       10360          512          10.204     10608640       663040
       10360         1024          20.055     21217280      1326080
       10360         2048          39.812     42434560      2652160
       11360            1           0.424        22720         1420
       11360            2           0.439        45440         2840
       11360            4           0.720        90880         5680
       11360            8           0.671       181760        11360
       11360           16           0.744       363520        22720
       11360           32           0.974       727040        45440
       11360           64           1.631      1454080        90880
       11360          128           2.905      2908160       181760
       11360          256           5.510      5816320       363520
       11360          512          10.741     11632640       727040
       11360         1024          20.886     23265280      1454080
       11360         2048          41.440     46530560      2908160
       12480            1           0.363        24960         1560
       12480            2           0.503        49920         3120
       12480            4           0.566        99840         6240
       12480            8           0.723       199680        12480
       12480           16           0.955       399360        24960
       12480           32           1.264       798720        49920
       12480           64           2.039      1597440        99840
       12480          128           3.427      3194880       199680
       12480          256           6.595      6389760       399360
       12480          512          12.585     12779520       798720
       12480         1024          24.971     25559040      1597440
       12480         2048          49.166     51118080      3194880
       13720            1           0.374        27440         1715
       13720            2           0.537        54880         3430
       13720            4           0.483       109760         6860
       13720            8           0.649       219520        13720
       13720           16           0.974       439040        27440
       13720           32           1.280       878080        54880
       13720           64           2.120      1756160       109760
       13720          128           3.657      3512320       219520
       13720          256           6.871      7024640       439040
       13720          512          13.475     14049280       878080
       13720         1024          27.015     28098560      1756160
       13720         2048          52.785     56197120      3512320
       15080            1           1.035        30160         1885
       15080            2           0.500        60320         3770
       15080            4           0.687       120640         7540
       15080            8           0.677       241280        15080
       15080           16           0.737       482560        30160
       15080           32           1.372       965120        60320
       15080           64           2.027      1930240       120640
       15080          128           3.829      3860480       241280
       15080          256           7.167      7720960       482560
       15080          512          13.817     15441920       965120
       15080         1024          27.288     30883840      1930240
       15080         2048          54.111     61767680      3860480
       16560            1           1.216        33120         2070
       16560            2           0.653        66240         4140
       16560            4           0.706       132480         8280
       16560            8           0.738       264960        16560
       16560           16           0.932       529920        33120
       16560           32           1.468      1059840        66240
       16560           64           2.311      2119680       132480
       16560          128           4.210      4239360       264960
       16560          256           8.066      8478720       529920
       16560          512          15.550     16957440      1059840
       16560         1024          31.009     33914880      2119680
       18200            1           1.408        36400         2275
       18200            2           0.368        72800         4550
       18200            4           0.696       145600         9100
       18200            8           0.855       291200        18200
       18200           16           1.069       582400        36400
       18200           32           1.612      1164800        72800
       18200           64           2.644      2329600       145600
       18200          128           4.762      4659200       291200
       18200          256           8.869      9318400       582400
       18200          512          17.393     18636800      1164800
       18200         1024          34.219     37273600      2329600
       20000            1           0.585        40000         2500
       20000            2           0.624        80000         5000
       20000            4           0.500       160000        10000
       20000            8           0.759       320000        20000
       20000           16           1.033       640000        40000
       20000           32           1.569      1280000        80000
       20000           64           2.761      2560000       160000
       20000          128           4.972      5120000       320000
       20000          256           9.718     10240000       640000
       20000          512          18.698     20480000      1280000
       20000         1024          37.300     40960000      2560000
       22000            1           0.435        44000         2750
       22000            2           0.729        88000         5500
       22000            4           0.709       176000        11000
       22000            8           0.806       352000        22000
       22000           16           1.136       704000        44000
       22000           32           1.680      1408000        88000
       22000           64           3.062      2816000       176000
       22000          128           5.587      5632000       352000
       22000          256          10.547     11264000       704000
       22000          512          20.940     22528000      1408000
       22000         1024          41.222     45056000      2816000
       24200            1           0.626        48400         3025
       24200            2           0.786        96800         6050
       24200            4           0.617       193600        12100
       24200            8           0.928       387200        24200
       24200           16           1.158       774400        48400
       24200           32           1.811      1548800        96800
       24200           64           3.234      3097600       193600
       24200          128           5.998      6195200       387200
       24200          256          11.554     12390400       774400
       24200          512          22.558     24780800      1548800
       24200         1024          44.773     49561600      3097600
       26600            1           0.587        53200         3325
       26600            2           0.561       106400         6650
       26600            4           0.757       212800        13300
       26600            8           0.811       425600        26600
       26600           16           1.322       851200        53200
       26600           32           2.063      1702400       106400
       26600           64           3.455      3404800       212800
       26600          128           6.553      6809600       425600
       26600          256          12.580     13619200       851200
       26600          512          24.732     27238400      1702400
       26600         1024          48.998     54476800      3404800
       29240            1           0.818        58480         3655
       29240            2           0.570       116960         7310
       29240            4           0.670       233920        14620
       29240            8           0.885       467840        29240
       29240           16           1.254       935680        58480
       29240           32           2.054      1871360       116960
       29240           64           3.855      3742720       233920
       29240          128           7.063      7485440       467840
       29240          256          13.816     14970880       935680
       29240          512          27.140     29941760      1871360
       29240         1024          53.964     59883520      3742720
       32160            1           1.003        64320         4020
       32160            2           0.479       128640         8040
       32160            4           0.637       257280        16080
       32160            8           0.885       514560        32160
       32160           16           1.454      1029120        64320
       32160           32           2.321      2058240       128640
       32160           64           4.030      4116480       257280
       32160          128           7.472      8232960       514560
       32160          256          14.639     16465920      1029120
       32160          512          28.998     32931840      2058240
       35360            1           0.549        70720         4420
       35360            2           0.722       141440         8840
       35360            4           0.755       282880        17680
       35360            8           0.946       565760        35360
       35360           16           1.525      1131520        70720
       35360           32           2.375      2263040       141440
       35360           64           4.508      4526080       282880
       35360          128           8.385      9052160       565760
       35360          256          16.400     18104320      1131520
       35360          512          32.167     36208640      2263040
       38880            1           2.175        77760         4860
       38880            2           0.512       155520         9720
       38880            4           0.763       311040        19440
       38880            8           1.043       622080        38880
       38880           16           1.589      1244160        77760
       38880           32           2.671      2488320       155520
       38880           64           4.813      4976640       311040
       38880          128           9.108      9953280       622080
       38880          256          17.712     19906560      1244160
       38880          512          35.188     39813120      2488320
       42760            1           1.295        85520         5345
       42760            2           0.637       171040        10690
       42760            4           0.918       342080        21380
       42760            8           1.067       684160        42760
       42760           16           1.718      1368320        85520
       42760           32           2.921      2736640       171040
       42760           64           5.287      5473280       342080
       42760          128          10.177     10946560       684160
       42760          256          19.661     21893120      1368320
       42760          512          38.826     43786240      2736640
       47000            1           0.741        94000         5875
       47000            2           0.632       188000        11750
       47000            4           0.903       376000        23500
       47000            8           1.271       752000        47000
       47000           16           1.901      1504000        94000
       47000           32           3.146      3008000       188000
       47000           64           5.636      6016000       376000
       47000          128          10.801     12032000       752000
       47000          256          21.346     24064000      1504000
       47000          512          42.332     48128000      3008000
       51680            1           1.787       103360         6460
       51680            2           0.673       206720        12920
       51680            4           0.979       413440        25840
       51680            8           1.304       826880        51680
       51680           16           2.111      1653760       103360
       51680           32           3.408      3307520       206720
       51680           64           6.126      6615040       413440
       51680          128          11.777     13230080       826880
       51680          256          23.239     26460160      1653760
       51680          512          45.933     52920320      3307520
       56840            1           1.235       113680         7105
       56840            2           0.723       227360        14210
       56840            4           1.021       454720        28420
       56840            8           1.320       909440        56840
       56840           16           2.147      1818880       113680
       56840           32           3.697      3637760       227360
       56840           64           6.925      7275520       454720
       56840          128          13.021     14551040       909440
       56840          256          25.648     29102080      1818880
       56840          512          50.822     58204160      3637760
       62520            1           1.183       125040         7815
       62520            2           0.774       250080        15630
       62520            4           1.021       500160        31260
       62520            8           1.608      1000320        62520
       62520           16           2.265      2000640       125040
       62520           32           4.103      4001280       250080
       62520           64           7.420      8002560       500160
       62520          128          14.514     16005120      1000320
       62520          256          28.336     32010240      2000640
       68760            1           1.035       137520         8595
       68760            2           0.776       275040        17190
       68760            4           1.020       550080        34380
       68760            8           1.471      1100160        68760
       68760           16           2.504      2200320       137520
       68760           32           4.349      4400640       275040
       68760           64           8.065      8801280       550080
       68760          128          15.614     17602560      1100160
       68760          256          30.686     35205120      2200320
       75600            1           1.936       151200         9450
       75600            2           0.808       302400        18900
       75600            4           1.105       604800        37800
       75600            8           1.735      1209600        75600
       75600           16           2.677      2419200       151200
       75600           32           4.733      4838400       302400
       75600           64           8.815      9676800       604800
       75600          128          17.182     19353600      1209600
       75600          256          33.677     38707200      2419200
       83160            1           2.130       166320        10395
       83160            2           0.926       332640        20790
       83160            4           1.241       665280        41580
       83160            8           1.707      1330560        83160
       83160           16           2.897      2661120       166320
       83160           32           5.162      5322240       332640
       83160           64           9.785     10644480       665280
       83160          128          18.858     21288960      1330560
       83160          256          36.972     42577920      2661120
       91440            1           1.454       182880        11430
       91440            2           0.971       365760        22860
       91440            4           1.335       731520        45720
       91440            8           1.908      1463040        91440
       91440           16           3.173      2926080       182880
       91440           32           5.579      5852160       365760
       91440           64          10.625     11704320       731520
       91440          128          20.638     23408640      1463040
       91440          256          40.611     46817280      2926080
      100560            1           1.661       201120        12570
      100560            2           1.060       402240        25140
      100560            4           1.386       804480        50280
      100560            8           2.036      1608960       100560
      100560           16           3.438      3217920       201120
      100560           32           6.169      6435840       402240
      100560           64          11.614     12871680       804480
      100560          128          22.595     25743360      1608960
      100560          256          44.471     51486720      3217920
      110600            1           2.617       221200        13825
      110600            2           0.952       442400        27650
      110600            4           1.549       884800        55300
      110600            8           2.198      1769600       110600
      110600           16           3.667      3539200       221200
      110600           32           6.741      7078400       442400
      110600           64          12.779     14156800       884800
      110600          128          24.849     28313600      1769600
      110600          256          53.394     56627200      3539200
      121640            1           2.151       243280        15205
      121640            2           0.967       486560        30410
      121640            4           1.609       973120        60820
      121640            8           2.301      1946240       121640
      121640           16           4.037      3892480       243280
      121640           32           7.306      7784960       486560
      121640           64          13.989     15569920       973120
      121640          128          27.306     31139840      1946240
      133800            1           2.180       267600        16725
      133800            2           1.101       535200        33450
      133800            4           1.645      1070400        66900
      133800            8           2.570      2140800       133800
      133800           16           4.433      4281600       267600
      133800           32           8.222      8563200       535200
      133800           64          15.635     17126400      1070400
      133800          128          30.546     34252800      2140800
      147160            1           2.810       294320        18395
      147160            2           1.332       588640        36790
      147160            4           1.829      1177280        73580
      147160            8           2.921      2354560       147160
      147160           16           4.816      4709120       294320
      147160           32           8.845      9418240       588640
      147160           64          17.040     18836480      1177280
      147160          128          33.503     37672960      2354560
      161840            1           2.421       323680        20230
      161840            2           1.517       647360        40460
      161840            4           1.959      1294720        80920
      161840            8           3.069      2589440       161840
      161840           16           5.316      5178880       323680
      161840           32           9.878     10357760       647360
      161840           64          18.841     20715520      1294720
      161840          128          37.138     41431040      2589440
      178000            1           2.617       356000        22250
      178000            2           1.510       712000        44500
      178000            4           2.598      1424000        89000
      178000            8           4.167      2848000       178000
      178000           16           7.959      5696000       356000
      178000           32          15.046     11392000       712000
      178000           64          29.285     22784000      1424000
      178000          128          57.505     45568000      2848000
      195800            1           3.024       391600        24475
      195800            2           1.788       783200        48950
      195800            4           2.918      1566400        97900
      195800            8           5.065      3132800       195800
      195800           16           9.168      6265600       391600
      195800           32          18.016     12531200       783200
      195800           64          35.074     25062400      1566400
      195800          128          69.463     50124800      3132800
      215360            1           3.127       430720        26920
      215360            2           2.150       861440        53840
      215360            4           3.204      1722880       107680
      215360            8           5.454      3445760       215360
      215360           16          10.294      6891520       430720
      215360           32          19.899     13783040       861440
      215360           64          38.970     27566080      1722880
      215360          128          92.169     55132160      3445760
      236880            1           2.902       473760        29610
      236880            2           2.222       947520        59220
      236880            4           3.536      1895040       118440
      236880            8           6.154      3790080       236880
      236880           16          11.340      7580160       473760
      236880           32          21.845     15160320       947520
      236880           64          42.586     30320640      1895040
      236880          128          84.450     60641280      3790080
      260560            1           3.938       521120        32570
      260560            2           2.260      1042240        65140
      260560            4           3.819      2084480       130280
      260560            8           6.696      4168960       260560
      260560           16          12.412      8337920       521120
      260560           32          24.000     16675840      1042240
      260560           64          46.993     33351680      2084480
      286600            1           3.883       573200        35825
      286600            2           2.573      1146400        71650
      286600            4           4.063      2292800       143300
      286600            8           7.374      4585600       286600
      286600           16          13.623      9171200       573200
      286600           32          26.111     18342400      1146400
      286600           64          51.356     36684800      2292800
      315240            1           4.431       630480        39405
      315240            2           2.585      1260960        78810
      315240            4           4.538      2521920       157620
      315240            8           7.844      5043840       315240
      315240           16          15.030     10087680       630480
      315240           32          28.717     20175360      1260960
      315240           64          56.376     40350720      2521920
      346760            1           4.746       693520        43345
      346760            2           3.068      1387040        86690
      346760            4           4.936      2774080       173380
      346760            8           8.748      5548160       346760
      346760           16          16.344     11096320       693520
      346760           32          31.572     22192640      1387040
      346760           64          61.955     44385280      2774080
      381400            1           4.707       762800        47675
      381400            2           3.266      1525600        95350
      381400            4           5.371      3051200       190700
      381400            8           9.590      6102400       381400
      381400           16          17.936     12204800       762800
      381400           32          34.670     24409600      1525600
      381400           64          68.457     48819200      3051200
      419520            1           5.321       839040        52440
      419520            2           3.493      1678080       104880
      419520            4           5.924      3356160       209760
      419520            8          10.510      6712320       419520
      419520           16          19.634     13424640       839040
      419520           32          37.886     26849280      1678080
      419520           64          74.576     53698560      3356160
      461440            1           8.578       922880        57680
      461440            2           3.720      1845760       115360
      461440            4           6.421      3691520       230720
      461440            8          11.437      7383040       461440
      461440           16          21.666     14766080       922880
      461440           32          41.947     29532160      1845760
      461440           64          82.594     59064320      3691520
      507560            1           7.056      1015120        63445
      507560            2           4.263      2030240       126890
      507560            4           7.068      4060480       253780
      507560            8          12.445      8120960       507560
      507560           16          23.602     16241920      1015120
      507560           32          45.670     32483840      2030240
      558280            1           8.638      1116560        69785
      558280            2           4.592      2233120       139570
      558280            4           7.581      4466240       279140
      558280            8          13.772      8932480       558280
      558280           16          26.014     17864960      1116560
      558280           32          50.683     35729920      2233120
      614080            1           9.113      1228160        76760
      614080            2           5.069      2456320       153520
      614080            4           8.406      4912640       307040
      614080            8          14.957      9825280       614080
      614080           16          28.492     19650560      1228160
      614080           32          55.410     39301120      2456320
      675480            1          10.448      1350960        84435
      675480            2           5.379      2701920       168870
      675480            4           9.147      5403840       337740
      675480            8          16.467     10807680       675480
      675480           16          31.211     21615360      1350960
      675480           32          60.646     43230720      2701920
      743000            1          10.937      1486000        92875
      743000            2           6.005      2972000       185750
      743000            4           9.986      5944000       371500
      743000            8          18.091     11888000       743000
      743000           16          34.367     23776000      1486000
      743000           32          66.989     47552000      2972000
      817280            1          12.061      1634560       102160
      817280            2           6.330      3269120       204320
      817280            4          10.986      6538240       408640
      817280            8          19.819     13076480       817280
      817280           16          37.774     26152960      1634560
      817280           32          73.300     52305920      3269120
      899000            1          14.014      1798000       112375
      899000            2           6.882      3596000       224750
      899000            4          28.889      7192000       449500
      899000            8          21.528     14384000       899000
      899000           16          40.964     28768000      1798000
      899000           32          79.893     57536000      3596000
      988880            1          14.566      1977760       123610
      988880            2           7.768      3955520       247220
      988880            4          13.157      7911040       494440
      988880            8          23.970     15822080       988880
      988880           16          45.427     31644160      1977760
     1087760            1          15.806      2175520       135970
     1087760            2           8.519      4351040       271940
     1087760            4          14.370      8702080       543880
     1087760            8          26.284     17404160      1087760
     1087760           16          50.085     34808320      2175520
     1196520            1          18.104      2393040       149565
     1196520            2           9.044      4786080       299130
     1196520            4          15.998      9572160       598260
     1196520            8          28.821     19144320      1196520
     1196520           16          54.987     38288640      2393040
     1316160            1          19.015      2632320       164520
     1316160            2          10.247      5264640       329040
     1316160            4          17.348     10529280       658080
     1316160            8          31.629     21058560      1316160
     1316160           16          60.346     42117120      2632320
     1447760            1          21.199      2895520       180970
     1447760            2          11.303      5791040       361940
     1447760            4          19.074     11582080       723880
     1447760            8          34.813     23164160      1447760
     1447760           16          66.351     46328320      2895520
     1592520            1          22.244      3185040       199065
     1592520            2          12.353      6370080       398130
     1592520            4          20.919     12740160       796260
     1592520            8          38.250     25480320      1592520
     1592520           16          72.957     50960640      3185040
     1751760            1          24.993      3503520       218970
     1751760            2          13.255      7007040       437940
     1751760            4          22.932     14014080       875880
     1751760            8          41.991     28028160      1751760
     1751760           16          80.240     56056320      3503520
     1926920            1          27.589      3853840       240865
     1926920            2          14.638      7707680       481730
     1926920            4          25.207     15415360       963460
     1926920            8          46.182     30830720      1926920
     1926920           16          88.064     61661440      3853840
     2119600            1          29.907      4239200       264950
     2119600            2          16.127      8478400       529900
     2119600            4          27.698     16956800      1059800
     2119600            8          50.769     33913600      2119600
     2331560            1          32.493      4663120       291445
     2331560            2          17.902      9326240       582890
     2331560            4          30.265     18652480      1165780
     2331560            8          55.726     37304960      2331560
     2564680            1          37.204      5129360       320585
     2564680            2          20.647     10258720       641170
     2564680            4          33.478     20517440      1282340
     2564680            8          61.251     41034880      2564680
     2821120            1          39.335      5642240       352640
     2821120            2          23.653     11284480       705280
     2821120            4          36.833     22568960      1410560
     2821120            8          68.016     45137920      2821120
     3103200            1          43.058      6206400       387900
     3103200            2          26.650     12412800       775800
     3103200            4          41.211     24825600      1551600
     3103200            8          76.307     49651200      3103200
     3413520            1          47.166      6827040       426690
     3413520            2          29.070     13654080       853380
     3413520            4          45.490     27308160      1706760
     3413520            8          83.770     54616320      3413520
     3754840            1          53.062      7509680       469355
     3754840            2          32.834     15019360       938710
     3754840            4          51.298     30038720      1877420
     3754840            8          93.288     60077440      3754840
     4130320            1          56.752      8260640       516290
     4130320            2          40.195     16521280      1032580
     4130320            4          59.854     33042560      2065160
     4543320            1          61.100      9086640       567915
     4543320            2          46.413     18173280      1135830
     4543320            4          69.883     36346560      2271660
     4997640            1          63.830      9995280       624705
     4997640            2          54.912     19990560      1249410
     4997640            4          81.782     39981120      2498820
     5497400            1          65.919     10994800       687175
     5497400            2          67.634     21989600      1374350
     5497400            4          97.456     43979200      2748700
     6047120            1          68.072     12094240       755890
     6047120            2          79.581     24188480      1511780
     6047120            4         113.013     48376960      3023560
     6651800            1          72.095     13303600       831475
     6651800            2          97.403     26607200      1662950
     6651800            4         141.372     53214400      3325900
     7316960            1          77.993     14633920       914620
     7316960            2         114.633     29267840      1829240
     7316960            4         168.739     58535680      3658480
     8048640            1          82.477     16097280      1006080
     8048640            2         133.825     32194560      2012160
     8853480            1          90.613     17706960      1106685
     8853480            2         152.142     35413920      2213370
     9738800            1          99.279     19477600      1217350
     9738800            2         169.975     38955200      2434700
    10712680            1         109.182     21425360      1339085
    10712680            2         185.853     42850720      2678170
    11783920            1         129.160     23567840      1472990
    11783920            2         206.941     47135680      2945980
    12962280            1         133.455     25924560      1620285
    12962280            2         230.067     51849120      3240570
    14258480            1         151.084     28516960      1782310
    14258480            2         256.035     57033920      3564620
    15684320            1         167.015     31368640      1960540
    17252720            1         192.638     34505440      2156590
    18977960            1         210.165     37955920      2372245
    20875720            1         246.028     41751440      2609465
    22963280            1         280.687     45926560      2870410
    25259600            1         325.398     50519200      3157450
    27785560            1         384.023     55571120      3473195
    30564080            1         438.476     61128160      3820510

META_DATA
FLOPS          1
OPENMP_THREADS 5
ERT_VERSION  1.1.0
HOSTNAME  ('cirrus4.computing.clemson.edu', ['cirrus4'], ['127.0.1.1'])
UNAME  uname_result(system='Linux', node='cirrus4.computing.clemson.edu', release='5.4.0-81-generic', version='#91-Ubuntu SMP Thu Jul 15 19:09:17 UTC 2021', machine='x86_64', processor='x86_64')
TIMESTAMP_DATA  1632245392.5234509
CONFIG  {'ERT_RESULTS': ['Results.cs.clemson.edu'], 'ERT_DRIVER': ['driver1'], 'ERT_KERNEL': ['kernel1'], 'ERT_MPI': ['False'], 'ERT_MPI_CFLAGS': [], 'ERT_MPI_LDFLAGS': [], 'ERT_OPENMP': ['True'], 'ERT_OPENMP_CFLAGS': ['-fopenmp'], 'ERT_OPENMP_LDFLAGS': ['-fopenmp'], 'ERT_FLOPS': ['1,2,4'], 'ERT_ALIGN': ['32'], 'ERT_CC': ['g++'], 'ERT_CFLAGS': ['-O3', '-std=c++11', '-fstrict-aliasing', '-march=native'], 'ERT_LD': ['g++'], 'ERT_LDFLAGS': [], 'ERT_LDLIBS': [], 'ERT_PRECISION': ['FP64'], 'ERT_RUN': ['export', 'OMP_NUM_THREADS=ERT_OPENMP_THREADS;', 'export', 'OMP_PLACES=threads;', 'export', 'OMP_PROC_BIND=spread;', './ERT_CODE'], 'ERT_PROCS_THREADS': ['8'], 'ERT_MPI_PROCS': ['2,4,8'], 'ERT_OPENMP_THREADS': ['1-8'], 'ERT_NUM_EXPERIMENTS': ['5'], 'ERT_MEMORY_MAX': ['31000000'], 'ERT_WORKING_SET_MIN': ['1'], 'ERT_TRIALS_MIN': ['1'], 'ERT_GNUPLOT': ['gnuplot'], 'ERT_GPU': [False], 'ERT_HIP': [False], 'ERT_OCL': [False], 'ERT_SYCL': [False], 'ERT_WSS_MULT': [1.1]}
