fp64
          40            1           1.860           80            5
          40            2           0.730          160           10
          40            4           0.860          320           20
          40            8           0.848          640           40
          40           16           0.935         1280           80
          40           32           0.920         2560          160
          40           64           0.908         5120          320
          40          128           1.383        10240          640
          40          256           2.237        20480         1280
          40          512           3.719        40960         2560
          40         1024           6.786        81920         5120
          40         2048          12.649       163840        10240
          40         4096          25.032       327680        20480
          40         8192          49.054       655360        40960
          40        16384          97.342      1310720        81920
          40        32768         193.908      2621440       163840
          40        65536         387.171      5242880       327680
          40       131072         784.028     10485760       655360
          40       262144        1546.711     20971520      1310720
          40       524288        3121.507     41943040      2621440
          80            1           1.125          160           10
          80            2           0.782          320           20
          80            4           0.675          640           40
          80            8           0.849         1280           80
          80           16           0.855         2560          160
          80           32           0.894         5120          320
          80           64           1.055        10240          640
          80          128           1.659        20480         1280
          80          256           2.021        40960         2560
          80          512           3.738        81920         5120
          80         1024           6.795       163840        10240
          80         2048          13.260       327680        20480
          80         4096          25.553       655360        40960
          80         8192          50.690      1310720        81920
          80        16384         100.678      2621440       163840
          80        32768         200.590      5242880       327680
          80        65536         400.828     10485760       655360
          80       131072         800.772     20971520      1310720
          80       262144        1609.306     41943040      2621440
         120            1           0.764          240           15
         120            2           0.764          480           30
         120            4           0.899          960           60
         120            8           0.673         1920          120
         120           16           0.776         3840          240
         120           32           0.881         7680          480
         120           64           1.079        15360          960
         120          128           1.607        30720         1920
         120          256           2.266        61440         3840
         120          512           3.730       122880         7680
         120         1024           6.949       245760        15360
         120         2048          13.081       491520        30720
         120         4096          25.527       983040        61440
         120         8192          50.270      1966080       122880
         120        16384          99.608      3932160       245760
         120        32768         198.387      7864320       491520
         120        65536         396.529     15728640       983040
         120       131072         792.296     31457280      1966080
         160            1           1.232          320           20
         160            2           0.751          640           40
         160            4           0.555         1280           80
         160            8           0.635         2560          160
         160           16           0.522         5120          320
         160           32           0.533        10240          640
         160           64           0.644        20480         1280
         160          128           1.142        40960         2560
         160          256           1.653        81920         5120
         160          512           2.733       163840        10240
         160         1024           4.783       327680        20480
         160         2048           8.724       655360        40960
         160         4096          16.815      1310720        81920
         160         8192          33.454      2621440       163840
         160        16384          66.410      5242880       327680
         160        32768         132.308     10485760       655360
         160        65536         270.699     20971520      1310720
         160       131072         528.020     41943040      2621440
         200            1           0.586          400           25
         200            2           0.412          800           50
         200            4           0.651         1600          100
         200            8           0.623         3200          200
         200           16           0.695         6400          400
         200           32           0.642        12800          800
         200           64           0.978        25600         1600
         200          128           1.134        51200         3200
         200          256           1.696       102400         6400
         200          512           2.709       204800        12800
         200         1024           4.478       409600        25600
         200         2048           8.904       819200        51200
         200         4096          16.995      1638400       102400
         200         8192          33.606      3276800       204800
         200        16384          66.571      6553600       409600
         200        32768         132.719     13107200       819200
         200        65536         264.855     26214400      1638400
         200       131072         530.996     52428800      3276800
         240            1           0.830          480           30
         240            2           0.640          960           60
         240            4           0.510         1920          120
         240            8           0.901         3840          240
         240           16           0.679         7680          480
         240           32           0.804        15360          960
         240           64           0.963        30720         1920
         240          128           1.024        61440         3840
         240          256           1.414       122880         7680
         240          512           2.665       245760        15360
         240         1024           4.775       491520        30720
         240         2048           8.952       983040        61440
         240         4096          17.172      1966080       122880
         240         8192          33.837      3932160       245760
         240        16384          67.000      7864320       491520
         240        32768         133.353     15728640       983040
         240        65536         266.210     31457280      1966080
         280            1           1.063          560           35
         280            2           0.624         1120           70
         280            4           0.764         2240          140
         280            8           0.864         4480          280
         280           16           0.781         8960          560
         280           32           0.798        17920         1120
         280           64           0.906        35840         2240
         280          128           2.389        71680         4480
         280          256           1.944       143360         8960
         280          512           3.068       286720        17920
         280         1024           5.540       573440        35840
         280         2048           8.855      1146880        71680
         280         4096          17.147      2293760       143360
         280         8192          33.886      4587520       286720
         280        16384          66.984      9175040       573440
         280        32768         133.378     18350080      1146880
         280        65536         266.089     36700160      2293760
         320            1           0.625          640           40
         320            2           0.437         1280           80
         320            4           0.533         2560          160
         320            8           0.633         5120          320
         320           16           0.718        10240          640
         320           32           0.713        20480         1280
         320           64           0.867        40960         2560
         320          128           1.165        81920         5120
         320          256           1.619       163840        10240
         320          512           2.783       327680        20480
         320         1024           4.995       655360        40960
         320         2048           9.334      1310720        81920
         320         4096          18.014      2621440       163840
         320         8192          35.402      5242880       327680
         320        16384          70.168     10485760       655360
         320        32768         139.371     20971520      1310720
         320        65536         290.687     41943040      2621440
         360            1           0.724          720           45
         360            2           0.419         1440           90
         360            4           0.609         2880          180
         360            8           0.649         5760          360
         360           16           0.740        11520          720
         360           32           0.524        23040         1440
         360           64           0.929        46080         2880
         360          128           1.199        92160         5760
         360          256           1.593       184320        11520
         360          512           2.658       368640        23040
         360         1024           4.951       737280        46080
         360         2048          27.396      1474560        92160
         360         4096          18.189      2949120       184320
         360         8192          35.726      5898240       368640
         360        16384          70.754     11796480       737280
         360        32768         140.344     23592960      1474560
         360        65536         281.999     47185920      2949120
         400            1           0.539          800           50
         400            2           0.558         1600          100
         400            4           0.711         3200          200
         400            8           0.598         6400          400
         400           16           0.892        12800          800
         400           32           0.834        25600         1600
         400           64           0.916        51200         3200
         400          128           1.035       102400         6400
         400          256           1.782       204800        12800
         400          512           2.863       409600        25600
         400         1024          17.574       819200        51200
         400         2048          21.717      1638400       102400
         400         4096          18.131      3276800       204800
         400         8192          35.374      6553600       409600
         400        16384          70.341     13107200       819200
         400        32768         140.291     26214400      1638400
         400        65536         283.516     52428800      3276800
         440            1           1.211          880           55
         440            2           0.762         1760          110
         440            4           0.712         3520          220
         440            8           0.655         7040          440
         440           16           0.852        14080          880
         440           32           0.728        28160         1760
         440           64           0.824        56320         3520
         440          128           1.163       112640         7040
         440          256           1.629       225280        14080
         440          512           2.737       450560        28160
         440         1024           4.974       901120        56320
         440         2048           9.489      1802240       112640
         440         4096          18.162      3604480       225280
         440         8192          35.565      7208960       450560
         440        16384          70.698     14417920       901120
         440        32768         140.661     28835840      1802240
         440        65536         280.419     57671680      3604480
         480            1           1.007          960           60
         480            2           0.678         1920          120
         480            4           0.603         3840          240
         480            8           0.698         7680          480
         480           16           0.704        15360          960
         480           32           0.731        30720         1920
         480           64           0.649        61440         3840
         480          128           0.883       122880         7680
         480          256           1.276       245760        15360
         480          512           1.870       491520        30720
         480         1024           3.467       983040        61440
         480         2048           6.501      1966080       122880
         480         4096          12.439      3932160       245760
         480         8192          24.190      7864320       491520
         480        16384          47.878     15728640       983040
         480        32768          95.105     31457280      1966080
         520            1           1.293         1040           65
         520            2           0.684         2080          130
         520            4           0.639         4160          260
         520            8           0.705         8320          520
         520           16           0.718        16640         1040
         520           32           0.737        33280         2080
         520           64           0.636        66560         4160
         520          128           1.009       133120         8320
         520          256           1.306       266240        16640
         520          512           2.089       532480        33280
         520         1024           3.373      1064960        66560
         520         2048           6.609      2129920       133120
         520         4096          12.508      4259840       266240
         520         8192          24.355      8519680       532480
         520        16384          48.293     17039360      1064960
         520        32768          96.079     34078720      2129920
         560            1           0.834         1120           70
         560            2           0.396         2240          140
         560            4           0.485         4480          280
         560            8           0.700         8960          560
         560           16           0.689        17920         1120
         560           32           0.700        35840         2240
         560           64           0.582        71680         4480
         560          128           0.993       143360         8960
         560          256           1.374       286720        17920
         560          512           1.938       573440        35840
         560         1024           3.393      1146880        71680
         560         2048           6.371      2293760       143360
         560         4096          12.440      4587520       286720
         560         8192          24.351      9175040       573440
         560        16384          47.712     18350080      1146880
         560        32768          95.584     36700160      2293760
         600            1           0.627         1200           75
         600            2           0.461         2400          150
         600            4           0.697         4800          300
         600            8           0.545         9600          600
         600           16           0.538        19200         1200
         600           32           0.737        38400         2400
         600           64           0.749        76800         4800
         600          128           0.939       153600         9600
         600          256           1.264       307200        19200
         600          512           1.896       614400        38400
         600         1024           3.390      1228800        76800
         600         2048           6.590      2457600       153600
         600         4096          12.310      4915200       307200
         600         8192          24.400      9830400       614400
         600        16384          48.336     19660800      1228800
         600        32768          96.255     39321600      2457600
         640            1           0.584         1280           80
         640            2           0.525         2560          160
         640            4           0.603         5120          320
         640            8           0.444        10240          640
         640           16          16.185        20480         1280
         640           32           0.562        40960         2560
         640           64           0.799        81920         5120
         640          128           1.046       163840        10240
         640          256           1.362       327680        20480
         640          512           2.049       655360        40960
         640         1024           3.361      1310720        81920
         640         2048           6.358      2621440       163840
         640         4096          12.483      5242880       327680
         640         8192          24.479     10485760       655360
         640        16384          47.957     20971520      1310720
         640        32768          96.465     41943040      2621440
         680            1           1.190         1360           85
         680            2           0.534         2720          170
         680            4           0.688         5440          340
         680            8           0.621        10880          680
         680           16           0.781        21760         1360
         680           32           0.791        43520         2720
         680           64           0.861        87040         5440
         680          128           0.973       174080        10880
         680          256           1.428       348160        21760
         680          512           2.141       696320        43520
         680         1024           3.808      1392640        87040
         680         2048           7.026      2785280       174080
         680         4096          13.641      5570560       348160
         680         8192          27.011     11141120       696320
         680        16384          53.403     22282240      1392640
         680        32768         106.300     44564480      2785280
         720            1           0.414         1440           90
         720            2           0.533         2880          180
         720            4           0.615         5760          360
         720            8           0.750        11520          720
         720           16           0.575        23040         1440
         720           32           0.601        46080         2880
         720           64           0.927        92160         5760
         720          128           0.832       184320        11520
         720          256           1.232       368640        23040
         720          512           2.277       737280        46080
         720         1024           4.176      1474560        92160
         720         2048           7.850      2949120       184320
         720         4096          15.119      5898240       368640
         720         8192          29.790     11796480       737280
         720        16384          59.228     23592960      1474560
         720        32768         117.897     47185920      2949120
         760            1           0.971         1520           95
         760            2           0.516         3040          190
         760            4           0.746         6080          380
         760            8           0.584        12160          760
         760           16           0.581        24320         1520
         760           32           0.686        48640         3040
         760           64           0.746        97280         6080
         760          128           1.099       194560        12160
         760          256           1.287       389120        24320
         760          512           2.275       778240        48640
         760         1024           4.163      1556480        97280
         760         2048           8.099      3112960       194560
         760         4096          15.775      6225920       389120
         760         8192          31.365     12451840       778240
         760        16384          62.358     24903680      1556480
         760        32768         124.389     49807360      3112960
         800            1           0.744         1600          100
         800            2           0.468         3200          200
         800            4           0.623         6400          400
         800            8           0.707        12800          800
         800           16           0.550        25600         1600
         800           32           0.644        51200         3200
         800           64           0.828       102400         6400
         800          128           0.838       204800        12800
         800          256           1.300       409600        25600
         800          512           2.038       819200        51200
         800         1024           3.905      1638400       102400
         800         2048           7.246      3276800       204800
         800         4096          13.839      6553600       409600
         800         8192          27.380     13107200       819200
         800        16384          54.311     26214400      1638400
         800        32768         108.073     52428800      3276800
         880            1           0.709         1760          110
         880            2           0.539         3520          220
         880            4           0.745         7040          440
         880            8           0.737        14080          880
         880           16           0.577        28160         1760
         880           32           0.785        56320         3520
         880           64           0.644       112640         7040
         880          128           0.974       225280        14080
         880          256           1.261       450560        28160
         880          512           2.335       901120        56320
         880         1024           4.307      1802240       112640
         880         2048           8.270      3604480       225280
         880         4096          16.040      7208960       450560
         880         8192          31.300     14417920       901120
         880        16384          62.539     28835840      1802240
         880        32768         133.817     57671680      3604480
         960            1           0.841         1920          120
         960            2           0.334         3840          240
         960            4           0.680         7680          480
         960            8           0.695        15360          960
         960           16           0.696        30720         1920
         960           32           0.602        61440         3840
         960           64           0.667       122880         7680
         960          128           0.715       245760        15360
         960          256           1.462       491520        30720
         960          512           2.488       983040        61440
         960         1024           4.355      1966080       122880
         960         2048           8.750      3932160       245760
         960         4096          17.187      7864320       491520
         960         8192          33.771     15728640       983040
         960        16384          66.923     31457280      1966080
        1040            1           0.388         2080          130
        1040            2           0.490         4160          260
        1040            4           0.517         8320          520
        1040            8           0.784        16640         1040
        1040           16           0.657        33280         2080
        1040           32           0.636        66560         4160
        1040           64           0.770       133120         8320
        1040          128           0.914       266240        16640
        1040          256           1.495       532480        33280
        1040          512           2.641      1064960        66560
        1040         1024           5.036      2129920       133120
        1040         2048           9.502      4259840       266240
        1040         4096          18.550      8519680       532480
        1040         8192          36.919     17039360      1064960
        1040        16384          73.439     34078720      2129920
        1120            1           0.610         2240          140
        1120            2           0.520         4480          280
        1120            4           0.545         8960          560
        1120            8           0.523        17920         1120
        1120           16           0.746        35840         2240
        1120           32           0.697        71680         4480
        1120           64           0.702       143360         8960
        1120          128           1.014       286720        17920
        1120          256           1.549       573440        35840
        1120          512           2.729      1146880        71680
        1120         1024           4.820      2293760       143360
        1120         2048           9.490      4587520       286720
        1120         4096          18.923      9175040       573440
        1120         8192          37.268     18350080      1146880
        1120        16384          74.321     36700160      2293760
        1200            1           0.868         2400          150
        1200            2           0.552         4800          300
        1200            4           0.776         9600          600
        1200            8           0.505        19200         1200
        1200           16           0.555        38400         2400
        1200           32           0.550        76800         4800
        1200           64           0.820       153600         9600
        1200          128           1.095       307200        19200
        1200          256           1.542       614400        38400
        1200          512           2.758      1228800        76800
        1200         1024           5.184      2457600       153600
        1200         2048           9.872      4915200       307200
        1200         4096          19.535      9830400       614400
        1200         8192          38.313     19660800      1228800
        1200        16384          76.435     39321600      2457600
        1320            1           0.789         2640          165
        1320            2           0.596         5280          330
        1320            4           0.707        10560          660
        1320            8           0.776        21120         1320
        1320           16           0.531        42240         2640
        1320           32           0.700        84480         5280
        1320           64           0.741       168960        10560
        1320          128           1.053       337920        21120
        1320          256           1.698       675840        42240
        1320          512           2.961      1351680        84480
        1320         1024           5.400      2703360       168960
        1320         2048          10.616      5406720       337920
        1320         4096          28.139     10813440       675840
        1320         8192          30.436     21626880      1351680
        1320        16384          60.385     43253760      2703360
        1440            1           1.022         2880          180
        1440            2           0.349         5760          360
        1440            4           0.577        11520          720
        1440            8           0.566        23040         1440
        1440           16           0.546        46080         2880
        1440           32           0.578        92160         5760
        1440           64           0.598       184320        11520
        1440          128           0.898       368640        23040
        1440          256           1.382       737280        46080
        1440          512           2.615      1474560        92160
        1440         1024           4.541      2949120       184320
        1440         2048           8.627      5898240       368640
        1440         4096          17.095     11796480       737280
        1440         8192          33.627     23592960      1474560
        1440        16384          66.649     47185920      2949120
        1560            1           0.700         3120          195
        1560            2           0.655         6240          390
        1560            4           0.544        12480          780
        1560            8           0.560        24960         1560
        1560           16           0.555        49920         3120
        1560           32           0.584        99840         6240
        1560           64           0.650       199680        12480
        1560          128           1.001       399360        24960
        1560          256           1.416       798720        49920
        1560          512           2.430      1597440        99840
        1560         1024           4.598      3194880       199680
        1560         2048           8.851      6389760       399360
        1560         4096          17.454     12779520       798720
        1560         8192          34.421     25559040      1597440
        1560        16384          68.328     51118080      3194880
        1680            1           0.565         3360          210
        1680            2           0.294         6720          420
        1680            4           0.623        13440          840
        1680            8           0.679        26880         1680
        1680           16           0.586        53760         3360
        1680           32           0.622       107520         6720
        1680           64           0.657       215040        13440
        1680          128           0.859       430080        26880
        1680          256           1.449       860160        53760
        1680          512           2.556      1720320       107520
        1680         1024           4.859      3440640       215040
        1680         2048           9.447      6881280       430080
        1680         4096          18.419     13762560       860160
        1680         8192          36.411     27525120      1720320
        1680        16384          72.410     55050240      3440640
        1840            1           1.082         3680          230
        1840            2           0.427         7360          460
        1840            4           0.747        14720          920
        1840            8           0.553        29440         1840
        1840           16           0.556        58880         3680
        1840           32           0.604       117760         7360
        1840           64           0.716       235520        14720
        1840          128           0.845       471040        29440
        1840          256           1.535       942080        58880
        1840          512           2.809      1884160       117760
        1840         1024           5.366      3768320       235520
        1840         2048           9.915      7536640       471040
        1840         4096          19.620     15073280       942080
        1840         8192          38.757     30146560      1884160
        1840        16384          77.187     60293120      3768320
        2000            1           1.136         4000          250
        2000            2           0.523         8000          500
        2000            4           0.512        16000         1000
        2000            8           0.721        32000         2000
        2000           16           0.598        64000         4000
        2000           32           0.650       128000         8000
        2000           64           0.770       256000        16000
        2000          128           1.283       512000        32000
        2000          256           1.649      1024000        64000
        2000          512           3.046      2048000       128000
        2000         1024           5.541      4096000       256000
        2000         2048          11.274      8192000       512000
        2000         4096          22.213     16384000      1024000
        2000         8192          43.333     32768000      2048000
        2200            1           1.606         4400          275
        2200            2           0.428         8800          550
        2200            4           0.710        17600         1100
        2200            8           0.640        35200         2200
        2200           16           0.578        70400         4400
        2200           32           0.662       140800         8800
        2200           64           0.791       281600        17600
        2200          128           1.039       563200        35200
        2200          256           1.666      1126400        70400
        2200          512           3.052      2252800       140800
        2200         1024           5.941      4505600       281600
        2200         2048          11.368      9011200       563200
        2200         4096          22.174     18022400      1126400
        2200         8192          44.088     36044800      2252800
        2400            1           0.930         4800          300
        2400            2           0.514         9600          600
        2400            4           0.563        19200         1200
        2400            8           0.571        38400         2400
        2400           16           0.523        76800         4800
        2400           32           0.598       153600         9600
        2400           64           0.814       307200        19200
        2400          128           0.974       614400        38400
        2400          256           1.673      1228800        76800
        2400          512           2.884      2457600       153600
        2400         1024           5.582      4915200       307200
        2400         2048          10.421      9830400       614400
        2400         4096          20.421     19660800      1228800
        2400         8192          40.430     39321600      2457600
        2640            1           0.634         5280          330
        2640            2           0.495        10560          660
        2640            4           0.615        21120         1320
        2640            8           0.475        42240         2640
        2640           16           0.631        84480         5280
        2640           32           0.798       168960        10560
        2640           64           0.795       337920        21120
        2640          128           1.190       675840        42240
        2640          256           1.999      1351680        84480
        2640          512           3.385      2703360       168960
        2640         1024           6.676      5406720       337920
        2640         2048          12.823     10813440       675840
        2640         4096          25.290     21626880      1351680
        2640         8192          50.119     43253760      2703360
        2880            1           0.663         5760          360
        2880            2           0.525        11520          720
        2880            4           0.698        23040         1440
        2880            8           0.556        46080         2880
        2880           16           0.602        92160         5760
        2880           32           0.673       184320        11520
        2880           64           0.870       368640        23040
        2880          128           1.185       737280        46080
        2880          256           1.968      1474560        92160
        2880          512           3.480      2949120       184320
        2880         1024           6.368      5898240       368640
        2880         2048          12.590     11796480       737280
        2880         4096          24.347     23592960      1474560
        2880         8192          48.453     47185920      2949120
        3160            1           1.263         6320          395
        3160            2           0.355        12640          790
        3160            4           0.585        25280         1580
        3160            8           0.506        50560         3160
        3160           16           0.705       101120         6320
        3160           32           0.754       202240        12640
        3160           64           0.901       404480        25280
        3160          128           1.386       808960        50560
        3160          256           2.159      1617920       101120
        3160          512           3.940      3235840       202240
        3160         1024           7.431      6471680       404480
        3160         2048          14.401     12943360       808960
        3160         4096          28.425     25886720      1617920
        3160         8192          56.631     51773440      3235840
        3440            1           0.834         6880          430
        3440            2           0.452        13760          860
        3440            4           0.545        27520         1720
        3440            8           0.549        55040         3440
        3440           16           0.610       110080         6880
        3440           32           0.728       220160        13760
        3440           64           1.087       440320        27520
        3440          128           1.336       880640        55040
        3440          256           2.236      1761280       110080
        3440          512           4.143      3522560       220160
        3440         1024           7.869      7045120       440320
        3440         2048          15.102     14090240       880640
        3440         4096          29.729     28180480      1761280
        3440         8192          59.035     56360960      3522560
        3760            1           0.669         7520          470
        3760            2           0.324        15040          940
        3760            4           0.477        30080         1880
        3760            8           0.780        60160         3760
        3760           16           0.626       120320         7520
        3760           32           0.831       240640        15040
        3760           64           1.647       481280        30080
        3760          128           1.501       962560        60160
        3760          256           2.493      1925120       120320
        3760          512           4.896      3850240       240640
        3760         1024           9.035      7700480       481280
        3760         2048          18.098     15400960       962560
        3760         4096          31.526     30801920      1925120
        3760         8192          62.748     61603840      3850240
        4120            1           0.784         8240          515
        4120            2           0.527        16480         1030
        4120            4           0.586        32960         2060
        4120            8           0.530        65920         4120
        4120           16           0.580       131840         8240
        4120           32           0.822       263680        16480
        4120           64           1.001       527360        32960
        4120          128           1.400      1054720        65920
        4120          256           2.323      2109440       131840
        4120          512           4.479      4218880       263680
        4120         1024           8.854      8437760       527360
        4120         2048          17.291     16875520      1054720
        4120         4096          33.944     33751040      2109440
        4520            1           0.387         9040          565
        4520            2           0.730        18080         1130
        4520            4           0.656        36160         2260
        4520            8           0.694        72320         4520
        4520           16           0.675       144640         9040
        4520           32           0.690       289280        18080
        4520           64           0.951       578560        36160
        4520          128           1.479      1157120        72320
        4520          256           2.521      2314240       144640
        4520          512           4.886      4628480       289280
        4520         1024           9.298      9256960       578560
        4520         2048          18.274     18513920      1157120
        4520         4096          35.956     37027840      2314240
        4960            1           1.320         9920          620
        4960            2           0.460        19840         1240
        4960            4           0.701        39680         2480
        4960            8           0.596        79360         4960
        4960           16           0.710       158720         9920
        4960           32           0.855       317440        19840
        4960           64           1.060       634880        39680
        4960          128           1.593      1269760        79360
        4960          256           2.623      2539520       158720
        4960          512           5.085      5079040       317440
        4960         1024           9.838     10158080       634880
        4960         2048          19.251     20316160      1269760
        4960         4096          38.168     40632320      2539520
        5440            1           0.933        10880          680
        5440            2           0.532        21760         1360
        5440            4           0.455        43520         2720
        5440            8           0.534        87040         5440
        5440           16           0.582       174080        10880
        5440           32           1.004       348160        21760
        5440           64           1.273       696320        43520
        5440          128           2.057      1392640        87040
        5440          256           3.584      2785280       174080
        5440          512           6.538      5570560       348160
        5440         1024          12.916     11141120       696320
        5440         2048          25.419     22282240      1392640
        5440         4096          50.293     44564480      2785280
        5960            1           1.339        11920          745
        5960            2           0.520        23840         1490
        5960            4           0.593        47680         2980
        5960            8           0.548        95360         5960
        5960           16           0.660       190720        11920
        5960           32           0.820       381440        23840
        5960           64           1.138       762880        47680
        5960          128           1.745      1525760        95360
        5960          256           3.227      3051520       190720
        5960          512           6.066      6103040       381440
        5960         1024          11.489     12206080       762880
        5960         2048          22.635     24412160      1525760
        5960         4096          44.940     48824320      3051520
        6520            1           0.858        13040          815
        6520            2           0.580        26080         1630
        6520            4           0.761        52160         3260
        6520            8           0.695       104320         6520
        6520           16           0.629       208640        13040
        6520           32           0.969       417280        26080
        6520           64           1.418       834560        52160
        6520          128           2.303      1669120       104320
        6520          256           4.108      3338240       208640
        6520          512           7.666      6676480       417280
        6520         1024          14.882     13352960       834560
        6520         2048          29.370     26705920      1669120
        6520         4096          58.273     53411840      3338240
        7160            1           1.045        14320          895
        7160            2           0.664        28640         1790
        7160            4           0.587        57280         3580
        7160            8           0.677       114560         7160
        7160           16           0.737       229120        14320
        7160           32           1.112       458240        28640
        7160           64           1.635       916480        57280
        7160          128           2.451      1832960       114560
        7160          256           4.442      3665920       229120
        7160          512           8.188      7331840       458240
        7160         1024          15.894     14663680       916480
        7160         2048          31.424     29327360      1832960
        7160         4096          62.435     58654720      3665920
        7840            1           0.903        15680          980
        7840            2           0.482        31360         1960
        7840            4           0.692        62720         3920
        7840            8           0.581       125440         7840
        7840           16           0.832       250880        15680
        7840           32           0.931       501760        31360
        7840           64           1.354      1003520        62720
        7840          128           2.364      2007040       125440
        7840          256           4.202      4014080       250880
        7840          512           7.924      8028160       501760
        7840         1024          15.618     16056320      1003520
        7840         2048          30.626     32112640      2007040
        8600            1           0.632        17200         1075
        8600            2           0.545        34400         2150
        8600            4           0.717        68800         4300
        8600            8           0.766       137600         8600
        8600           16           0.813       275200        17200
        8600           32           1.168       550400        34400
        8600           64           1.497      1100800        68800
        8600          128           2.572      2201600       137600
        8600          256           4.746      4403200       275200
        8600          512           9.088      8806400       550400
        8600         1024          17.715     17612800      1100800
        8600         2048          35.051     35225600      2201600
        9440            1           0.696        18880         1180
        9440            2           0.455        37760         2360
        9440            4           0.650        75520         4720
        9440            8           0.734       151040         9440
        9440           16           0.806       302080        18880
        9440           32           0.998       604160        37760
        9440           64           1.343      1208320        75520
        9440          128           2.745      2416640       151040
        9440          256           4.849      4833280       302080
        9440          512           9.214      9666560       604160
        9440         1024          18.161     19333120      1208320
        9440         2048          35.914     38666240      2416640
       10360            1           0.874        20720         1295
       10360            2           0.507        41440         2590
       10360            4           0.587        82880         5180
       10360            8           0.648       165760        10360
       10360           16           0.846       331520        20720
       10360           32           1.073       663040        41440
       10360           64           1.696      1326080        82880
       10360          128           2.932      2652160       165760
       10360          256           5.401      5304320       331520
       10360          512          10.350     10608640       663040
       10360         1024          20.476     21217280      1326080
       10360         2048          40.366     42434560      2652160
       11360            1           0.865        22720         1420
       11360            2           0.465        45440         2840
       11360            4           0.806        90880         5680
       11360            8           0.758       181760        11360
       11360           16           0.837       363520        22720
       11360           32           1.310       727040        45440
       11360           64           1.797      1454080        90880
       11360          128           3.128      2908160       181760
       11360          256           5.611      5816320       363520
       11360          512          10.923     11632640       727040
       11360         1024          21.491     23265280      1454080
       11360         2048          42.497     46530560      2908160
       12480            1           0.790        24960         1560
       12480            2           0.599        49920         3120
       12480            4           0.651        99840         6240
       12480            8           0.868       199680        12480
       12480           16           0.853       399360        24960
       12480           32           1.397       798720        49920
       12480           64           2.054      1597440        99840
       12480          128           3.554      3194880       199680
       12480          256           6.572      6389760       399360
       12480          512          12.828     12779520       798720
       12480         1024          25.309     25559040      1597440
       12480         2048          49.848     51118080      3194880
       13720            1           0.965        27440         1715
       13720            2           0.424        54880         3430
       13720            4           0.585       109760         6860
       13720            8           0.842       219520        13720
       13720           16           0.912       439040        27440
       13720           32           1.297       878080        54880
       13720           64           2.154      1756160       109760
       13720          128           3.964      3512320       219520
       13720          256           7.321      7024640       439040
       13720          512          13.994     14049280       878080
       13720         1024          27.263     28098560      1756160
       13720         2048          55.263     56197120      3512320
       15080            1           0.835        30160         1885
       15080            2           0.537        60320         3770
       15080            4           0.761       120640         7540
       15080            8           0.906       241280        15080
       15080           16           0.885       482560        30160
       15080           32           1.433       965120        60320
       15080           64           2.152      1930240       120640
       15080          128           3.935      3860480       241280
       15080          256           7.220      7720960       482560
       15080          512          14.263     15441920       965120
       15080         1024          28.109     30883840      1930240
       15080         2048          56.004     61767680      3860480
       16560            1           1.107        33120         2070
       16560            2           0.370        66240         4140
       16560            4           0.730       132480         8280
       16560            8           0.741       264960        16560
       16560           16           1.004       529920        33120
       16560           32           1.503      1059840        66240
       16560           64           2.574      2119680       132480
       16560          128           4.393      4239360       264960
       16560          256           8.257      8478720       529920
       16560          512          16.214     16957440      1059840
       16560         1024          31.852     33914880      2119680
       18200            1           0.905        36400         2275
       18200            2           0.557        72800         4550
       18200            4           0.768       145600         9100
       18200            8           0.905       291200        18200
       18200           16           1.079       582400        36400
       18200           32           1.612      1164800        72800
       18200           64           2.672      2329600       145600
       18200          128           4.732      4659200       291200
       18200          256           8.981      9318400       582400
       18200          512          17.720     18636800      1164800
       18200         1024          35.034     37273600      2329600
       20000            1           1.165        40000         2500
       20000            2           0.483        80000         5000
       20000            4           0.689       160000        10000
       20000            8           0.866       320000        20000
       20000           16           1.066       640000        40000
       20000           32           1.661      1280000        80000
       20000           64           2.796      2560000       160000
       20000          128           5.002      5120000       320000
       20000          256           9.559     10240000       640000
       20000          512          18.755     20480000      1280000
       20000         1024          37.212     40960000      2560000
       22000            1           0.820        44000         2750
       22000            2           0.564        88000         5500
       22000            4           0.797       176000        11000
       22000            8           0.871       352000        22000
       22000           16           1.280       704000        44000
       22000           32           1.785      1408000        88000
       22000           64           3.255      2816000       176000
       22000          128           5.650      5632000       352000
       22000          256          10.455     11264000       704000
       22000          512          20.529     22528000      1408000
       22000         1024          40.811     45056000      2816000
       24200            1           1.096        48400         3025
       24200            2           0.562        96800         6050
       24200            4           0.708       193600        12100
       24200            8           0.884       387200        24200
       24200           16           1.220       774400        48400
       24200           32           1.937      1548800        96800
       24200           64           3.233      3097600       193600
       24200          128           6.013      6195200       387200
       24200          256          11.280     12390400       774400
       24200          512          23.199     24780800      1548800
       24200         1024          46.397     49561600      3097600
       26600            1           0.634        53200         3325
       26600            2           0.713       106400         6650
       26600            4           0.804       212800        13300
       26600            8           0.859       425600        26600
       26600           16           1.221       851200        53200
       26600           32           2.142      1702400       106400
       26600           64           3.625      3404800       212800
       26600          128           6.595      6809600       425600
       26600          256          12.708     13619200       851200
       26600          512          24.952     27238400      1702400
       26600         1024          49.010     54476800      3404800
       29240            1           0.633        58480         3655
       29240            2           0.811       116960         7310
       29240            4           0.811       233920        14620
       29240            8           0.972       467840        29240
       29240           16           1.355       935680        58480
       29240           32           2.136      1871360       116960
       29240           64           3.861      3742720       233920
       29240          128           7.233      7485440       467840
       29240          256          13.696     14970880       935680
       29240          512          28.715     29941760      1871360
       29240         1024          58.751     59883520      3742720
       32160            1           1.035        64320         4020
       32160            2           0.509       128640         8040
       32160            4           0.887       257280        16080
       32160            8           0.992       514560        32160
       32160           16           1.429      1029120        64320
       32160           32           2.430      2058240       128640
       32160           64           4.332      4116480       257280
       32160          128           8.064      8232960       514560
       32160          256          15.566     16465920      1029120
       32160          512          30.572     32931840      2058240
       35360            1           1.320        70720         4420
       35360            2           0.514       141440         8840
       35360            4           0.781       282880        17680
       35360            8           1.163       565760        35360
       35360           16           1.473      1131520        70720
       35360           32           2.701      2263040       141440
       35360           64           4.594      4526080       282880
       35360          128           8.790      9052160       565760
       35360          256          17.250     18104320      1131520
       35360          512          34.061     36208640      2263040
       38880            1           1.089        77760         4860
       38880            2           0.591       155520         9720
       38880            4           0.876       311040        19440
       38880            8           1.041       622080        38880
       38880           16           1.628      1244160        77760
       38880           32           2.672      2488320       155520
       38880           64           4.822      4976640       311040
       38880          128           9.417      9953280       622080
       38880          256          17.938     19906560      1244160
       38880          512          35.444     39813120      2488320
       42760            1           1.397        85520         5345
       42760            2           0.585       171040        10690
       42760            4           0.894       342080        21380
       42760            8           1.102       684160        42760
       42760           16           1.717      1368320        85520
       42760           32           2.993      2736640       171040
       42760           64           5.386      5473280       342080
       42760          128          10.115     10946560       684160
       42760          256          28.432     21893120      1368320
       42760          512          39.121     43786240      2736640
       47000            1           1.315        94000         5875
       47000            2           0.566       188000        11750
       47000            4           0.990       376000        23500
       47000            8           1.319       752000        47000
       47000           16           1.804      1504000        94000
       47000           32           3.324      3008000       188000
       47000           64           5.773      6016000       376000
       47000          128          11.044     12032000       752000
       47000          256          23.352     24064000      1504000
       47000          512          45.961     48128000      3008000
       51680            1           1.753       103360         6460
       51680            2           0.569       206720        12920
       51680            4           0.987       413440        25840
       51680            8           1.428       826880        51680
       51680           16           2.017      1653760       103360
       51680           32           3.622      3307520       206720
       51680           64           6.635      6615040       413440
       51680          128          12.779     13230080       826880
       51680          256          24.889     26460160      1653760
       51680          512          49.284     52920320      3307520
       56840            1           1.665       113680         7105
       56840            2           0.695       227360        14210
       56840            4           1.006       454720        28420
       56840            8           1.404       909440        56840
       56840           16           2.125      1818880       113680
       56840           32           3.746      3637760       227360
       56840           64           6.945      7275520       454720
       56840          128          13.165     14551040       909440
       56840          256          27.024     29102080      1818880
       56840          512          67.104     58204160      3637760
       62520            1           1.615       125040         7815
       62520            2           0.646       250080        15630
       62520            4           1.061       500160        31260
       62520            8           1.485      1000320        62520
       62520           16           2.288      2000640       125040
       62520           32           4.126      4001280       250080
       62520           64           7.568      8002560       500160
       62520          128          14.415     16005120      1000320
       62520          256          28.461     32010240      2000640
       68760            1           1.799       137520         8595
       68760            2           0.673       275040        17190
       68760            4           1.145       550080        34380
       68760            8           1.627      1100160        68760
       68760           16           2.573      2200320       137520
       68760           32           4.401      4400640       275040
       68760           64           8.312      8801280       550080
       68760          128          15.952     17602560      1100160
       68760          256          32.432     35205120      2200320
       75600            1           1.602       151200         9450
       75600            2           0.727       302400        18900
       75600            4           1.224       604800        37800
       75600            8           1.658      1209600        75600
       75600           16           2.798      2419200       151200
       75600           32           4.832      4838400       302400
       75600           64           8.941      9676800       604800
       75600          128          17.426     19353600      1209600
       75600          256          33.952     38707200      2419200
       83160            1           2.899       166320        10395
       83160            2           0.959       332640        20790
       83160            4           1.271       665280        41580
       83160            8           1.749      1330560        83160
       83160           16           2.950      2661120       166320
       83160           32           5.237      5322240       332640
       83160           64           9.784     10644480       665280
       83160          128          18.894     21288960      1330560
       83160          256          37.176     42577920      2661120
       91440            1           2.195       182880        11430
       91440            2           1.029       365760        22860
       91440            4           1.279       731520        45720
       91440            8           1.871      1463040        91440
       91440           16           3.277      2926080       182880
       91440           32           5.569      5852160       365760
       91440           64          10.597     11704320       731520
       91440          128          21.301     23408640      1463040
       91440          256          42.169     46817280      2926080
      100560            1           1.633       201120        12570
      100560            2           1.060       402240        25140
      100560            4           1.457       804480        50280
      100560            8           2.162      1608960       100560
      100560           16           3.443      3217920       201120
      100560           32           6.181      6435840       402240
      100560           64          11.592     12871680       804480
      100560          128          23.312     25743360      1608960
      100560          256          46.214     51486720      3217920
      110600            1           2.579       221200        13825
      110600            2           1.142       442400        27650
      110600            4           1.600       884800        55300
      110600            8           2.235      1769600       110600
      110600           16           3.777      3539200       221200
      110600           32           6.844      7078400       442400
      110600           64          12.808     14156800       884800
      110600          128          25.695     28313600      1769600
      110600          256          50.567     56627200      3539200
      121640            1           2.534       243280        15205
      121640            2           1.146       486560        30410
      121640            4           1.546       973120        60820
      121640            8           2.398      1946240       121640
      121640           16           4.092      3892480       243280
      121640           32           7.416      7784960       486560
      121640           64          14.184     15569920       973120
      121640          128          27.976     31139840      1946240
      133800            1           2.814       267600        16725
      133800            2           1.060       535200        33450
      133800            4           1.711      1070400        66900
      133800            8           2.524      2140800       133800
      133800           16           4.423      4281600       267600
      133800           32           8.305      8563200       535200
      133800           64          15.683     17126400      1070400
      133800          128          30.874     34252800      2140800
      147160            1           2.793       294320        18395
      147160            2           1.256       588640        36790
      147160            4           1.819      1177280        73580
      147160            8           3.041      2354560       147160
      147160           16           4.887      4709120       294320
      147160           32           9.048      9418240       588640
      147160           64          17.509     18836480      1177280
      147160          128          33.829     37672960      2354560
      161840            1           3.263       323680        20230
      161840            2           1.674       647360        40460
      161840            4           1.999      1294720        80920
      161840            8           3.277      2589440       161840
      161840           16           5.323      5178880       323680
      161840           32          10.007     10357760       647360
      161840           64          18.972     20715520      1294720
      161840          128          37.181     41431040      2589440
      178000            1           3.789       356000        22250
      178000            2           1.574       712000        44500
      178000            4           2.365      1424000        89000
      178000            8           3.787      2848000       178000
      178000           16           6.808      5696000       356000
      178000           32          12.759     11392000       712000
      178000           64          25.099     22784000      1424000
      178000          128          49.557     45568000      2848000
      195800            1           2.931       391600        24475
      195800            2           2.009       783200        48950
      195800            4           3.023      1566400        97900
      195800            8           5.012      3132800       195800
      195800           16           8.853      6265600       391600
      195800           32          16.782     12531200       783200
      195800           64          32.888     25062400      1566400
      195800          128          65.004     50124800      3132800
      215360            1           4.899       430720        26920
      215360            2           2.171       861440        53840
      215360            4           3.144      1722880       107680
      215360            8           5.489      3445760       215360
      215360           16          10.315      6891520       430720
      215360           32          19.768     13783040       861440
      215360           64          38.816     27566080      1722880
      215360          128          76.963     55132160      3445760
      236880            1           4.085       473760        29610
      236880            2           2.026       947520        59220
      236880            4           3.677      1895040       118440
      236880            8           6.188      3790080       236880
      236880           16          11.210      7580160       473760
      236880           32          21.601     15160320       947520
      236880           64          42.599     30320640      1895040
      236880          128          84.336     60641280      3790080
      260560            1           4.452       521120        32570
      260560            2           2.503      1042240        65140
      260560            4           3.744      2084480       130280
      260560            8           6.686      4168960       260560
      260560           16          12.385      8337920       521120
      260560           32          23.989     16675840      1042240
      260560           64          46.841     33351680      2084480
      286600            1           4.856       573200        35825
      286600            2           2.473      1146400        71650
      286600            4           4.337      2292800       143300
      286600            8           7.205      4585600       286600
      286600           16          13.792      9171200       573200
      286600           32          26.213     18342400      1146400
      286600           64          51.633     36684800      2292800
      315240            1           4.822       630480        39405
      315240            2           2.755      1260960        78810
      315240            4           4.587      2521920       157620
      315240            8           7.884      5043840       315240
      315240           16          14.879     10087680       630480
      315240           32          28.942     20175360      1260960
      315240           64          56.513     40350720      2521920
      346760            1           5.795       693520        43345
      346760            2           3.010      1387040        86690
      346760            4           4.861      2774080       173380
      346760            8           8.827      5548160       346760
      346760           16          16.372     11096320       693520
      346760           32          31.581     22192640      1387040
      346760           64          61.931     44385280      2774080
      381400            1           6.094       762800        47675
      381400            2           3.262      1525600        95350
      381400            4           5.456      3051200       190700
      381400            8           9.497      6102400       381400
      381400           16          17.985     12204800       762800
      381400           32          34.742     24409600      1525600
      381400           64          68.404     48819200      3051200
      419520            1           6.445       839040        52440
      419520            2           3.355      1678080       104880
      419520            4           5.974      3356160       209760
      419520            8          10.506      6712320       419520
      419520           16          19.791     13424640       839040
      419520           32          38.160     26849280      1678080
      419520           64          74.908     53698560      3356160
      461440            1           7.475       922880        57680
      461440            2           3.799      1845760       115360
      461440            4           6.338      3691520       230720
      461440            8          11.394      7383040       461440
      461440           16          21.678     14766080       922880
      461440           32          42.181     29532160      1845760
      461440           64          82.547     59064320      3691520
      507560            1           8.637      1015120        63445
      507560            2           4.134      2030240       126890
      507560            4           7.103      4060480       253780
      507560            8          12.552      8120960       507560
      507560           16          23.787     16241920      1015120
      507560           32          46.123     32483840      2030240
      558280            1           9.609      1116560        69785
      558280            2           4.352      2233120       139570
      558280            4           7.475      4466240       279140
      558280            8          13.782      8932480       558280
      558280           16          26.109     17864960      1116560
      558280           32          50.483     35729920      2233120
      614080            1           9.632      1228160        76760
      614080            2           4.800      2456320       153520
      614080            4           8.447      4912640       307040
      614080            8          15.030      9825280       614080
      614080           16          28.705     19650560      1228160
      614080           32          55.702     39301120      2456320
      675480            1          11.425      1350960        84435
      675480            2           5.233      2701920       168870
      675480            4           9.133      5403840       337740
      675480            8          16.522     10807680       675480
      675480           16          31.414     21615360      1350960
      675480           32          60.898     43230720      2701920
      743000            1          11.140      1486000        92875
      743000            2           5.762      2972000       185750
      743000            4          10.083      5944000       371500
      743000            8          18.298     11888000       743000
      743000           16          34.466     23776000      1486000
      743000           32          79.052     47552000      2972000
      817280            1          11.675      1634560       102160
      817280            2           6.449      3269120       204320
      817280            4          10.859      6538240       408640
      817280            8          19.849     13076480       817280
      817280           16          37.604     26152960      1634560
      817280           32          73.738     52305920      3269120
      899000            1          13.993      1798000       112375
      899000            2           7.156      3596000       224750
      899000            4          11.930      7192000       449500
      899000            8          21.804     14384000       899000
      899000           16          41.381     28768000      1798000
      899000           32          80.843     57536000      3596000
      988880            1          15.757      1977760       123610
      988880            2           7.697      3955520       247220
      988880            4          13.271      7911040       494440
      988880            8          23.916     15822080       988880
      988880           16          45.354     31644160      1977760
     1087760            1          16.887      2175520       135970
     1087760            2           8.415      4351040       271940
     1087760            4          14.564      8702080       543880
     1087760            8          26.169     17404160      1087760
     1087760           16          49.785     34808320      2175520
     1196520            1          18.840      2393040       149565
     1196520            2           9.185      4786080       299130
     1196520            4          15.832      9572160       598260
     1196520            8          28.937     19144320      1196520
     1196520           16          54.868     38288640      2393040
     1316160            1          22.066      2632320       164520
     1316160            2          10.088      5264640       329040
     1316160            4          17.506     10529280       658080
     1316160            8          31.618     21058560      1316160
     1316160           16          60.272     42117120      2632320
     1447760            1          22.742      2895520       180970
     1447760            2          10.984      5791040       361940
     1447760            4          19.122     11582080       723880
     1447760            8          34.826     23164160      1447760
     1447760           16          66.372     46328320      2895520
     1592520            1          24.538      3185040       199065
     1592520            2          12.100      6370080       398130
     1592520            4          21.017     12740160       796260
     1592520            8          38.362     25480320      1592520
     1592520           16          73.048     50960640      3185040
     1751760            1          25.180      3503520       218970
     1751760            2          13.748      7007040       437940
     1751760            4          23.104     14014080       875880
     1751760            8          41.860     28028160      1751760
     1751760           16          80.153     56056320      3503520
     1926920            1          28.192      3853840       240865
     1926920            2          14.829      7707680       481730
     1926920            4          25.308     15415360       963460
     1926920            8          46.197     30830720      1926920
     1926920           16          88.131     61661440      3853840
     2119600            1          30.402      4239200       264950
     2119600            2          17.637      8478400       529900
     2119600            4          27.701     16956800      1059800
     2119600            8          50.580     33913600      2119600
     2331560            1          34.836      4663120       291445
     2331560            2          18.941      9326240       582890
     2331560            4          30.195     18652480      1165780
     2331560            8          55.718     37304960      2331560
     2564680            1          35.709      5129360       320585
     2564680            2          20.344     10258720       641170
     2564680            4          33.345     20517440      1282340
     2564680            8          61.285     41034880      2564680
     2821120            1          41.701      5642240       352640
     2821120            2          24.446     11284480       705280
     2821120            4          37.791     22568960      1410560
     2821120            8          68.767     45137920      2821120
     3103200            1          43.689      6206400       387900
     3103200            2          29.850     12412800       775800
     3103200            4          45.129     24825600      1551600
     3103200            8          81.255     49651200      3103200
     3413520            1          58.959      6827040       426690
     3413520            2          46.030     13654080       853380
     3413520            4          67.130     27308160      1706760
     3413520            8         115.465     54616320      3413520
     3754840            1          51.191      7509680       469355
     3754840            2          35.857     15019360       938710
     3754840            4          55.827     30038720      1877420
     3754840            8          99.786     60077440      3754840
     4130320            1          56.410      8260640       516290
     4130320            2          43.210     16521280      1032580
     4130320            4          65.606     33042560      2065160
     4543320            1          59.767      9086640       567915
     4543320            2          50.585     18173280      1135830
     4543320            4          75.746     36346560      2271660
     4997640            1          64.666      9995280       624705
     4997640            2          60.285     19990560      1249410
     4997640            4          89.593     39981120      2498820
     5497400            1          67.004     10994800       687175
     5497400            2          70.680     21989600      1374350
     5497400            4         109.784     43979200      2748700
     6047120            1          71.295     12094240       755890
     6047120            2          84.409     24188480      1511780
     6047120            4         122.388     48376960      3023560
     6651800            1          76.242     13303600       831475
     6651800            2          98.870     26607200      1662950
     6651800            4         142.973     53214400      3325900
     7316960            1          83.700     14633920       914620
     7316960            2         117.364     29267840      1829240
     7316960            4         171.495     58535680      3658480
     8048640            1          88.083     16097280      1006080
     8048640            2         134.926     32194560      2012160
     8853480            1         109.778     17706960      1106685
     8853480            2         149.919     35413920      2213370
     9738800            1         107.688     19477600      1217350
     9738800            2         168.185     38955200      2434700
    10712680            1         111.696     21425360      1339085
    10712680            2         186.417     42850720      2678170
    11783920            1         122.597     23567840      1472990
    11783920            2         208.488     47135680      2945980
    12962280            1         134.708     25924560      1620285
    12962280            2         229.518     51849120      3240570
    14258480            1         148.179     28516960      1782310
    14258480            2         255.382     57033920      3564620
    15684320            1         166.568     31368640      1960540
    17252720            1         192.553     34505440      2156590
    18977960            1         231.118     37955920      2372245
    20875720            1         243.665     41751440      2609465
    22963280            1         282.747     45926560      2870410
    25259600            1         325.631     50519200      3157450
    27785560            1         391.828     55571120      3473195
    30564080            1         441.676     61128160      3820510

META_DATA
FLOPS          1
OPENMP_THREADS 5
ERT_VERSION  1.1.0
HOSTNAME  ('cirrus4.computing.clemson.edu', ['cirrus4'], ['127.0.1.1'])
UNAME  uname_result(system='Linux', node='cirrus4.computing.clemson.edu', release='5.4.0-81-generic', version='#91-Ubuntu SMP Thu Jul 15 19:09:17 UTC 2021', machine='x86_64', processor='x86_64')
TIMESTAMP_DATA  1632245392.3902621
CONFIG  {'ERT_RESULTS': ['Results.cs.clemson.edu'], 'ERT_DRIVER': ['driver1'], 'ERT_KERNEL': ['kernel1'], 'ERT_MPI': ['False'], 'ERT_MPI_CFLAGS': [], 'ERT_MPI_LDFLAGS': [], 'ERT_OPENMP': ['True'], 'ERT_OPENMP_CFLAGS': ['-fopenmp'], 'ERT_OPENMP_LDFLAGS': ['-fopenmp'], 'ERT_FLOPS': ['1,2,4'], 'ERT_ALIGN': ['32'], 'ERT_CC': ['g++'], 'ERT_CFLAGS': ['-O3', '-std=c++11', '-fstrict-aliasing', '-march=native'], 'ERT_LD': ['g++'], 'ERT_LDFLAGS': [], 'ERT_LDLIBS': [], 'ERT_PRECISION': ['FP64'], 'ERT_RUN': ['export', 'OMP_NUM_THREADS=ERT_OPENMP_THREADS;', 'export', 'OMP_PLACES=threads;', 'export', 'OMP_PROC_BIND=spread;', './ERT_CODE'], 'ERT_PROCS_THREADS': ['8'], 'ERT_MPI_PROCS': ['2,4,8'], 'ERT_OPENMP_THREADS': ['1-8'], 'ERT_NUM_EXPERIMENTS': ['5'], 'ERT_MEMORY_MAX': ['31000000'], 'ERT_WORKING_SET_MIN': ['1'], 'ERT_TRIALS_MIN': ['1'], 'ERT_GNUPLOT': ['gnuplot'], 'ERT_GPU': [False], 'ERT_HIP': [False], 'ERT_OCL': [False], 'ERT_SYCL': [False], 'ERT_WSS_MULT': [1.1]}
