fp64
          40            1           1.221           80            5
          40            2           0.535          160           10
          40            4           1.005          320           20
          40            8           0.799          640           40
          40           16           0.755         1280           80
          40           32           0.808         2560          160
          40           64           1.042         5120          320
          40          128           1.400        10240          640
          40          256           1.970        20480         1280
          40          512           3.627        40960         2560
          40         1024           6.518        81920         5120
          40         2048          12.710       163840        10240
          40         4096          24.810       327680        20480
          40         8192          49.165       655360        40960
          40        16384          97.763      1310720        81920
          40        32768         194.151      2621440       163840
          40        65536         393.290      5242880       327680
          40       131072         785.528     10485760       655360
          40       262144        1573.526     20971520      1310720
          40       524288        3228.378     41943040      2621440
          80            1           1.607          160           10
          80            2           0.395          320           20
          80            4           0.770          640           40
          80            8           0.672         1280           80
          80           16           0.760         2560          160
          80           32           0.893         5120          320
          80           64           1.034        10240          640
          80          128           1.207        20480         1280
          80          256           2.188        40960         2560
          80          512           3.770        81920         5120
          80         1024           7.201       163840        10240
          80         2048          14.178       327680        20480
          80         4096          27.500       655360        40960
          80         8192          54.486      1310720        81920
          80        16384         108.365      2621440       163840
          80        32768         215.528      5242880       327680
          80        65536         430.251     10485760       655360
          80       131072         859.710     20971520      1310720
          80       262144        1740.886     41943040      2621440
         120            1           1.050          240           15
         120            2           0.403          480           30
         120            4           0.722          960           60
         120            8           0.471         1920          120
         120           16           0.518         3840          240
         120           32           0.708         7680          480
         120           64           0.676        15360          960
         120          128           1.099        30720         1920
         120          256           1.609        61440         3840
         120          512           2.895       122880         7680
         120         1024           5.294       245760        15360
         120         2048           9.157       491520        30720
         120         4096          19.785       983040        61440
         120         8192          39.911      1966080       122880
         120        16384          79.346      3932160       245760
         120        32768         158.534      7864320       491520
         120        65536         267.556     15728640       983040
         120       131072         500.617     31457280      1966080
         160            1           0.485          320           20
         160            2           0.391          640           40
         160            4           0.783         1280           80
         160            8           0.640         2560          160
         160           16           0.531         5120          320
         160           32           0.473        10240          640
         160           64           0.752        20480         1280
         160          128           0.936        40960         2560
         160          256           1.497        81920         5120
         160          512           2.396       163840        10240
         160         1024           4.619       327680        20480
         160         2048           8.775       655360        40960
         160         4096          16.928      1310720        81920
         160         8192          33.382      2621440       163840
         160        16384          66.338      5242880       327680
         160        32768         132.199     10485760       655360
         160        65536         274.006     20971520      1310720
         160       131072         527.674     41943040      2621440
         200            1           0.743          400           25
         200            2           0.457          800           50
         200            4           0.576         1600          100
         200            8           0.556         3200          200
         200           16           0.498         6400          400
         200           32           0.711        12800          800
         200           64           0.825        25600         1600
         200          128           0.727        51200         3200
         200          256           1.423       102400         6400
         200          512           2.391       204800        12800
         200         1024           4.566       409600        25600
         200         2048           8.627       819200        51200
         200         4096          16.751      1638400       102400
         200         8192          33.531      3276800       204800
         200        16384          66.694      6553600       409600
         200        32768         132.745     13107200       819200
         200        65536         264.729     26214400      1638400
         200       131072         531.149     52428800      3276800
         240            1           0.344          480           30
         240            2           0.751          960           60
         240            4           0.637         1920          120
         240            8           0.666         3840          240
         240           16           0.628         7680          480
         240           32           0.475        15360          960
         240           64           0.614        30720         1920
         240          128           0.970        61440         3840
         240          256           1.563       122880         7680
         240          512           2.505       245760        15360
         240         1024           4.704       491520        30720
         240         2048           8.634       983040        61440
         240         4096          17.090      1966080       122880
         240         8192          33.681      3932160       245760
         240        16384          66.744      7864320       491520
         240        32768         133.229     15728640       983040
         240        65536         266.034     31457280      1966080
         280            1           0.404          560           35
         280            2           0.405         1120           70
         280            4           0.646         2240          140
         280            8           0.496         4480          280
         280           16           0.444         8960          560
         280           32           0.581        17920         1120
         280           64           0.645        35840         2240
         280          128           1.044        71680         4480
         280          256           1.501       143360         8960
         280          512           2.269       286720        17920
         280         1024           4.452       573440        35840
         280         2048           8.933      1146880        71680
         280         4096          16.888      2293760       143360
         280         8192          33.783      4587520       286720
         280        16384          66.773      9175040       573440
         280        32768         135.928     18350080      1146880
         280        65536         266.631     36700160      2293760
         320            1           0.383          640           40
         320            2           0.603         1280           80
         320            4           0.425         2560          160
         320            8           0.674         5120          320
         320           16           0.699        10240          640
         320           32           0.464        20480         1280
         320           64           0.706        40960         2560
         320          128           1.053        81920         5120
         320          256           1.566       163840        10240
         320          512           2.581       327680        20480
         320         1024           4.647       655360        40960
         320         2048           9.253      1310720        81920
         320         4096          18.534      2621440       163840
         320         8192          35.360      5242880       327680
         320        16384          69.984     10485760       655360
         320        32768         120.380     20971520      1310720
         320        65536         182.677     41943040      2621440
         360            1           0.263          720           45
         360            2           0.546         1440           90
         360            4           0.425         2880          180
         360            8           0.547         5760          360
         360           16           0.689        11520          720
         360           32           0.492        23040         1440
         360           64           0.535        46080         2880
         360          128           0.821        92160         5760
         360          256           1.237       184320        11520
         360          512           1.739       368640        23040
         360         1024           3.124       737280        46080
         360         2048          13.927      1474560        92160
         360         4096          17.952      2949120       184320
         360         8192          23.300      5898240       368640
         360        16384          46.274     11796480       737280
         360        32768          92.152     23592960      1474560
         360        65536         183.556     47185920      2949120
         400            1           0.348          800           50
         400            2           0.667         1600          100
         400            4           0.534         3200          200
         400            8           0.676         6400          400
         400           16           0.630        12800          800
         400           32           0.721        25600         1600
         400           64           0.462        51200         3200
         400          128           0.740       102400         6400
         400          256           1.336       204800        12800
         400          512           1.925       409600        25600
         400         1024           3.340       819200        51200
         400         2048          14.498      1638400       102400
         400         4096          11.905      3276800       204800
         400         8192          29.319      6553600       409600
         400        16384          46.262     13107200       819200
         400        32768          91.866     26214400      1638400
         400        65536         183.576     52428800      3276800
         440            1           0.296          880           55
         440            2           0.406         1760          110
         440            4           0.485         3520          220
         440            8           0.597         7040          440
         440           16           0.474        14080          880
         440           32           0.586        28160         1760
         440           64           0.822        56320         3520
         440          128           1.274       112640         7040
         440          256           2.057       225280        14080
         440          512           3.999       450560        28160
         440         1024           7.517       901120        56320
         440         2048          14.791      1802240       112640
         440         4096          14.185      3604480       225280
         440         8192          31.537      7208960       450560
         440        16384          49.817     14417920       901120
         440        32768          96.116     28835840      1802240
         440        65536         196.235     57671680      3604480
         480            1           0.343          960           60
         480            2           0.673         1920          120
         480            4           0.569         3840          240
         480            8           0.472         7680          480
         480           16           0.548        15360          960
         480           32           0.565        30720         1920
         480           64           0.553        61440         3840
         480          128           0.803       122880         7680
         480          256           1.077       245760        15360
         480          512           1.862       491520        30720
         480         1024           3.135       983040        61440
         480         2048           6.134      1966080       122880
         480         4096          11.845      3932160       245760
         480         8192          23.270      7864320       491520
         480        16384          46.049     15728640       983040
         480        32768          91.861     31457280      1966080
         520            1           0.223         1040           65
         520            2           0.627         2080          130
         520            4           0.571         4160          260
         520            8           0.653         8320          520
         520           16           0.499        16640         1040
         520           32           0.664        33280         2080
         520           64           0.550        66560         4160
         520          128           0.833       133120         8320
         520          256           0.987       266240        16640
         520          512           1.760       532480        33280
         520         1024           3.205      1064960        66560
         520         2048           6.278      2129920       133120
         520         4096          12.019      4259840       266240
         520         8192          23.543      8519680       532480
         520        16384          46.447     17039360      1064960
         520        32768          92.834     34078720      2129920
         560            1           0.583         1120           70
         560            2           0.266         2240          140
         560            4           0.417         4480          280
         560            8           0.632         8960          560
         560           16           0.412        17920         1120
         560           32           0.442        35840         2240
         560           64           0.724        71680         4480
         560          128           0.855       143360         8960
         560          256           1.131       286720        17920
         560          512           1.697       573440        35840
         560         1024           3.247      1146880        71680
         560         2048           6.212      2293760       143360
         560         4096          11.903      4587520       286720
         560         8192          23.258      9175040       573440
         560        16384          46.399     18350080      1146880
         560        32768          92.290     36700160      2293760
         600            1           0.322         1200           75
         600            2           0.504         2400          150
         600            4           0.507         4800          300
         600            8           0.419         9600          600
         600           16           0.632        19200         1200
         600           32           0.650        38400         2400
         600           64           0.696        76800         4800
         600          128           0.658       153600         9600
         600          256           1.146       307200        19200
         600          512           1.732       614400        38400
         600         1024           3.323      1228800        76800
         600         2048           6.074      2457600       153600
         600         4096          11.909      4915200       307200
         600         8192          23.594      9830400       614400
         600        16384          46.635     19660800      1228800
         600        32768          92.920     39321600      2457600
         640            1           0.702         1280           80
         640            2           0.429         2560          160
         640            4           0.599         5120          320
         640            8           0.518        10240          640
         640           16           0.490        20480         1280
         640           32           0.540        40960         2560
         640           64           0.561        81920         5120
         640          128           0.705       163840        10240
         640          256           1.147       327680        20480
         640          512           2.025       655360        40960
         640         1024           3.182      1310720        81920
         640         2048           6.113      2621440       163840
         640         4096          11.810      5242880       327680
         640         8192          23.447     10485760       655360
         640        16384          46.481     20971520      1310720
         640        32768          98.352     41943040      2621440
         680            1           0.814         1360           85
         680            2           0.439         2720          170
         680            4           0.432         5440          340
         680            8           0.537        10880          680
         680           16           0.376        21760         1360
         680           32           0.619        43520         2720
         680           64           0.675        87040         5440
         680          128           0.653       174080        10880
         680          256           1.127       348160        21760
         680          512           1.952       696320        43520
         680         1024           3.509      1392640        87040
         680         2048           6.658      2785280       174080
         680         4096          13.188      5570560       348160
         680         8192          25.974     11141120       696320
         680        16384          51.475     22282240      1392640
         680        32768         102.829     44564480      2785280
         720            1           0.374         1440           90
         720            2           0.526         2880          180
         720            4           0.632         5760          360
         720            8           0.655        11520          720
         720           16           0.737        23040         1440
         720           32           0.500        46080         2880
         720           64           0.588        92160         5760
         720          128           0.867       184320        11520
         720          256           1.147       368640        23040
         720          512           2.015       737280        46080
         720         1024           4.008      1474560        92160
         720         2048           7.464      2949120       184320
         720         4096          26.969      5898240       368640
         720         8192          28.616     11796480       737280
         720        16384          57.115     23592960      1474560
         720        32768         114.288     47185920      2949120
         760            1           0.800         1520           95
         760            2           0.411         3040          190
         760            4           0.437         6080          380
         760            8           0.619        12160          760
         760           16           0.616        24320         1520
         760           32           0.463        48640         3040
         760           64           0.717        97280         6080
         760          128           0.820       194560        12160
         760          256           1.164       389120        24320
         760          512           2.118       778240        48640
         760         1024           4.179      1556480        97280
         760         2048           7.906      3112960       194560
         760         4096          15.364      6225920       389120
         760         8192          30.407     12451840       778240
         760        16384          60.326     24903680      1556480
         760        32768         120.215     49807360      3112960
         800            1           0.418         1600          100
         800            2           0.407         3200          200
         800            4           0.468         6400          400
         800            8           0.512        12800          800
         800           16           0.435        25600         1600
         800           32           0.479        51200         3200
         800           64           0.475       102400         6400
         800          128           0.750       204800        12800
         800          256           1.456       409600        25600
         800          512          12.214       819200        51200
         800         1024           4.851      1638400       102400
         800         2048          14.666      3276800       204800
         800         4096          10.848      6553600       409600
         800         8192          28.145     13107200       819200
         800        16384          40.839     26214400      1638400
         800        32768          83.305     52428800      3276800
         880            1           0.736         1760          110
         880            2           0.276         3520          220
         880            4           0.614         7040          440
         880            8           0.479        14080          880
         880           16           0.564        28160         1760
         880           32           0.592        56320         3520
         880           64           0.656       112640         7040
         880          128           0.676       225280        14080
         880          256           1.097       450560        28160
         880          512           1.686       901120        56320
         880         1024           2.994      1802240       112640
         880         2048           6.164      3604480       225280
         880         4096          11.815      7208960       450560
         880         8192          23.298     14417920       901120
         880        16384          50.300     28835840      1802240
         880        32768         103.802     57671680      3604480
         960            1           0.304         1920          120
         960            2           0.549         3840          240
         960            4           0.527         7680          480
         960            8           0.429        15360          960
         960           16           0.416        30720         1920
         960           32           0.567        61440         3840
         960           64           0.555       122880         7680
         960          128           0.734       245760        15360
         960          256           1.101       491520        30720
         960          512           1.749       983040        61440
         960         1024           3.314      1966080       122880
         960         2048           6.746      3932160       245760
         960         4096          12.634      7864320       491520
         960         8192          24.753     15728640       983040
         960        16384          49.071     31457280      1966080
        1040            1           0.701         2080          130
        1040            2           0.442         4160          260
        1040            4           0.469         8320          520
        1040            8           0.583        16640         1040
        1040           16           0.510        33280         2080
        1040           32           0.440        66560         4160
        1040           64           0.562       133120         8320
        1040          128           0.605       266240        16640
        1040          256           1.094       532480        33280
        1040          512           1.927      1064960        66560
        1040         1024           3.684      2129920       133120
        1040         2048           7.203      4259840       266240
        1040         4096          14.236      8519680       532480
        1040         8192          28.237     17039360      1064960
        1040        16384          56.221     34078720      2129920
        1120            1           0.645         2240          140
        1120            2           0.353         4480          280
        1120            4           0.468         8960          560
        1120            8           0.637        17920         1120
        1120           16           0.459        35840         2240
        1120           32           0.645        71680         4480
        1120           64           0.647       143360         8960
        1120          128           0.723       286720        17920
        1120          256           1.091       573440        35840
        1120          512           1.984      1146880        71680
        1120         1024           3.646      2293760       143360
        1120         2048           7.030      4587520       286720
        1120         4096          13.879      9175040       573440
        1120         8192          27.923     18350080      1146880
        1120        16384          55.339     36700160      2293760
        1200            1           1.560         2400          150
        1200            2           0.447         4800          300
        1200            4           0.450         9600          600
        1200            8           0.565        19200         1200
        1200           16           0.602        38400         2400
        1200           32           0.492        76800         4800
        1200           64           0.674       153600         9600
        1200          128           0.754       307200        19200
        1200          256           1.195       614400        38400
        1200          512           2.018      1228800        76800
        1200         1024           3.944      2457600       153600
        1200         2048           7.443      4915200       307200
        1200         4096          14.842      9830400       614400
        1200         8192          28.427     19660800      1228800
        1200        16384          56.375     39321600      2457600
        1320            1           0.495         2640          165
        1320            2           0.504         5280          330
        1320            4           0.596        10560          660
        1320            8           0.577        21120         1320
        1320           16           0.494        42240         2640
        1320           32           0.496        84480         5280
        1320           64           0.538       168960        10560
        1320          128           0.768       337920        21120
        1320          256           1.224       675840        42240
        1320          512           2.167      1351680        84480
        1320         1024           4.212      2703360       168960
        1320         2048           7.755      5406720       337920
        1320         4096          15.233     10813440       675840
        1320         8192          30.277     21626880      1351680
        1320        16384          60.280     43253760      2703360
        1440            1           0.248         2880          180
        1440            2           0.570         5760          360
        1440            4           0.552        11520          720
        1440            8           0.433        23040         1440
        1440           16           0.432        46080         2880
        1440           32           0.490        92160         5760
        1440           64           0.527       184320        11520
        1440          128           0.717       368640        23040
        1440          256           1.334       737280        46080
        1440          512           2.318      1474560        92160
        1440         1024           4.421      2949120       184320
        1440         2048           8.697      5898240       368640
        1440         4096          17.022     11796480       737280
        1440         8192          33.464     23592960      1474560
        1440        16384          66.502     47185920      2949120
        1560            1           0.359         3120          195
        1560            2           0.493         6240          390
        1560            4           0.517        12480          780
        1560            8           0.479        24960         1560
        1560           16           0.483        49920         3120
        1560           32           0.542        99840         6240
        1560           64           0.553       199680        12480
        1560          128           0.851       399360        24960
        1560          256           1.241       798720        49920
        1560          512           2.318      1597440        99840
        1560         1024           4.583      3194880       199680
        1560         2048           8.923      6389760       399360
        1560         4096          17.411     12779520       798720
        1560         8192          34.374     25559040      1597440
        1560        16384          68.195     51118080      3194880
        1680            1           0.271         3360          210
        1680            2           0.570         6720          420
        1680            4           0.443        13440          840
        1680            8           0.465        26880         1680
        1680           16           0.546        53760         3360
        1680           32           0.592       107520         6720
        1680           64           0.647       215040        13440
        1680          128           0.865       430080        26880
        1680          256           1.403       860160        53760
        1680          512           2.551      1720320       107520
        1680         1024           4.863      3440640       215040
        1680         2048           9.403      6881280       430080
        1680         4096          18.461     13762560       860160
        1680         8192          36.349     27525120      1720320
        1680        16384          72.505     55050240      3440640
        1840            1           1.675         3680          230
        1840            2           0.338         7360          460
        1840            4           0.612        14720          920
        1840            8           0.515        29440         1840
        1840           16           0.658        58880         3680
        1840           32           0.592       117760         7360
        1840           64           0.753       235520        14720
        1840          128           1.595       471040        29440
        1840          256           1.508       942080        58880
        1840          512           2.841      1884160       117760
        1840         1024           5.844      3768320       235520
        1840         2048          10.346      7536640       471040
        1840         4096          22.263     15073280       942080
        1840         8192          41.518     30146560      1884160
        1840        16384          76.994     60293120      3768320
        2000            1           0.754         4000          250
        2000            2           0.363         8000          500
        2000            4           0.558        16000         1000
        2000            8           0.492        32000         2000
        2000           16           0.546        64000         4000
        2000           32           0.509       128000         8000
        2000           64           0.756       256000        16000
        2000          128           0.965       512000        32000
        2000          256           1.611      1024000        64000
        2000          512           2.789      2048000       128000
        2000         1024           5.407      4096000       256000
        2000         2048          10.757      8192000       512000
        2000         4096          20.935     16384000      1024000
        2000         8192          44.948     32768000      2048000
        2200            1           0.838         4400          275
        2200            2           0.442         8800          550
        2200            4           0.505        17600         1100
        2200            8           0.514        35200         2200
        2200           16           0.458        70400         4400
        2200           32           0.583       140800         8800
        2200           64           0.678       281600        17600
        2200          128           1.291       563200        35200
        2200          256           1.969      1126400        70400
        2200          512           3.552      2252800       140800
        2200         1024           7.670      4505600       281600
        2200         2048          11.183      9011200       563200
        2200         4096          22.190     18022400      1126400
        2200         8192          44.074     36044800      2252800
        2400            1           0.917         4800          300
        2400            2           0.352         9600          600
        2400            4           0.528        19200         1200
        2400            8           0.472        38400         2400
        2400           16           0.392        76800         4800
        2400           32           0.675       153600         9600
        2400           64           0.682       307200        19200
        2400          128           0.880       614400        38400
        2400          256           1.484      1228800        76800
        2400          512           2.946      2457600       153600
        2400         1024           5.277      4915200       307200
        2400         2048          10.450      9830400       614400
        2400         4096          20.338     19660800      1228800
        2400         8192          40.498     39321600      2457600
        2640            1           1.167         5280          330
        2640            2           0.411        10560          660
        2640            4           0.362        21120         1320
        2640            8           0.527        42240         2640
        2640           16           0.562        84480         5280
        2640           32           0.671       168960        10560
        2640           64           0.707       337920        21120
        2640          128           1.023       675840        42240
        2640          256           1.867      1351680        84480
        2640          512           3.497      2703360       168960
        2640         1024           7.090      5406720       337920
        2640         2048          14.783     10813440       675840
        2640         4096          26.689     21626880      1351680
        2640         8192          49.906     43253760      2703360
        2880            1           0.434         5760          360
        2880            2           0.392        11520          720
        2880            4           0.414        23040         1440
        2880            8           0.487        46080         2880
        2880           16           0.451        92160         5760
        2880           32           0.541       184320        11520
        2880           64           0.717       368640        23040
        2880          128           1.001       737280        46080
        2880          256           1.856      1474560        92160
        2880          512           3.401      2949120       184320
        2880         1024           6.413      5898240       368640
        2880         2048          12.308     11796480       737280
        2880         4096          24.205     23592960      1474560
        2880         8192          48.215     47185920      2949120
        3160            1           0.474         6320          395
        3160            2           0.408        12640          790
        3160            4           0.467        25280         1580
        3160            8           0.514        50560         3160
        3160           16           0.564       101120         6320
        3160           32           0.586       202240        12640
        3160           64           0.698       404480        25280
        3160          128           1.188       808960        50560
        3160          256           1.985      1617920       101120
        3160          512           3.789      3235840       202240
        3160         1024           7.320      6471680       404480
        3160         2048          14.286     12943360       808960
        3160         4096          33.080     25886720      1617920
        3160         8192          56.618     51773440      3235840
        3440            1           0.269         6880          430
        3440            2           0.594        13760          860
        3440            4           0.646        27520         1720
        3440            8           0.480        55040         3440
        3440           16           0.537       110080         6880
        3440           32           0.665       220160        13760
        3440           64           0.776       440320        27520
        3440          128           1.206       880640        55040
        3440          256           2.067      1761280       110080
        3440          512           3.881      3522560       220160
        3440         1024           7.620      7045120       440320
        3440         2048          14.922     14090240       880640
        3440         4096          29.645     28180480      1761280
        3440         8192          59.051     56360960      3522560
        3760            1           0.281         7520          470
        3760            2           0.373        15040          940
        3760            4           0.534        30080         1880
        3760            8           0.500        60160         3760
        3760           16           0.486       120320         7520
        3760           32           0.518       240640        15040
        3760           64           0.878       481280        30080
        3760          128           1.480       962560        60160
        3760          256           2.558      1925120       120320
        3760          512           5.176      3850240       240640
        3760         1024           9.188      7700480       481280
        3760         2048          15.934     15400960       962560
        3760         4096          31.577     30801920      1925120
        3760         8192          62.880     61603840      3850240
        4120            1           0.297         8240          515
        4120            2           0.561        16480         1030
        4120            4           0.644        32960         2060
        4120            8           0.516        65920         4120
        4120           16           0.518       131840         8240
        4120           32           0.727       263680        16480
        4120           64           0.966       527360        32960
        4120          128           1.383      1054720        65920
        4120          256           2.420      2109440       131840
        4120          512           4.597      4218880       263680
        4120         1024           8.774      8437760       527360
        4120         2048          17.159     16875520      1054720
        4120         4096          33.983     33751040      2109440
        4520            1           0.273         9040          565
        4520            2           0.493        18080         1130
        4520            4           0.611        36160         2260
        4520            8           0.555        72320         4520
        4520           16           0.592       144640         9040
        4520           32           0.716       289280        18080
        4520           64           0.917       578560        36160
        4520          128           1.628      1157120        72320
        4520          256           2.910      2314240       144640
        4520          512           5.781      4628480       289280
        4520         1024          11.262      9256960       578560
        4520         2048          18.469     18513920      1157120
        4520         4096          35.812     37027840      2314240
        4960            1           0.316         9920          620
        4960            2           0.614        19840         1240
        4960            4           0.548        39680         2480
        4960            8           0.556        79360         4960
        4960           16           0.525       158720         9920
        4960           32           0.658       317440        19840
        4960           64           0.983       634880        39680
        4960          128           1.507      1269760        79360
        4960          256           2.651      2539520       158720
        4960          512           4.986      5079040       317440
        4960         1024           9.765     10158080       634880
        4960         2048          19.134     20316160      1269760
        4960         4096          38.164     40632320      2539520
        5440            1           0.309        10880          680
        5440            2           0.576        21760         1360
        5440            4           0.440        43520         2720
        5440            8           0.640        87040         5440
        5440           16           0.577       174080        10880
        5440           32           0.813       348160        21760
        5440           64           1.206       696320        43520
        5440          128           2.393      1392640        87040
        5440          256           4.211      2785280       174080
        5440          512           7.727      5570560       348160
        5440         1024          15.460     11141120       696320
        5440         2048          25.163     22282240      1392640
        5440         4096          49.877     44564480      2785280
        5960            1           1.634        11920          745
        5960            2           0.271        23840         1490
        5960            4           0.611        47680         2980
        5960            8           0.599        95360         5960
        5960           16           0.611       190720        11920
        5960           32           0.851       381440        23840
        5960           64           1.040       762880        47680
        5960          128           1.701      1525760        95360
        5960          256           3.123      3051520       190720
        5960          512           5.994      6103040       381440
        5960         1024          14.214     12206080       762880
        5960         2048          31.700     24412160      1525760
        5960         4096          55.685     48824320      3051520
        6520            1           0.375        13040          815
        6520            2           0.463        26080         1630
        6520            4           0.643        52160         3260
        6520            8           0.462       104320         6520
        6520           16           0.667       208640        13040
        6520           32           0.788       417280        26080
        6520           64           1.239       834560        52160
        6520          128           2.203      1669120       104320
        6520          256           5.197      3338240       208640
        6520          512          10.474      6676480       417280
        6520         1024          15.018     13352960       834560
        6520         2048          34.857     26705920      1669120
        6520         4096          62.471     53411840      3338240
        7160            1           1.136        14320          895
        7160            2           0.491        28640         1790
        7160            4           0.623        57280         3580
        7160            8           0.475       114560         7160
        7160           16           0.720       229120        14320
        7160           32           0.926       458240        28640
        7160           64           1.649       916480        57280
        7160          128           3.010      1832960       114560
        7160          256           5.787      3665920       229120
        7160          512          11.471      7331840       458240
        7160         1024          23.434     14663680       916480
        7160         2048          44.572     29327360      1832960
        7160         4096          84.775     58654720      3665920
        7840            1           0.425        15680          980
        7840            2           0.655        31360         1960
        7840            4           0.540        62720         3920
        7840            8           0.544       125440         7840
        7840           16           0.685       250880        15680
        7840           32           1.045       501760        31360
        7840           64           1.802      1003520        62720
        7840          128           3.324      2007040       125440
        7840          256           4.927      4014080       250880
        7840          512           9.590      8028160       501760
        7840         1024          18.121     16056320      1003520
        7840         2048          39.114     32112640      2007040
        8600            1           0.671        17200         1075
        8600            2           0.440        34400         2150
        8600            4           0.679        68800         4300
        8600            8           0.704       137600         8600
        8600           16           0.779       275200        17200
        8600           32           1.087       550400        34400
        8600           64           1.795      1100800        68800
        8600          128           3.175      2201600       137600
        8600          256           7.500      4403200       275200
        8600          512          11.369      8806400       550400
        8600         1024          23.332     17612800      1100800
        8600         2048          43.270     35225600      2201600
        9440            1           1.254        18880         1180
        9440            2           0.462        37760         2360
        9440            4           0.615        75520         4720
        9440            8           0.638       151040         9440
        9440           16           0.772       302080        18880
        9440           32           1.231       604160        37760
        9440           64           2.191      1208320        75520
        9440          128           3.156      2416640       151040
        9440          256           6.182      4833280       302080
        9440          512          11.126      9666560       604160
        9440         1024          24.193     19333120      1208320
        9440         2048          46.058     38666240      2416640
       10360            1           1.063        20720         1295
       10360            2           0.330        41440         2590
       10360            4           0.547        82880         5180
       10360            8           0.690       165760        10360
       10360           16           0.851       331520        20720
       10360           32           1.156       663040        41440
       10360           64           2.124      1326080        82880
       10360          128           3.762      2652160       165760
       10360          256           7.100      5304320       331520
       10360          512          15.377     10608640       663040
       10360         1024          27.225     21217280      1326080
       10360         2048          45.196     42434560      2652160
       11360            1           0.415        22720         1420
       11360            2           0.485        45440         2840
       11360            4           0.520        90880         5680
       11360            8           0.597       181760        11360
       11360           16           0.712       363520        22720
       11360           32           1.122       727040        45440
       11360           64           1.606      1454080        90880
       11360          128           2.918      2908160       181760
       11360          256           5.725      5816320       363520
       11360          512          13.088     11632640       727040
       11360         1024          23.309     23265280      1454080
       11360         2048          48.279     46530560      2908160
       12480            1           0.728        24960         1560
       12480            2           0.374        49920         3120
       12480            4           0.641        99840         6240
       12480            8           0.936       199680        12480
       12480           16           1.145       399360        24960
       12480           32           1.558       798720        49920
       12480           64           2.852      1597440        99840
       12480          128           4.979      3194880       199680
       12480          256           9.138      6389760       399360
       12480          512          19.480     12779520       798720
       12480         1024          38.106     25559040      1597440
       12480         2048          82.087     51118080      3194880
       13720            1           1.420        27440         1715
       13720            2           0.419        54880         3430
       13720            4           0.604       109760         6860
       13720            8           0.773       219520        13720
       13720           16           1.171       439040        27440
       13720           32           1.457       878080        54880
       13720           64           2.676      1756160       109760
       13720          128           5.245      3512320       219520
       13720          256          10.307      7024640       439040
       13720          512          18.950     14049280       878080
       13720         1024          27.619     28098560      1756160
       13720         2048          59.329     56197120      3512320
       15080            1           0.406        30160         1885
       15080            2           0.544        60320         3770
       15080            4           0.672       120640         7540
       15080            8           0.653       241280        15080
       15080           16           0.916       482560        30160
       15080           32           1.423       965120        60320
       15080           64           2.744      1930240       120640
       15080          128           4.894      3860480       241280
       15080          256           7.350      7720960       482560
       15080          512          14.178     15441920       965120
       15080         1024          28.226     30883840      1930240
       15080         2048          56.250     61767680      3860480
       16560            1           0.724        33120         2070
       16560            2           0.446        66240         4140
       16560            4           0.696       132480         8280
       16560            8           0.720       264960        16560
       16560           16           0.952       529920        33120
       16560           32           1.533      1059840        66240
       16560           64           2.393      2119680       132480
       16560          128           4.391      4239360       264960
       16560          256           8.290      8478720       529920
       16560          512          15.998     16957440      1059840
       16560         1024          31.669     33914880      2119680
       18200            1           0.445        36400         2275
       18200            2           0.496        72800         4550
       18200            4           0.638       145600         9100
       18200            8           0.638       291200        18200
       18200           16           0.973       582400        36400
       18200           32           1.532      1164800        72800
       18200           64           2.487      2329600       145600
       18200          128           4.843      4659200       291200
       18200          256           9.062      9318400       582400
       18200          512          17.674     18636800      1164800
       18200         1024          35.014     37273600      2329600
       20000            1           0.706        40000         2500
       20000            2           0.716        80000         5000
       20000            4           0.632       160000        10000
       20000            8           0.723       320000        20000
       20000           16           1.038       640000        40000
       20000           32           1.852      1280000        80000
       20000           64           2.787      2560000       160000
       20000          128           5.229      5120000       320000
       20000          256          10.005     10240000       640000
       20000          512          19.764     20480000      1280000
       20000         1024          38.981     40960000      2560000
       22000            1           0.491        44000         2750
       22000            2           0.699        88000         5500
       22000            4           0.672       176000        11000
       22000            8           0.939       352000        22000
       22000           16           1.219       704000        44000
       22000           32           1.758      1408000        88000
       22000           64           3.258      2816000       176000
       22000          128           5.692      5632000       352000
       22000          256          11.461     11264000       704000
       22000          512          22.143     22528000      1408000
       22000         1024          43.912     45056000      2816000
       24200            1           0.713        48400         3025
       24200            2           0.735        96800         6050
       24200            4           0.600       193600        12100
       24200            8           0.840       387200        24200
       24200           16           1.166       774400        48400
       24200           32           1.908      1548800        96800
       24200           64           3.282      3097600       193600
       24200          128           6.005      6195200       387200
       24200          256          11.330     12390400       774400
       24200          512          24.625     24780800      1548800
       24200         1024          48.548     49561600      3097600
       26600            1           0.720        53200         3325
       26600            2           0.514       106400         6650
       26600            4           0.626       212800        13300
       26600            8           0.929       425600        26600
       26600           16           1.270       851200        53200
       26600           32           2.067      1702400       106400
       26600           64           3.405      3404800       212800
       26600          128           6.349      6809600       425600
       26600          256          12.445     13619200       851200
       26600          512          26.346     27238400      1702400
       26600         1024          52.196     54476800      3404800
       29240            1           1.068        58480         3655
       29240            2           0.629       116960         7310
       29240            4           0.740       233920        14620
       29240            8           0.964       467840        29240
       29240           16           1.346       935680        58480
       29240           32           2.249      1871360       116960
       29240           64           3.699      3742720       233920
       29240          128           7.021      7485440       467840
       29240          256          13.666     14970880       935680
       29240          512          27.142     29941760      1871360
       29240         1024          53.735     59883520      3742720
       32160            1           2.067        64320         4020
       32160            2           0.478       128640         8040
       32160            4           0.671       257280        16080
       32160            8           0.979       514560        32160
       32160           16           1.373      1029120        64320
       32160           32           2.366      2058240       128640
       32160           64           4.046      4116480       257280
       32160          128           7.587      8232960       514560
       32160          256          14.672     16465920      1029120
       32160          512          32.273     32931840      2058240
       35360            1           1.936        70720         4420
       35360            2           0.446       141440         8840
       35360            4           0.794       282880        17680
       35360            8           1.046       565760        35360
       35360           16           1.497      1131520        70720
       35360           32           2.505      2263040       141440
       35360           64           4.811      4526080       282880
       35360          128           8.912      9052160       565760
       35360          256          17.310     18104320      1131520
       35360          512          34.653     36208640      2263040
       38880            1           1.139        77760         4860
       38880            2           0.610       155520         9720
       38880            4           0.763       311040        19440
       38880            8           0.942       622080        38880
       38880           16           1.558      1244160        77760
       38880           32           2.727      2488320       155520
       38880           64           5.154      4976640       311040
       38880          128          10.052      9953280       622080
       38880          256          19.642     19906560      1244160
       38880          512          38.688     39813120      2488320
       42760            1           0.694        85520         5345
       42760            2           0.717       171040        10690
       42760            4           0.928       342080        21380
       42760            8           1.073       684160        42760
       42760           16           1.680      1368320        85520
       42760           32           2.992      2736640       171040
       42760           64           5.456      5473280       342080
       42760          128           9.972     10946560       684160
       42760          256          19.590     21893120      1368320
       42760          512          38.719     43786240      2736640
       47000            1           0.751        94000         5875
       47000            2           0.719       188000        11750
       47000            4           0.901       376000        23500
       47000            8           1.227       752000        47000
       47000           16           1.769      1504000        94000
       47000           32           3.103      3008000       188000
       47000           64           5.720      6016000       376000
       47000          128          11.082     12032000       752000
       47000          256          22.876     24064000      1504000
       47000          512          44.863     48128000      3008000
       51680            1           1.203       103360         6460
       51680            2           0.745       206720        12920
       51680            4           0.962       413440        25840
       51680            8           1.273       826880        51680
       51680           16           2.004      1653760       103360
       51680           32           3.431      3307520       206720
       51680           64           6.306      6615040       413440
       51680          128          12.299     13230080       826880
       51680          256          43.786     26460160      1653760
       51680          512          48.793     52920320      3307520
       56840            1           1.092       113680         7105
       56840            2           0.944       227360        14210
       56840            4           0.986       454720        28420
       56840            8           1.282       909440        56840
       56840           16           2.129      1818880       113680
       56840           32           3.805      3637760       227360
       56840           64           7.079      7275520       454720
       56840          128          13.803     14551040       909440
       56840          256          26.958     29102080      1818880
       56840          512          53.736     58204160      3637760
       62520            1           1.680       125040         7815
       62520            2           0.670       250080        15630
       62520            4           0.990       500160        31260
       62520            8           1.590      1000320        62520
       62520           16           2.288      2000640       125040
       62520           32           4.056      4001280       250080
       62520           64           7.680      8002560       500160
       62520          128          14.956     16005120      1000320
       62520          256          29.619     32010240      2000640
       68760            1           1.263       137520         8595
       68760            2           0.920       275040        17190
       68760            4           1.013       550080        34380
       68760            8           1.597      1100160        68760
       68760           16           2.474      2200320       137520
       68760           32           4.562      4400640       275040
       68760           64           8.257      8801280       550080
       68760          128          16.397     17602560      1100160
       68760          256          32.362     35205120      2200320
       75600            1           3.001       151200         9450
       75600            2           0.731       302400        18900
       75600            4           1.170       604800        37800
       75600            8           1.759      1209600        75600
       75600           16           2.884      2419200       151200
       75600           32           4.882      4838400       302400
       75600           64           9.182      9676800       604800
       75600          128          17.809     19353600      1209600
       75600          256          35.196     38707200      2419200
       83160            1           2.002       166320        10395
       83160            2           0.862       332640        20790
       83160            4           1.233       665280        41580
       83160            8           1.902      1330560        83160
       83160           16           2.879      2661120       166320
       83160           32           5.126      5322240       332640
       83160           64          10.058     10644480       665280
       83160          128          19.584     21288960      1330560
       83160          256          38.592     42577920      2661120
       91440            1           1.379       182880        11430
       91440            2           0.976       365760        22860
       91440            4           1.341       731520        45720
       91440            8           2.036      1463040        91440
       91440           16           3.203      2926080       182880
       91440           32           5.793      5852160       365760
       91440           64          10.910     11704320       731520
       91440          128          21.362     23408640      1463040
       91440          256          42.272     46817280      2926080
      100560            1           1.893       201120        12570
      100560            2           0.896       402240        25140
      100560            4           1.561       804480        50280
      100560            8           2.006      1608960       100560
      100560           16           3.438      3217920       201120
      100560           32           6.208      6435840       402240
      100560           64          12.185     12871680       804480
      100560          128          23.671     25743360      1608960
      100560          256          47.235     51486720      3217920
      110600            1           1.604       221200        13825
      110600            2           1.143       442400        27650
      110600            4           1.393       884800        55300
      110600            8           2.254      1769600       110600
      110600           16           3.697      3539200       221200
      110600           32           6.762      7078400       442400
      110600           64          13.333     14156800       884800
      110600          128          26.095     28313600      1769600
      110600          256          51.498     56627200      3539200
      121640            1           1.555       243280        15205
      121640            2           1.181       486560        30410
      121640            4           1.553       973120        60820
      121640            8           2.392      1946240       121640
      121640           16           4.037      3892480       243280
      121640           32           7.713      7784960       486560
      121640           64          14.469     15569920       973120
      121640          128          28.642     31139840      1946240
      133800            1           2.066       267600        16725
      133800            2           1.196       535200        33450
      133800            4           1.685      1070400        66900
      133800            8           2.561      2140800       133800
      133800           16           4.361      4281600       267600
      133800           32           8.162      8563200       535200
      133800           64          15.716     17126400      1070400
      133800          128          30.751     34252800      2140800
      147160            1           3.030       294320        18395
      147160            2           1.193       588640        36790
      147160            4           1.840      1177280        73580
      147160            8           2.810      2354560       147160
      147160           16           4.854      4709120       294320
      147160           32           8.959      9418240       588640
      147160           64          17.006     18836480      1177280
      147160          128          33.573     37672960      2354560
      161840            1           2.774       323680        20230
      161840            2           1.349       647360        40460
      161840            4           1.948      1294720        80920
      161840            8           3.078      2589440       161840
      161840           16           5.449      5178880       323680
      161840           32           9.955     10357760       647360
      161840           64          18.717     20715520      1294720
      161840          128          37.137     41431040      2589440
      178000            1           3.215       356000        22250
      178000            2           1.733       712000        44500
      178000            4           2.555      1424000        89000
      178000            8           4.129      2848000       178000
      178000           16           7.673      5696000       356000
      178000           32          14.401     11392000       712000
      178000           64          28.178     22784000      1424000
      178000          128          55.595     45568000      2848000
      195800            1           3.128       391600        24475
      195800            2           1.871       783200        48950
      195800            4           2.778      1566400        97900
      195800            8           4.944      3132800       195800
      195800           16           9.190      6265600       391600
      195800           32          17.871     12531200       783200
      195800           64          35.014     25062400      1566400
      195800          128          69.307     50124800      3132800
      215360            1           4.184       430720        26920
      215360            2           1.963       861440        53840
      215360            4           3.302      1722880       107680
      215360            8           5.657      3445760       215360
      215360           16          10.377      6891520       430720
      215360           32          19.794     13783040       861440
      215360           64          38.655     27566080      1722880
      215360          128          76.745     55132160      3445760
      236880            1           4.516       473760        29610
      236880            2           2.051       947520        59220
      236880            4           3.456      1895040       118440
      236880            8           6.134      3790080       236880
      236880           16          11.238      7580160       473760
      236880           32          21.790     15160320       947520
      236880           64          42.689     30320640      1895040
      236880          128          84.512     60641280      3790080
      260560            1           3.947       521120        32570
      260560            2           2.304      1042240        65140
      260560            4           3.755      2084480       130280
      260560            8           6.581      4168960       260560
      260560           16          12.337      8337920       521120
      260560           32          23.825     16675840      1042240
      260560           64          46.772     33351680      2084480
      286600            1           3.984       573200        35825
      286600            2           2.607      1146400        71650
      286600            4           4.276      2292800       143300
      286600            8           7.367      4585600       286600
      286600           16          13.608      9171200       573200
      286600           32          26.350     18342400      1146400
      286600           64          51.427     36684800      2292800
      315240            1           4.797       630480        39405
      315240            2           2.888      1260960        78810
      315240            4           4.550      2521920       157620
      315240            8           8.013      5043840       315240
      315240           16          15.325     10087680       630480
      315240           32          29.147     20175360      1260960
      315240           64          56.799     40350720      2521920
      346760            1           5.842       693520        43345
      346760            2           2.969      1387040        86690
      346760            4           4.991      2774080       173380
      346760            8           8.865      5548160       346760
      346760           16          16.445     11096320       693520
      346760           32          31.484     22192640      1387040
      346760           64          61.998     44385280      2774080
      381400            1           5.457       762800        47675
      381400            2           3.346      1525600        95350
      381400            4           5.475      3051200       190700
      381400            8           9.753      6102400       381400
      381400           16          17.990     12204800       762800
      381400           32          34.619     24409600      1525600
      381400           64          67.935     48819200      3051200
      419520            1           6.043       839040        52440
      419520            2           3.504      1678080       104880
      419520            4           5.853      3356160       209760
      419520            8          10.398      6712320       419520
      419520           16          19.556     13424640       839040
      419520           32          37.974     26849280      1678080
      419520           64          87.678     53698560      3356160
      461440            1           7.073       922880        57680
      461440            2           3.943      1845760       115360
      461440            4           6.479      3691520       230720
      461440            8          11.340      7383040       461440
      461440           16          21.554     14766080       922880
      461440           32          41.954     29532160      1845760
      461440           64          82.073     59064320      3691520
      507560            1           7.121      1015120        63445
      507560            2           4.123      2030240       126890
      507560            4           6.854      4060480       253780
      507560            8          12.635      8120960       507560
      507560           16          23.637     16241920      1015120
      507560           32          46.186     32483840      2030240
      558280            1           8.411      1116560        69785
      558280            2           4.591      2233120       139570
      558280            4           7.653      4466240       279140
      558280            8          13.766      8932480       558280
      558280           16          25.920     17864960      1116560
      558280           32          50.253     35729920      2233120
      614080            1           9.829      1228160        76760
      614080            2           4.885      2456320       153520
      614080            4           8.237      4912640       307040
      614080            8          15.158      9825280       614080
      614080           16          28.741     19650560      1228160
      614080           32          55.512     39301120      2456320
      675480            1          10.376      1350960        84435
      675480            2           5.452      2701920       168870
      675480            4           9.123      5403840       337740
      675480            8          16.564     10807680       675480
      675480           16          31.316     21615360      1350960
      675480           32          61.272     43230720      2701920
      743000            1          14.811      1486000        92875
      743000            2           7.747      2972000       185750
      743000            4          12.459      5944000       371500
      743000            8          22.071     11888000       743000
      743000           16          38.825     23776000      1486000
      743000           32          67.194     47552000      2972000
      817280            1          11.983      1634560       102160
      817280            2           6.589      3269120       204320
      817280            4          10.944      6538240       408640
      817280            8          19.761     13076480       817280
      817280           16          49.924     26152960      1634560
      817280           32          73.037     52305920      3269120
      899000            1          14.851      1798000       112375
      899000            2           7.165      3596000       224750
      899000            4          11.877      7192000       449500
      899000            8          21.790     14384000       899000
      899000           16          41.435     28768000      1798000
      899000           32          80.531     57536000      3596000
      988880            1          22.668      1977760       123610
      988880            2           9.386      3955520       247220
      988880            4          16.400      7911040       494440
      988880            8          30.109     15822080       988880
      988880           16          56.548     31644160      1977760
     1087760            1          17.429      2175520       135970
     1087760            2           8.272      4351040       271940
     1087760            4          14.539      8702080       543880
     1087760            8          26.277     17404160      1087760
     1087760           16          49.920     34808320      2175520
     1196520            1          22.683      2393040       149565
     1196520            2          12.177      4786080       299130
     1196520            4          21.498      9572160       598260
     1196520            8          39.738     19144320      1196520
     1196520           16          77.524     38288640      2393040
     1316160            1          21.558      2632320       164520
     1316160            2          14.287      5264640       329040
     1316160            4          27.113     10529280       658080
     1316160            8          49.988     21058560      1316160
     1316160           16          76.635     42117120      2632320
     1447760            1          27.046      2895520       180970
     1447760            2          11.674      5791040       361940
     1447760            4          24.859     11582080       723880
     1447760            8          42.348     23164160      1447760
     1447760           16          68.750     46328320      2895520
     1592520            1          32.986      3185040       199065
     1592520            2          16.704      6370080       398130
     1592520            4          28.241     12740160       796260
     1592520            8          50.883     25480320      1592520
     1592520           16          91.154     50960640      3185040
     1751760            1          31.919      3503520       218970
     1751760            2          20.359      7007040       437940
     1751760            4          31.557     14014080       875880
     1751760            8          59.833     28028160      1751760
     1751760           16         109.590     56056320      3503520
     1926920            1          36.736      3853840       240865
     1926920            2          23.411      7707680       481730
     1926920            4          36.397     15415360       963460
     1926920            8          66.995     30830720      1926920
     1926920           16         127.356     61661440      3853840
     2119600            1          37.705      4239200       264950
     2119600            2          24.822      8478400       529900
     2119600            4          40.108     16956800      1059800
     2119600            8          72.723     33913600      2119600
     2331560            1          41.036      4663120       291445
     2331560            2          28.243      9326240       582890
     2331560            4          43.547     18652480      1165780
     2331560            8          79.934     37304960      2331560
     2564680            1          44.660      5129360       320585
     2564680            2          31.911     10258720       641170
     2564680            4          48.921     20517440      1282340
     2564680            8          88.762     41034880      2564680
     2821120            1          53.957      5642240       352640
     2821120            2          35.319     11284480       705280
     2821120            4          54.456     22568960      1410560
     2821120            8          96.488     45137920      2821120
     3103200            1          53.308      6206400       387900
     3103200            2          39.598     12412800       775800
     3103200            4          62.288     24825600      1551600
     3103200            8         116.444     49651200      3103200
     3413520            1          56.923      6827040       426690
     3413520            2          44.721     13654080       853380
     3413520            4          68.513     27308160      1706760
     3413520            8         122.445     54616320      3413520
     3754840            1          62.443      7509680       469355
     3754840            2          52.219     15019360       938710
     3754840            4          83.437     30038720      1877420
     3754840            8         139.856     60077440      3754840
     4130320            1          73.205      8260640       516290
     4130320            2          78.523     16521280      1032580
     4130320            4          91.980     33042560      2065160
     4543320            1          64.279      9086640       567915
     4543320            2          68.443     18173280      1135830
     4543320            4         100.446     36346560      2271660
     4997640            1          73.171      9995280       624705
     4997640            2          84.179     19990560      1249410
     4997640            4         123.560     39981120      2498820
     5497400            1          69.716     10994800       687175
     5497400            2          89.408     21989600      1374350
     5497400            4         130.629     43979200      2748700
     6047120            1          77.003     12094240       755890
     6047120            2         101.617     24188480      1511780
     6047120            4         149.649     48376960      3023560
     6651800            1          83.506     13303600       831475
     6651800            2         117.350     26607200      1662950
     6651800            4         174.637     53214400      3325900
     7316960            1          75.941     14633920       914620
     7316960            2         119.529     29267840      1829240
     7316960            4         173.619     58535680      3658480
     8048640            1          89.036     16097280      1006080
     8048640            2         135.393     32194560      2012160
     8853480            1          91.390     17706960      1106685
     8853480            2         153.494     35413920      2213370
     9738800            1         101.717     19477600      1217350
     9738800            2         172.775     38955200      2434700
    10712680            1         110.169     21425360      1339085
    10712680            2         188.698     42850720      2678170
    11783920            1         121.517     23567840      1472990
    11783920            2         209.919     47135680      2945980
    12962280            1         135.608     25924560      1620285
    12962280            2         232.056     51849120      3240570
    14258480            1         148.886     28516960      1782310
    14258480            2         256.591     57033920      3564620
    15684320            1         169.021     31368640      1960540
    17252720            1         191.730     34505440      2156590
    18977960            1         243.774     37955920      2372245
    20875720            1         253.778     41751440      2609465
    22963280            1         297.469     45926560      2870410
    25259600            1         349.968     50519200      3157450
    27785560            1         398.189     55571120      3473195
    30564080            1         448.450     61128160      3820510

META_DATA
FLOPS          1
OPENMP_THREADS 5
ERT_VERSION  1.1.0
HOSTNAME  ('cirrus4.computing.clemson.edu', ['cirrus4'], ['127.0.1.1'])
UNAME  uname_result(system='Linux', node='cirrus4.computing.clemson.edu', release='5.4.0-81-generic', version='#91-Ubuntu SMP Thu Jul 15 19:09:17 UTC 2021', machine='x86_64', processor='x86_64')
TIMESTAMP_DATA  1632245392.0682342
CONFIG  {'ERT_RESULTS': ['Results.cs.clemson.edu'], 'ERT_DRIVER': ['driver1'], 'ERT_KERNEL': ['kernel1'], 'ERT_MPI': ['False'], 'ERT_MPI_CFLAGS': [], 'ERT_MPI_LDFLAGS': [], 'ERT_OPENMP': ['True'], 'ERT_OPENMP_CFLAGS': ['-fopenmp'], 'ERT_OPENMP_LDFLAGS': ['-fopenmp'], 'ERT_FLOPS': ['1,2,4'], 'ERT_ALIGN': ['32'], 'ERT_CC': ['g++'], 'ERT_CFLAGS': ['-O3', '-std=c++11', '-fstrict-aliasing', '-march=native'], 'ERT_LD': ['g++'], 'ERT_LDFLAGS': [], 'ERT_LDLIBS': [], 'ERT_PRECISION': ['FP64'], 'ERT_RUN': ['export', 'OMP_NUM_THREADS=ERT_OPENMP_THREADS;', 'export', 'OMP_PLACES=threads;', 'export', 'OMP_PROC_BIND=spread;', './ERT_CODE'], 'ERT_PROCS_THREADS': ['8'], 'ERT_MPI_PROCS': ['2,4,8'], 'ERT_OPENMP_THREADS': ['1-8'], 'ERT_NUM_EXPERIMENTS': ['5'], 'ERT_MEMORY_MAX': ['31000000'], 'ERT_WORKING_SET_MIN': ['1'], 'ERT_TRIALS_MIN': ['1'], 'ERT_GNUPLOT': ['gnuplot'], 'ERT_GPU': [False], 'ERT_HIP': [False], 'ERT_OCL': [False], 'ERT_SYCL': [False], 'ERT_WSS_MULT': [1.1]}
