fp64
          40            1           0.833           80            5
          40            2           0.376          160           10
          40            4           0.558          320           20
          40            8           0.506          640           40
          40           16           0.560         1280           80
          40           32           0.597         2560          160
          40           64           0.548         5120          320
          40          128           0.814        10240          640
          40          256           0.929        20480         1280
          40          512           1.644        40960         2560
          40         1024           2.689        81920         5120
          40         2048           4.984       163840        10240
          40         4096           9.558       327680        20480
          40         8192          18.691       655360        40960
          40        16384          36.771      1310720        81920
          40        32768          86.680      2621440       163840
          40        65536         145.360      5242880       327680
          40       131072         290.315     10485760       655360
          40       262144         580.286     20971520      1310720
          40       524288        1159.759     41943040      2621440
          80            1           0.612          160           10
          80            2           0.436          320           20
          80            4           0.488          640           40
          80            8           0.527         1280           80
          80           16           0.553         2560          160
          80           32           0.543         5120          320
          80           64           0.537        10240          640
          80          128           0.633        20480         1280
          80          256           1.115        40960         2560
          80          512           1.643        81920         5120
          80         1024           2.827       163840        10240
          80         2048           5.051       327680        20480
          80         4096           9.669       655360        40960
          80         8192          19.046      1310720        81920
          80        16384          37.827      2621440       163840
          80        32768          75.541      5242880       327680
          80        65536         150.507     10485760       655360
          80       131072         300.505     20971520      1310720
          80       262144         600.507     41943040      2621440
         120            1           0.474          240           15
         120            2           0.421          480           30
         120            4           0.473          960           60
         120            8           0.665         1920          120
         120           16           0.418         3840          240
         120           32           0.418         7680          480
         120           64           0.561        15360          960
         120          128           0.704        30720         1920
         120          256           0.981        61440         3840
         120          512           1.683       122880         7680
         120         1024           2.646       245760        15360
         120         2048           4.951       491520        30720
         120         4096           9.738       983040        61440
         120         8192          32.147      1966080       122880
         120        16384          44.303      3932160       245760
         120        32768          88.277      7864320       491520
         120        65536         176.343     15728640       983040
         120       131072         352.303     31457280      1966080
         160            1           0.975          320           20
         160            2           0.575          640           40
         160            4           0.414         1280           80
         160            8           0.506         2560          160
         160           16           0.584         5120          320
         160           32           0.415        10240          640
         160           64           0.746        20480         1280
         160          128           0.690        40960         2560
         160          256           1.197        81920         5120
         160          512           1.931       163840        10240
         160         1024           3.469       327680        20480
         160         2048           6.189       655360        40960
         160         4096          11.974      1310720        81920
         160         8192          23.536      2621440       163840
         160        16384          46.741      5242880       327680
         160        32768          93.103     10485760       655360
         160        65536         186.008     20971520      1310720
         160       131072         371.410     41943040      2621440
         200            1           0.580          400           25
         200            2           0.432          800           50
         200            4           0.585         1600          100
         200            8           0.621         3200          200
         200           16           0.519         6400          400
         200           32           0.595        12800          800
         200           64           0.523        25600         1600
         200          128           0.808        51200         3200
         200          256           0.997       102400         6400
         200          512           1.947       204800        12800
         200         1024           3.275       409600        25600
         200         2048           6.238       819200        51200
         200         4096          12.102      1638400       102400
         200         8192          23.698      3276800       204800
         200        16384          46.895      6553600       409600
         200        32768          93.454     13107200       819200
         200        65536         186.389     26214400      1638400
         200       131072         372.317     52428800      3276800
         240            1           0.895          480           30
         240            2           0.613          960           60
         240            4           0.702         1920          120
         240            8           0.552         3840          240
         240           16           0.591         7680          480
         240           32           0.689        15360          960
         240           64           0.666        30720         1920
         240          128           0.778        61440         3840
         240          256           1.285       122880         7680
         240          512           1.968       245760        15360
         240         1024           3.296       491520        30720
         240         2048           6.279       983040        61440
         240         4096          11.968      1966080       122880
         240         8192          23.811      3932160       245760
         240        16384          47.129      7864320       491520
         240        32768          93.986     15728640       983040
         240        65536         187.367     31457280      1966080
         280            1           0.935          560           35
         280            2           0.433         1120           70
         280            4           0.540         2240          140
         280            8           0.434         4480          280
         280           16           0.456         8960          560
         280           32           0.647        17920         1120
         280           64           0.627        35840         2240
         280          128           0.660        71680         4480
         280          256           1.240       143360         8960
         280          512           1.978       286720        17920
         280         1024           3.388       573440        35840
         280         2048           6.339      1146880        71680
         280         4096          12.102      2293760       143360
         280         8192          23.841      4587520       286720
         280        16384          47.142      9175040       573440
         280        32768          93.946     18350080      1146880
         280        65536         187.185     36700160      2293760
         320            1           0.870          640           40
         320            2           0.505         1280           80
         320            4           0.485         2560          160
         320            8           0.460         5120          320
         320           16           0.506        10240          640
         320           32           0.600        20480         1280
         320           64           0.578        40960         2560
         320          128           0.660        81920         5120
         320          256           1.144       163840        10240
         320          512           1.848       327680        20480
         320         1024           3.465       655360        40960
         320         2048           6.422      1310720        81920
         320         4096          12.828      2621440       163840
         320         8192          24.902      5242880       327680
         320        16384          49.187     10485760       655360
         320        32768          98.103     20971520      1310720
         320        65536         196.097     41943040      2621440
         360            1           0.629          720           45
         360            2           0.407         1440           90
         360            4           0.488         2880          180
         360            8           0.448         5760          360
         360           16           0.482        11520          720
         360           32           0.627        23040         1440
         360           64           0.679        46080         2880
         360          128           0.734        92160         5760
         360          256           1.062       184320        11520
         360          512           1.896       368640        23040
         360         1024           3.512       737280        46080
         360         2048          13.805      1474560        92160
         360         4096          12.604      2949120       184320
         360         8192          25.084      5898240       368640
         360        16384          49.818     11796480       737280
         360        32768          99.303     23592960      1474560
         360        65536         196.845     47185920      2949120
         400            1           0.498          800           50
         400            2           0.393         1600          100
         400            4           0.608         3200          200
         400            8           0.605         6400          400
         400           16           0.610        12800          800
         400           32           0.712        25600         1600
         400           64           0.775        51200         3200
         400          128           0.800       102400         6400
         400          256           1.137       204800        12800
         400          512           2.015       409600        25600
         400         1024           3.523       819200        51200
         400         2048          13.067      1638400       102400
         400         4096          12.618      3276800       204800
         400         8192          25.057      6553600       409600
         400        16384          49.581     13107200       819200
         400        32768          98.485     26214400      1638400
         400        65536         215.451     52428800      3276800
         440            1           1.098          880           55
         440            2           0.431         1760          110
         440            4           0.465         3520          220
         440            8           0.591         7040          440
         440           16           0.657        14080          880
         440           32           0.651        28160         1760
         440           64           0.631        56320         3520
         440          128           0.894       112640         7040
         440          256           1.094       225280        14080
         440          512           2.017       450560        28160
         440         1024           3.354       901120        56320
         440         2048           6.548      1802240       112640
         440         4096          13.406      3604480       225280
         440         8192          25.183      7208960       450560
         440        16384          49.654     14417920       901120
         440        32768         102.512     28835840      1802240
         440        65536         214.405     57671680      3604480
         480            1           1.113          960           60
         480            2           0.270         1920          120
         480            4           0.614         3840          240
         480            8           0.626         7680          480
         480           16           0.547        15360          960
         480           32           0.606        30720         1920
         480           64           0.739        61440         3840
         480          128           0.699       122880         7680
         480          256           1.248       245760        15360
         480          512           1.856       491520        30720
         480         1024           3.618       983040        61440
         480         2048           6.542      1966080       122880
         480         4096          12.615      3932160       245760
         480         8192          24.981      7864320       491520
         480        16384          49.519     15728640       983040
         480        32768          99.805     31457280      1966080
         520            1           0.776         1040           65
         520            2           0.579         2080          130
         520            4           0.471         4160          260
         520            8           0.578         8320          520
         520           16           0.543        16640         1040
         520           32           0.466        33280         2080
         520           64           0.556        66560         4160
         520          128           0.770       133120         8320
         520          256           1.083       266240        16640
         520          512           1.891       532480        33280
         520         1024           3.542      1064960        66560
         520         2048           6.582      2129920       133120
         520         4096          12.878      4259840       266240
         520         8192          25.169      8519680       532480
         520        16384          50.246     17039360      1064960
         520        32768          99.793     34078720      2129920
         560            1           0.877         1120           70
         560            2           0.597         2240          140
         560            4           0.460         4480          280
         560            8           0.474         8960          560
         560           16           0.511        17920         1120
         560           32           0.578        35840         2240
         560           64           0.574        71680         4480
         560          128           0.710       143360         8960
         560          256           0.941       286720        17920
         560          512           1.543       573440        35840
         560         1024           2.503      1146880        71680
         560         2048           4.962      2293760       143360
         560         4096           9.078      4587520       286720
         560         8192          18.071      9175040       573440
         560        16384          35.296     18350080      1146880
         560        32768          70.590     36700160      2293760
         600            1           0.323         1200           75
         600            2           0.458         2400          150
         600            4           0.452         4800          300
         600            8           0.414         9600          600
         600           16           0.628        19200         1200
         600           32           0.613        38400         2400
         600           64           0.671        76800         4800
         600          128           0.767       153600         9600
         600          256           0.962       307200        19200
         600          512           1.516       614400        38400
         600         1024           2.655      1228800        76800
         600         2048           4.884      2457600       153600
         600         4096           9.150      4915200       307200
         600         8192          18.051      9830400       614400
         600        16384          35.850     19660800      1228800
         600        32768          71.121     39321600      2457600
         640            1           0.379         1280           80
         640            2           0.472         2560          160
         640            4           0.591         5120          320
         640            8           0.450        10240          640
         640           16           0.534        20480         1280
         640           32           0.535        40960         2560
         640           64           0.860        81920         5120
         640          128           0.711       163840        10240
         640          256           1.079       327680        20480
         640          512           1.614       655360        40960
         640         1024           2.570      1310720        81920
         640         2048           4.727      2621440       163840
         640         4096           9.132      5242880       327680
         640         8192          18.165     10485760       655360
         640        16384          35.876     20971520      1310720
         640        32768          76.400     41943040      2621440
         680            1           0.214         1360           85
         680            2           0.434         2720          170
         680            4           0.453         5440          340
         680            8           0.599        10880          680
         680           16           0.513        21760         1360
         680           32           0.672        43520         2720
         680           64           0.689        87040         5440
         680          128           0.708       174080        10880
         680          256           1.115       348160        21760
         680          512           1.765       696320        43520
         680         1024           2.991      1392640        87040
         680         2048           5.248      2785280       174080
         680         4096          10.153      5570560       348160
         680         8192          19.941     11141120       696320
         680        16384          39.467     22282240      1392640
         680        32768          78.751     44564480      2785280
         720            1           0.306         1440           90
         720            2           0.398         2880          180
         720            4           0.466         5760          360
         720            8           0.599        11520          720
         720           16           0.420        23040         1440
         720           32           0.470        46080         2880
         720           64           0.456        92160         5760
         720          128           0.818       184320        11520
         720          256           1.118       368640        23040
         720          512           1.641       737280        46080
         720         1024           3.138      1474560        92160
         720         2048           5.913      2949120       184320
         720         4096          13.495      5898240       368640
         720         8192          22.200     11796480       737280
         720        16384          45.714     23592960      1474560
         720        32768          86.736     47185920      2949120
         760            1           1.129         1520           95
         760            2           0.607         3040          190
         760            4           0.561         6080          380
         760            8           0.530        12160          760
         760           16           0.537        24320         1520
         760           32           0.626        48640         3040
         760           64           0.481        97280         6080
         760          128           0.894       194560        12160
         760          256           1.186       389120        24320
         760          512           2.137       778240        48640
         760         1024           3.865      1556480        97280
         760         2048           7.134      3112960       194560
         760         4096          14.582      6225920       389120
         760         8192          29.535     12451840       778240
         760        16384          60.641     24903680      1556480
         760        32768         119.964     49807360      3112960
         800            1           0.630         1600          100
         800            2           0.263         3200          200
         800            4           0.612         6400          400
         800            8           0.502        12800          800
         800           16           0.561        25600         1600
         800           32           0.458        51200         3200
         800           64           0.510       102400         6400
         800          128           0.773       204800        12800
         800          256           0.988       409600        25600
         800          512           1.655       819200        51200
         800         1024           2.933      1638400       102400
         800         2048           5.803      3276800       204800
         800         4096          11.281      6553600       409600
         800         8192          21.730     13107200       819200
         800        16384          42.735     26214400      1638400
         800        32768          87.062     52428800      3276800
         880            1           0.664         1760          110
         880            2           0.382         3520          220
         880            4           0.570         7040          440
         880            8           0.563        14080          880
         880           16           0.494        28160         1760
         880           32           0.612        56320         3520
         880           64           0.695       112640         7040
         880          128           0.661       225280        14080
         880          256           0.972       450560        28160
         880          512           1.668       901120        56320
         880         1024           3.240      1802240       112640
         880         2048           6.081      3604480       225280
         880         4096          11.745      7208960       450560
         880         8192          23.281     14417920       901120
         880        16384          48.157     28835840      1802240
         880        32768         109.354     57671680      3604480
         960            1           0.418         1920          120
         960            2           0.505         3840          240
         960            4           0.489         7680          480
         960            8           0.519        15360          960
         960           16           0.387        30720         1920
         960           32           0.440        61440         3840
         960           64           0.532       122880         7680
         960          128           0.718       245760        15360
         960          256           1.005       491520        30720
         960          512           1.851       983040        61440
         960         1024           3.353      1966080       122880
         960         2048           6.553      3932160       245760
         960         4096          12.654      7864320       491520
         960         8192          24.712     15728640       983040
         960        16384          49.177     31457280      1966080
        1040            1           0.510         2080          130
        1040            2           0.421         4160          260
        1040            4           0.568         8320          520
        1040            8           0.466        16640         1040
        1040           16           0.509        33280         2080
        1040           32           0.558        66560         4160
        1040           64           0.519       133120         8320
        1040          128           0.712       266240        16640
        1040          256           1.041       532480        33280
        1040          512           1.936      1064960        66560
        1040         1024           3.756      2129920       133120
        1040         2048           7.238      4259840       266240
        1040         4096          14.269      8519680       532480
        1040         8192          28.183     17039360      1064960
        1040        16384          56.355     34078720      2129920
        1120            1           0.251         2240          140
        1120            2           0.458         4480          280
        1120            4           0.526         8960          560
        1120            8           0.401        17920         1120
        1120           16           0.495        35840         2240
        1120           32           0.501        71680         4480
        1120           64           0.521       143360         8960
        1120          128           0.682       286720        17920
        1120          256           1.211       573440        35840
        1120          512           2.018      1146880        71680
        1120         1024           3.766      2293760       143360
        1120         2048           7.124      4587520       286720
        1120         4096          13.806      9175040       573440
        1120         8192          27.631     18350080      1146880
        1120        16384          54.747     36700160      2293760
        1200            1           0.288         2400          150
        1200            2           0.601         4800          300
        1200            4           0.548         9600          600
        1200            8           0.403        19200         1200
        1200           16           0.404        38400         2400
        1200           32           0.481        76800         4800
        1200           64           0.558       153600         9600
        1200          128           0.692       307200        19200
        1200          256           1.296       614400        38400
        1200          512           2.166      1228800        76800
        1200         1024           3.751      2457600       153600
        1200         2048           7.383      4915200       307200
        1200         4096          14.220      9830400       614400
        1200         8192          28.359     19660800      1228800
        1200        16384          56.254     39321600      2457600
        1320            1           0.223         2640          165
        1320            2           0.478         5280          330
        1320            4           0.650        10560          660
        1320            8           0.426        21120         1320
        1320           16           0.393        42240         2640
        1320           32           0.522        84480         5280
        1320           64           0.526       168960        10560
        1320          128           0.642       337920        21120
        1320          256           1.282       675840        42240
        1320          512           2.193      1351680        84480
        1320         1024           4.224      2703360       168960
        1320         2048           7.764      5406720       337920
        1320         4096          15.397     10813440       675840
        1320         8192          30.511     21626880      1351680
        1320        16384          60.660     43253760      2703360
        1440            1           0.276         2880          180
        1440            2           0.392         5760          360
        1440            4           0.669        11520          720
        1440            8           0.596        23040         1440
        1440           16           0.415        46080         2880
        1440           32           0.519        92160         5760
        1440           64           0.618       184320        11520
        1440          128           0.767       368640        23040
        1440          256           1.248       737280        46080
        1440          512           2.403      1474560        92160
        1440         1024           4.476      2949120       184320
        1440         2048           8.579      5898240       368640
        1440         4096          16.973     11796480       737280
        1440         8192          33.443     23592960      1474560
        1440        16384          66.517     47185920      2949120
        1560            1           0.206         3120          195
        1560            2           0.437         6240          390
        1560            4           0.553        12480          780
        1560            8           0.568        24960         1560
        1560           16           0.509        49920         3120
        1560           32           0.484        99840         6240
        1560           64           0.601       199680        12480
        1560          128           0.819       399360        24960
        1560          256           1.345       798720        49920
        1560          512           2.344      1597440        99840
        1560         1024           4.636      3194880       199680
        1560         2048           8.774      6389760       399360
        1560         4096          17.349     12779520       798720
        1560         8192          34.279     25559040      1597440
        1560        16384          68.247     51118080      3194880
        1680            1           0.272         3360          210
        1680            2           0.597         6720          420
        1680            4           0.524        13440          840
        1680            8           0.535        26880         1680
        1680           16           0.368        53760         3360
        1680           32           0.466       107520         6720
        1680           64           0.634       215040        13440
        1680          128           0.829       430080        26880
        1680          256           1.514       860160        53760
        1680          512           2.562      1720320       107520
        1680         1024           4.740      3440640       215040
        1680         2048           9.242      6881280       430080
        1680         4096          18.288     13762560       860160
        1680         8192          36.210     27525120      1720320
        1680        16384          72.415     55050240      3440640
        1840            1           0.263         3680          230
        1840            2           0.399         7360          460
        1840            4           0.657        14720          920
        1840            8           0.565        29440         1840
        1840           16           0.517        58880         3680
        1840           32           0.627       117760         7360
        1840           64           0.667       235520        14720
        1840          128           0.877       471040        29440
        1840          256           1.521       942080        58880
        1840          512           2.635      1884160       117760
        1840         1024           5.275      3768320       235520
        1840         2048          10.054      7536640       471040
        1840         4096          19.581     15073280       942080
        1840         8192          38.654     30146560      1884160
        1840        16384          77.119     60293120      3768320
        2000            1           0.280         4000          250
        2000            2           0.581         8000          500
        2000            4           0.403        16000         1000
        2000            8           0.496        32000         2000
        2000           16           0.490        64000         4000
        2000           32           0.506       128000         8000
        2000           64           0.595       256000        16000
        2000          128           0.999       512000        32000
        2000          256           1.610      1024000        64000
        2000          512           2.926      2048000       128000
        2000         1024           5.567      4096000       256000
        2000         2048          10.488      8192000       512000
        2000         4096          20.999     16384000      1024000
        2000         8192          41.338     32768000      2048000
        2200            1           0.259         4400          275
        2200            2           0.515         8800          550
        2200            4           0.567        17600         1100
        2200            8           0.549        35200         2200
        2200           16           0.499        70400         4400
        2200           32           0.577       140800         8800
        2200           64           0.649       281600        17600
        2200          128           0.911       563200        35200
        2200          256           1.740      1126400        70400
        2200          512           3.183      2252800       140800
        2200         1024           5.907      4505600       281600
        2200         2048          11.285      9011200       563200
        2200         4096          22.245     18022400      1126400
        2200         8192          44.014     36044800      2252800
        2400            1           0.295         4800          300
        2400            2           0.480         9600          600
        2400            4           0.612        19200         1200
        2400            8           0.546        38400         2400
        2400           16           0.485        76800         4800
        2400           32           0.609       153600         9600
        2400           64           0.694       307200        19200
        2400          128           0.995       614400        38400
        2400          256           1.554      1228800        76800
        2400          512           2.779      2457600       153600
        2400         1024           5.269      4915200       307200
        2400         2048          10.361      9830400       614400
        2400         4096          20.254     19660800      1228800
        2400         8192          40.408     39321600      2457600
        2640            1           0.263         5280          330
        2640            2           0.472        10560          660
        2640            4           0.620        21120         1320
        2640            8           0.443        42240         2640
        2640           16           0.554        84480         5280
        2640           32           0.565       168960        10560
        2640           64           0.681       337920        21120
        2640          128           1.093       675840        42240
        2640          256           1.779      1351680        84480
        2640          512           3.336      2703360       168960
        2640         1024           6.475      5406720       337920
        2640         2048          12.659     10813440       675840
        2640         4096          25.048     21626880      1351680
        2640         8192          49.988     43253760      2703360
        2880            1           1.325         5760          360
        2880            2           0.301        11520          720
        2880            4           0.571        23040         1440
        2880            8           0.506        46080         2880
        2880           16           0.574        92160         5760
        2880           32           0.678       184320        11520
        2880           64           0.744       368640        23040
        2880          128           1.094       737280        46080
        2880          256           2.119      1474560        92160
        2880          512           3.437      2949120       184320
        2880         1024           6.945      5898240       368640
        2880         2048          13.131     11796480       737280
        2880         4096          27.660     23592960      1474560
        2880         8192          53.841     47185920      2949120
        3160            1           1.063         6320          395
        3160            2           0.299        12640          790
        3160            4           0.598        25280         1580
        3160            8           0.505        50560         3160
        3160           16           0.544       101120         6320
        3160           32           0.629       202240        12640
        3160           64           0.853       404480        25280
        3160          128           1.284       808960        50560
        3160          256           2.245      1617920       101120
        3160          512           4.449      3235840       202240
        3160         1024           9.009      6471680       404480
        3160         2048          16.092     12943360       808960
        3160         4096          34.134     25886720      1617920
        3160         8192          62.170     51773440      3235840
        3440            1           0.712         6880          430
        3440            2           0.388        13760          860
        3440            4           0.607        27520         1720
        3440            8           0.695        55040         3440
        3440           16           0.626       110080         6880
        3440           32           0.646       220160        13760
        3440           64           0.861       440320        27520
        3440          128           1.379       880640        55040
        3440          256           2.331      1761280       110080
        3440          512           4.257      3522560       220160
        3440         1024           8.331      7045120       440320
        3440         2048          15.738     14090240       880640
        3440         4096          31.450     28180480      1761280
        3440         8192          68.599     56360960      3522560
        3760            1           0.949         7520          470
        3760            2           0.452        15040          940
        3760            4           0.488        30080         1880
        3760            8           0.540        60160         3760
        3760           16           0.545       120320         7520
        3760           32           0.729       240640        15040
        3760           64           1.232       481280        30080
        3760          128           1.802       962560        60160
        3760          256           2.849      1925120       120320
        3760          512           5.713      3850240       240640
        3760         1024          10.329      7700480       481280
        3760         2048          19.797     15400960       962560
        3760         4096          40.362     30801920      1925120
        3760         8192          66.005     61603840      3850240
        4120            1           0.571         8240          515
        4120            2           0.326        16480         1030
        4120            4           0.513        32960         2060
        4120            8           0.563        65920         4120
        4120           16           0.608       131840         8240
        4120           32           0.693       263680        16480
        4120           64           1.084       527360        32960
        4120          128           1.513      1054720        65920
        4120          256           2.354      2109440       131840
        4120          512           4.526      4218880       263680
        4120         1024           8.689      8437760       527360
        4120         2048          17.260     16875520      1054720
        4120         4096          33.836     33751040      2109440
        4520            1           1.040         9040          565
        4520            2           0.447        18080         1130
        4520            4           0.525        36160         2260
        4520            8           0.525        72320         4520
        4520           16           0.590       144640         9040
        4520           32           0.843       289280        18080
        4520           64           0.893       578560        36160
        4520          128           1.440      1157120        72320
        4520          256           2.544      2314240       144640
        4520          512           4.861      4628480       289280
        4520         1024           9.219      9256960       578560
        4520         2048          18.136     18513920      1157120
        4520         4096          35.985     37027840      2314240
        4960            1           0.459         9920          620
        4960            2           0.524        19840         1240
        4960            4           0.584        39680         2480
        4960            8           0.668        79360         4960
        4960           16           0.567       158720         9920
        4960           32           0.754       317440        19840
        4960           64           1.069       634880        39680
        4960          128           1.780      1269760        79360
        4960          256           3.710      2539520       158720
        4960          512           6.897      5079040       317440
        4960         1024          12.908     10158080       634880
        4960         2048          24.724     20316160      1269760
        4960         4096          49.326     40632320      2539520
        5440            1           0.466        10880          680
        5440            2           0.594        21760         1360
        5440            4           0.575        43520         2720
        5440            8           0.491        87040         5440
        5440           16           0.589       174080        10880
        5440           32           1.004       348160        21760
        5440           64           1.520       696320        43520
        5440          128           2.983      1392640        87040
        5440          256           5.142      2785280       174080
        5440          512          10.143      5570560       348160
        5440         1024          18.933     11141120       696320
        5440         2048          38.775     22282240      1392640
        5440         4096          75.892     44564480      2785280
        5960            1           0.601        11920          745
        5960            2           0.502        23840         1490
        5960            4           0.647        47680         2980
        5960            8           0.528        95360         5960
        5960           16           0.591       190720        11920
        5960           32           0.910       381440        23840
        5960           64           1.291       762880        47680
        5960          128           2.388      1525760        95360
        5960          256           4.559      3051520       190720
        5960          512           8.471      6103040       381440
        5960         1024          17.034     12206080       762880
        5960         2048          29.635     24412160      1525760
        5960         4096          59.803     48824320      3051520
        6520            1           0.519        13040          815
        6520            2           0.499        26080         1630
        6520            4           0.487        52160         3260
        6520            8           0.737       104320         6520
        6520           16           0.738       208640        13040
        6520           32           0.861       417280        26080
        6520           64           1.449       834560        52160
        6520          128           2.677      1669120       104320
        6520          256           5.023      3338240       208640
        6520          512          10.430      6676480       417280
        6520         1024          20.028     13352960       834560
        6520         2048          42.579     26705920      1669120
        6520         4096          82.535     53411840      3338240
        7160            1           0.965        14320          895
        7160            2           0.389        28640         1790
        7160            4           0.522        57280         3580
        7160            8           0.508       114560         7160
        7160           16           0.742       229120        14320
        7160           32           1.026       458240        28640
        7160           64           1.719       916480        57280
        7160          128           3.112      1832960       114560
        7160          256           5.791      3665920       229120
        7160          512          10.656      7331840       458240
        7160         1024          22.369     14663680       916480
        7160         2048          44.233     29327360      1832960
        7160         4096          86.750     58654720      3665920
        7840            1           0.947        15680          980
        7840            2           0.399        31360         1960
        7840            4           0.542        62720         3920
        7840            8           0.561       125440         7840
        7840           16           0.692       250880        15680
        7840           32           0.883       501760        31360
        7840           64           1.339      1003520        62720
        7840          128           2.628      2007040       125440
        7840          256           5.104      4014080       250880
        7840          512           9.926      8028160       501760
        7840         1024          19.068     16056320      1003520
        7840         2048          38.933     32112640      2007040
        8600            1           1.047        17200         1075
        8600            2           0.451        34400         2150
        8600            4           0.624        68800         4300
        8600            8           0.695       137600         8600
        8600           16           0.733       275200        17200
        8600           32           0.866       550400        34400
        8600           64           1.746      1100800        68800
        8600          128           2.922      2201600       137600
        8600          256           4.552      4403200       275200
        8600          512           8.728      8806400       550400
        8600         1024          20.396     17612800      1100800
        8600         2048          43.178     35225600      2201600
        9440            1           0.339        18880         1180
        9440            2           0.632        37760         2360
        9440            4           0.677        75520         4720
        9440            8           0.657       151040         9440
        9440           16           0.667       302080        18880
        9440           32           0.984       604160        37760
        9440           64           1.425      1208320        75520
        9440          128           2.556      2416640       151040
        9440          256           4.623      4833280       302080
        9440          512           9.074      9666560       604160
        9440         1024          17.739     19333120      1208320
        9440         2048          34.920     38666240      2416640
       10360            1           0.794        20720         1295
       10360            2           0.362        41440         2590
       10360            4           0.659        82880         5180
       10360            8           0.569       165760        10360
       10360           16           0.717       331520        20720
       10360           32           1.085       663040        41440
       10360           64           1.939      1326080        82880
       10360          128           3.328      2652160       165760
       10360          256           6.507      5304320       331520
       10360          512          13.032     10608640       663040
       10360         1024          26.023     21217280      1326080
       10360         2048          51.188     42434560      2652160
       11360            1           0.492        22720         1420
       11360            2           0.494        45440         2840
       11360            4           0.504        90880         5680
       11360            8           0.613       181760        11360
       11360           16           0.755       363520        22720
       11360           32           1.262       727040        45440
       11360           64           1.935      1454080        90880
       11360          128           3.587      2908160       181760
       11360          256           6.950      5816320       363520
       11360          512          14.617     11632640       727040
       11360         1024          26.745     23265280      1454080
       11360         2048          45.689     46530560      2908160
       12480            1           0.523        24960         1560
       12480            2           0.715        49920         3120
       12480            4           0.580        99840         6240
       12480            8           0.649       199680        12480
       12480           16           0.786       399360        24960
       12480           32           1.458       798720        49920
       12480           64           2.422      1597440        99840
       12480          128           4.033      3194880       199680
       12480          256           7.696      6389760       399360
       12480          512          16.728     12779520       798720
       12480         1024          33.411     25559040      1597440
       12480         2048          62.083     51118080      3194880
       13720            1           0.422        27440         1715
       13720            2           0.559        54880         3430
       13720            4           0.506       109760         6860
       13720            8           0.660       219520        13720
       13720           16           0.811       439040        27440
       13720           32           1.335       878080        54880
       13720           64           2.102      1756160       109760
       13720          128           3.725      3512320       219520
       13720          256           7.024      7024640       439040
       13720          512          13.674     14049280       878080
       13720         1024          26.760     28098560      1756160
       13720         2048          66.188     56197120      3512320
       15080            1           0.540        30160         1885
       15080            2           0.673        60320         3770
       15080            4           0.669       120640         7540
       15080            8           0.665       241280        15080
       15080           16           0.924       482560        30160
       15080           32           1.573       965120        60320
       15080           64           2.581      1930240       120640
       15080          128           4.766      3860480       241280
       15080          256           7.137      7720960       482560
       15080          512          13.825     15441920       965120
       15080         1024          36.486     30883840      1930240
       15080         2048          66.280     61767680      3860480
       16560            1           1.475        33120         2070
       16560            2           0.497        66240         4140
       16560            4           0.480       132480         8280
       16560            8           0.783       264960        16560
       16560           16           1.010       529920        33120
       16560           32           1.552      1059840        66240
       16560           64           2.355      2119680       132480
       16560          128           4.440      4239360       264960
       16560          256           8.213      8478720       529920
       16560          512          15.960     16957440      1059840
       16560         1024          31.639     33914880      2119680
       18200            1           0.976        36400         2275
       18200            2           0.519        72800         4550
       18200            4           0.710       145600         9100
       18200            8           0.837       291200        18200
       18200           16           0.998       582400        36400
       18200           32           1.500      1164800        72800
       18200           64           3.155      2329600       145600
       18200          128           5.715      4659200       291200
       18200          256          11.839      9318400       582400
       18200          512          23.128     18636800      1164800
       18200         1024          42.173     37273600      2329600
       20000            1           1.087        40000         2500
       20000            2           0.495        80000         5000
       20000            4           0.697       160000        10000
       20000            8           0.826       320000        20000
       20000           16           1.004       640000        40000
       20000           32           1.699      1280000        80000
       20000           64           2.843      2560000       160000
       20000          128           5.133      5120000       320000
       20000          256           9.625     10240000       640000
       20000          512          18.878     20480000      1280000
       20000         1024          37.161     40960000      2560000
       22000            1           1.827        44000         2750
       22000            2           0.544        88000         5500
       22000            4           0.665       176000        11000
       22000            8           0.919       352000        22000
       22000           16           1.253       704000        44000
       22000           32           2.062      1408000        88000
       22000           64           3.758      2816000       176000
       22000          128           7.343      5632000       352000
       22000          256          13.368     11264000       704000
       22000          512          20.820     22528000      1408000
       22000         1024          41.221     45056000      2816000
       24200            1           0.965        48400         3025
       24200            2           0.717        96800         6050
       24200            4           0.741       193600        12100
       24200            8           0.859       387200        24200
       24200           16           1.113       774400        48400
       24200           32           1.878      1548800        96800
       24200           64           3.264      3097600       193600
       24200          128           7.325      6195200       387200
       24200          256          15.426     12390400       774400
       24200          512          30.664     24780800      1548800
       24200         1024          45.813     49561600      3097600
       26600            1           0.561        53200         3325
       26600            2           0.582       106400         6650
       26600            4           0.659       212800        13300
       26600            8           0.851       425600        26600
       26600           16           1.228       851200        53200
       26600           32           1.971      1702400       106400
       26600           64           3.483      3404800       212800
       26600          128           6.567      6809600       425600
       26600          256          12.671     13619200       851200
       26600          512          24.706     27238400      1702400
       26600         1024          62.244     54476800      3404800
       29240            1           1.468        58480         3655
       29240            2           0.598       116960         7310
       29240            4           0.694       233920        14620
       29240            8           0.980       467840        29240
       29240           16           1.549       935680        58480
       29240           32           2.812      1871360       116960
       29240           64           5.345      3742720       233920
       29240          128           9.008      7485440       467840
       29240          256          19.934     14970880       935680
       29240          512          35.988     29941760      1871360
       29240         1024          61.249     59883520      3742720
       32160            1           1.368        64320         4020
       32160            2           0.453       128640         8040
       32160            4           0.747       257280        16080
       32160            8           1.096       514560        32160
       32160           16           1.900      1029120        64320
       32160           32           3.097      2058240       128640
       32160           64           5.469      4116480       257280
       32160          128          11.067      8232960       514560
       32160          256          20.482     16465920      1029120
       32160          512          41.955     32931840      2058240
       35360            1           1.754        70720         4420
       35360            2           0.456       141440         8840
       35360            4           0.792       282880        17680
       35360            8           1.279       565760        35360
       35360           16           2.041      1131520        70720
       35360           32           3.707      2263040       141440
       35360           64           6.871      4526080       282880
       35360          128          12.693      9052160       565760
       35360          256          26.369     18104320      1131520
       35360          512          43.944     36208640      2263040
       38880            1           1.945        77760         4860
       38880            2           0.653       155520         9720
       38880            4           0.939       311040        19440
       38880            8           1.295       622080        38880
       38880           16           2.497      1244160        77760
       38880           32           4.205      2488320       155520
       38880           64           7.907      4976640       311040
       38880          128          13.827      9953280       622080
       38880          256          29.661     19906560      1244160
       38880          512          55.337     39813120      2488320
       42760            1           2.493        85520         5345
       42760            2           0.503       171040        10690
       42760            4           0.923       342080        21380
       42760            8           1.319       684160        42760
       42760           16           2.102      1368320        85520
       42760           32           5.513      2736640       171040
       42760           64           8.898      5473280       342080
       42760          128          14.733     10946560       684160
       42760          256          32.925     21893120      1368320
       42760          512          63.622     43786240      2736640
       47000            1           1.501        94000         5875
       47000            2           0.559       188000        11750
       47000            4           0.966       376000        23500
       47000            8           1.207       752000        47000
       47000           16           2.049      1504000        94000
       47000           32           3.624      3008000       188000
       47000           64           6.855      6016000       376000
       47000          128          15.942     12032000       752000
       47000          256          23.537     24064000      1504000
       47000          512          42.210     48128000      3008000
       51680            1           0.954       103360         6460
       51680            2           0.696       206720        12920
       51680            4           0.992       413440        25840
       51680            8           1.311       826880        51680
       51680           16           2.000      1653760       103360
       51680           32           3.360      3307520       206720
       51680           64           6.222      6615040       413440
       51680          128          11.976     13230080       826880
       51680          256          23.462     26460160      1653760
       51680          512          46.213     52920320      3307520
       56840            1           1.322       113680         7105
       56840            2           0.682       227360        14210
       56840            4           0.925       454720        28420
       56840            8           1.365       909440        56840
       56840           16           2.153      1818880       113680
       56840           32           3.722      3637760       227360
       56840           64           6.797      7275520       454720
       56840          128          13.146     14551040       909440
       56840          256          25.721     29102080      1818880
       56840          512          50.976     58204160      3637760
       62520            1           1.317       125040         7815
       62520            2           0.629       250080        15630
       62520            4           1.039       500160        31260
       62520            8           1.481      1000320        62520
       62520           16           2.316      2000640       125040
       62520           32           4.103      4001280       250080
       62520           64           7.481      8002560       500160
       62520          128          14.252     16005120      1000320
       62520          256          28.070     32010240      2000640
       68760            1           1.236       137520         8595
       68760            2           0.889       275040        17190
       68760            4           1.100       550080        34380
       68760            8           1.521      1100160        68760
       68760           16           2.490      2200320       137520
       68760           32           4.475      4400640       275040
       68760           64           8.126      8801280       550080
       68760          128          15.851     17602560      1100160
       68760          256          30.876     35205120      2200320
       75600            1           1.748       151200         9450
       75600            2           0.721       302400        18900
       75600            4           1.217       604800        37800
       75600            8           1.580      1209600        75600
       75600           16           2.754      2419200       151200
       75600           32           4.750      4838400       302400
       75600           64           8.912      9676800       604800
       75600          128          17.099     19353600      1209600
       75600          256          33.859     38707200      2419200
       83160            1           2.153       166320        10395
       83160            2           0.841       332640        20790
       83160            4           1.205       665280        41580
       83160            8           1.916      1330560        83160
       83160           16           2.865      2661120       166320
       83160           32           5.276      5322240       332640
       83160           64           9.767     10644480       665280
       83160          128          19.027     21288960      1330560
       83160          256          37.149     42577920      2661120
       91440            1           1.363       182880        11430
       91440            2           0.853       365760        22860
       91440            4           1.229       731520        45720
       91440            8           1.899      1463040        91440
       91440           16           3.177      2926080       182880
       91440           32           5.683      5852160       365760
       91440           64          10.675     11704320       731520
       91440          128          20.605     23408640      1463040
       91440          256          40.489     46817280      2926080
      100560            1           1.740       201120        12570
      100560            2           1.023       402240        25140
      100560            4           1.378       804480        50280
      100560            8           1.912      1608960       100560
      100560           16           3.490      3217920       201120
      100560           32           6.137      6435840       402240
      100560           64          11.590     12871680       804480
      100560          128          22.636     25743360      1608960
      100560          256          44.578     51486720      3217920
      110600            1           2.103       221200        13825
      110600            2           1.008       442400        27650
      110600            4           1.473       884800        55300
      110600            8           2.251      1769600       110600
      110600           16           3.764      3539200       221200
      110600           32           6.771      7078400       442400
      110600           64          12.719     14156800       884800
      110600          128          25.584     28313600      1769600
      110600          256          50.583     56627200      3539200
      121640            1           3.697       243280        15205
      121640            2           1.003       486560        30410
      121640            4           1.940       973120        60820
      121640            8           2.891      1946240       121640
      121640           16           5.295      3892480       243280
      121640           32           9.922      7784960       486560
      121640           64          18.856     15569920       973120
      121640          128          36.527     31139840      1946240
      133800            1           3.074       267600        16725
      133800            2           1.244       535200        33450
      133800            4           2.156      1070400        66900
      133800            8           3.648      2140800       133800
      133800           16           6.416      4281600       267600
      133800           32          11.495      8563200       535200
      133800           64          19.262     17126400      1070400
      133800          128          30.609     34252800      2140800
      147160            1           3.503       294320        18395
      147160            2           1.321       588640        36790
      147160            4           1.766      1177280        73580
      147160            8           2.809      2354560       147160
      147160           16           4.803      4709120       294320
      147160           32           9.064      9418240       588640
      147160           64          17.146     18836480      1177280
      147160          128          33.505     37672960      2354560
      161840            1           2.801       323680        20230
      161840            2           1.427       647360        40460
      161840            4           1.957      1294720        80920
      161840            8           3.073      2589440       161840
      161840           16           5.463      5178880       323680
      161840           32           9.759     10357760       647360
      161840           64          18.748     20715520      1294720
      161840          128          36.700     41431040      2589440
      178000            1           3.313       356000        22250
      178000            2           1.608       712000        44500
      178000            4           2.501      1424000        89000
      178000            8           4.082      2848000       178000
      178000           16           7.628      5696000       356000
      178000           32          14.638     11392000       712000
      178000           64          28.617     22784000      1424000
      178000          128          56.601     45568000      2848000
      195800            1           3.182       391600        24475
      195800            2           1.795       783200        48950
      195800            4           2.764      1566400        97900
      195800            8           4.900      3132800       195800
      195800           16           9.315      6265600       391600
      195800           32          17.836     12531200       783200
      195800           64          35.066     25062400      1566400
      195800          128          69.350     50124800      3132800
      215360            1           3.323       430720        26920
      215360            2           2.161       861440        53840
      215360            4           3.279      1722880       107680
      215360            8           5.670      3445760       215360
      215360           16          10.349      6891520       430720
      215360           32          19.900     13783040       861440
      215360           64          38.766     27566080      1722880
      215360          128          76.665     55132160      3445760
      236880            1           3.511       473760        29610
      236880            2           2.125       947520        59220
      236880            4           3.450      1895040       118440
      236880            8           6.030      3790080       236880
      236880           16          11.402      7580160       473760
      236880           32          21.863     15160320       947520
      236880           64          42.749     30320640      1895040
      236880          128          84.669     60641280      3790080
      260560            1           3.818       521120        32570
      260560            2           2.532      1042240        65140
      260560            4           3.968      2084480       130280
      260560            8           6.736      4168960       260560
      260560           16          12.404      8337920       521120
      260560           32          23.899     16675840      1042240
      260560           64          46.716     33351680      2084480
      286600            1           5.351       573200        35825
      286600            2           2.701      1146400        71650
      286600            4           4.164      2292800       143300
      286600            8           7.333      4585600       286600
      286600           16          13.685      9171200       573200
      286600           32          26.322     18342400      1146400
      286600           64          51.563     36684800      2292800
      315240            1           6.715       630480        39405
      315240            2           3.157      1260960        78810
      315240            4           5.547      2521920       157620
      315240            8           9.928      5043840       315240
      315240           16          17.184     10087680       630480
      315240           32          31.361     20175360      1260960
      315240           64          56.590     40350720      2521920
      346760            1           5.697       693520        43345
      346760            2           2.979      1387040        86690
      346760            4           4.999      2774080       173380
      346760            8           8.781      5548160       346760
      346760           16          16.379     11096320       693520
      346760           32          31.340     22192640      1387040
      346760           64          61.925     44385280      2774080
      381400            1           5.757       762800        47675
      381400            2           3.185      1525600        95350
      381400            4           5.385      3051200       190700
      381400            8           9.606      6102400       381400
      381400           16          17.862     12204800       762800
      381400           32          34.611     24409600      1525600
      381400           64          68.214     48819200      3051200
      419520            1           6.610       839040        52440
      419520            2           3.566      1678080       104880
      419520            4           5.739      3356160       209760
      419520            8          10.448      6712320       419520
      419520           16          19.879     13424640       839040
      419520           32          38.112     26849280      1678080
      419520           64          75.112     53698560      3356160
      461440            1          11.851       922880        57680
      461440            2           4.657      1845760       115360
      461440            4           8.199      3691520       230720
      461440            8          13.102      7383040       461440
      461440           16          25.589     14766080       922880
      461440           32          48.415     29532160      1845760
      461440           64          83.535     59064320      3691520
      507560            1           7.745      1015120        63445
      507560            2           4.010      2030240       126890
      507560            4           6.909      4060480       253780
      507560            8          12.611      8120960       507560
      507560           16          23.731     16241920      1015120
      507560           32          46.003     32483840      2030240
      558280            1           9.626      1116560        69785
      558280            2           4.544      2233120       139570
      558280            4           7.654      4466240       279140
      558280            8          13.711      8932480       558280
      558280           16          26.009     17864960      1116560
      558280           32          50.744     35729920      2233120
      614080            1          10.598      1228160        76760
      614080            2           4.844      2456320       153520
      614080            4           8.283      4912640       307040
      614080            8          15.094      9825280       614080
      614080           16          28.489     19650560      1228160
      614080           32          55.558     39301120      2456320
      675480            1          10.718      1350960        84435
      675480            2           5.472      2701920       168870
      675480            4           9.151      5403840       337740
      675480            8          18.376     10807680       675480
      675480           16          36.488     21615360      1350960
      675480           32          70.507     43230720      2701920
      743000            1          15.844      1486000        92875
      743000            2           6.305      2972000       185750
      743000            4          12.488      5944000       371500
      743000            8          21.339     11888000       743000
      743000           16          34.870     23776000      1486000
      743000           32          67.095     47552000      2972000
      817280            1          12.317      1634560       102160
      817280            2           6.277      3269120       204320
      817280            4          10.962      6538240       408640
      817280            8          19.874     13076480       817280
      817280           16          42.927     26152960      1634560
      817280           32          75.709     52305920      3269120
      899000            1          17.358      1798000       112375
      899000            2           9.033      3596000       224750
      899000            4          13.082      7192000       449500
      899000            8          21.874     14384000       899000
      899000           16          41.474     28768000      1798000
      899000           32          80.737     57536000      3596000
      988880            1          14.418      1977760       123610
      988880            2           7.561      3955520       247220
      988880            4          13.162      7911040       494440
      988880            8          23.936     15822080       988880
      988880           16          45.508     31644160      1977760
     1087760            1          15.805      2175520       135970
     1087760            2           8.255      4351040       271940
     1087760            4          14.352      8702080       543880
     1087760            8          26.271     17404160      1087760
     1087760           16          50.050     34808320      2175520
     1196520            1          17.013      2393040       149565
     1196520            2           9.194      4786080       299130
     1196520            4          15.586      9572160       598260
     1196520            8          28.838     19144320      1196520
     1196520           16          55.069     38288640      2393040
     1316160            1          21.366      2632320       164520
     1316160            2          10.080      5264640       329040
     1316160            4          17.305     10529280       658080
     1316160            8          31.599     21058560      1316160
     1316160           16          60.220     42117120      2632320
     1447760            1          22.996      2895520       180970
     1447760            2          10.971      5791040       361940
     1447760            4          23.564     11582080       723880
     1447760            8          42.286     23164160      1447760
     1447760           16          74.927     46328320      2895520
     1592520            1          29.361      3185040       199065
     1592520            2          15.598      6370080       398130
     1592520            4          26.699     12740160       796260
     1592520            8          48.580     25480320      1592520
     1592520           16          86.741     50960640      3185040
     1751760            1          34.157      3503520       218970
     1751760            2          14.932      7007040       437940
     1751760            4          22.865     14014080       875880
     1751760            8          49.020     28028160      1751760
     1751760           16          81.244     56056320      3503520
     1926920            1          28.665      3853840       240865
     1926920            2          15.129      7707680       481730
     1926920            4          25.046     15415360       963460
     1926920            8          46.127     30830720      1926920
     1926920           16          88.120     61661440      3853840
     2119600            1          30.547      4239200       264950
     2119600            2          16.706      8478400       529900
     2119600            4          27.629     16956800      1059800
     2119600            8          50.852     33913600      2119600
     2331560            1          34.096      4663120       291445
     2331560            2          18.639      9326240       582890
     2331560            4          30.285     18652480      1165780
     2331560            8          55.644     37304960      2331560
     2564680            1          36.740      5129360       320585
     2564680            2          21.624     10258720       641170
     2564680            4          33.378     20517440      1282340
     2564680            8          61.149     41034880      2564680
     2821120            1          40.186      5642240       352640
     2821120            2          24.466     11284480       705280
     2821120            4          37.582     22568960      1410560
     2821120            8          69.346     45137920      2821120
     3103200            1          42.289      6206400       387900
     3103200            2          26.059     12412800       775800
     3103200            4          41.794     24825600      1551600
     3103200            8          76.387     49651200      3103200
     3413520            1          46.794      6827040       426690
     3413520            2          32.092     13654080       853380
     3413520            4          48.987     27308160      1706760
     3413520            8          88.302     54616320      3413520
     3754840            1          49.629      7509680       469355
     3754840            2          38.922     15019360       938710
     3754840            4          57.269     30038720      1877420
     3754840            8         102.125     60077440      3754840
     4130320            1          50.337      8260640       516290
     4130320            2          44.602     16521280      1032580
     4130320            4          66.357     33042560      2065160
     4543320            1          57.220      9086640       567915
     4543320            2          50.337     18173280      1135830
     4543320            4          90.359     36346560      2271660
     4997640            1          70.968      9995280       624705
     4997640            2          74.352     19990560      1249410
     4997640            4         103.447     39981120      2498820
     5497400            1          77.136     10994800       687175
     5497400            2          76.466     21989600      1374350
     5497400            4         115.151     43979200      2748700
     6047120            1          79.690     12094240       755890
     6047120            2         107.385     24188480      1511780
     6047120            4         149.123     48376960      3023560
     6651800            1          75.660     13303600       831475
     6651800            2         102.546     26607200      1662950
     6651800            4         146.404     53214400      3325900
     7316960            1          90.683     14633920       914620
     7316960            2         130.943     29267840      1829240
     7316960            4         176.935     58535680      3658480
     8048640            1          96.477     16097280      1006080
     8048640            2         154.251     32194560      2012160
     8853480            1         103.928     17706960      1106685
     8853480            2         158.402     35413920      2213370
     9738800            1         109.563     19477600      1217350
     9738800            2         181.617     38955200      2434700
    10712680            1         127.915     21425360      1339085
    10712680            2         188.741     42850720      2678170
    11783920            1         133.597     23567840      1472990
    11783920            2         216.772     47135680      2945980
    12962280            1         147.598     25924560      1620285
    12962280            2         238.738     51849120      3240570
    14258480            1         151.408     28516960      1782310
    14258480            2         255.861     57033920      3564620
    15684320            1         170.471     31368640      1960540
    17252720            1         193.738     34505440      2156590
    18977960            1         246.609     37955920      2372245
    20875720            1         246.324     41751440      2609465
    22963280            1         296.343     45926560      2870410
    25259600            1         367.596     50519200      3157450
    27785560            1         392.268     55571120      3473195
    30564080            1         476.710     61128160      3820510

META_DATA
FLOPS          1
OPENMP_THREADS 5
ERT_VERSION  1.1.0
HOSTNAME  ('cirrus4.computing.clemson.edu', ['cirrus4'], ['127.0.1.1'])
UNAME  uname_result(system='Linux', node='cirrus4.computing.clemson.edu', release='5.4.0-81-generic', version='#91-Ubuntu SMP Thu Jul 15 19:09:17 UTC 2021', machine='x86_64', processor='x86_64')
TIMESTAMP_DATA  1632245392.19038
CONFIG  {'ERT_RESULTS': ['Results.cs.clemson.edu'], 'ERT_DRIVER': ['driver1'], 'ERT_KERNEL': ['kernel1'], 'ERT_MPI': ['False'], 'ERT_MPI_CFLAGS': [], 'ERT_MPI_LDFLAGS': [], 'ERT_OPENMP': ['True'], 'ERT_OPENMP_CFLAGS': ['-fopenmp'], 'ERT_OPENMP_LDFLAGS': ['-fopenmp'], 'ERT_FLOPS': ['1,2,4'], 'ERT_ALIGN': ['32'], 'ERT_CC': ['g++'], 'ERT_CFLAGS': ['-O3', '-std=c++11', '-fstrict-aliasing', '-march=native'], 'ERT_LD': ['g++'], 'ERT_LDFLAGS': [], 'ERT_LDLIBS': [], 'ERT_PRECISION': ['FP64'], 'ERT_RUN': ['export', 'OMP_NUM_THREADS=ERT_OPENMP_THREADS;', 'export', 'OMP_PLACES=threads;', 'export', 'OMP_PROC_BIND=spread;', './ERT_CODE'], 'ERT_PROCS_THREADS': ['8'], 'ERT_MPI_PROCS': ['2,4,8'], 'ERT_OPENMP_THREADS': ['1-8'], 'ERT_NUM_EXPERIMENTS': ['5'], 'ERT_MEMORY_MAX': ['31000000'], 'ERT_WORKING_SET_MIN': ['1'], 'ERT_TRIALS_MIN': ['1'], 'ERT_GNUPLOT': ['gnuplot'], 'ERT_GPU': [False], 'ERT_HIP': [False], 'ERT_OCL': [False], 'ERT_SYCL': [False], 'ERT_WSS_MULT': [1.1]}
