fp64
          64            1           2.007          128           16
          64            2           1.137          256           32
          64            4           1.133          512           64
          64            8           1.235         1024          128
          64           16           1.099         2048          256
          64           32           1.317         4096          512
          64           64           1.660         8192         1024
          64          128           1.862        16384         2048
          64          256           2.769        32768         4096
          64          512           3.898        65536         8192
          64         1024           7.016       131072        16384
          64         2048          13.414       262144        32768
          64         4096          26.359       524288        65536
          64         8192          51.907      1048576       131072
          64        16384         103.261      2097152       262144
          64        32768         207.376      4194304       524288
          64        65536         411.680      8388608      1048576
          64       131072         880.928     16777216      2097152
          64       262144        1740.135     33554432      4194304
         128            1           1.759          256           32
         128            2           0.882          512           64
         128            4           1.348         1024          128
         128            8           1.352         2048          256
         128           16           1.044         4096          512
         128           32           0.937         8192         1024
         128           64           1.482        16384         2048
         128          128           1.642        32768         4096
         128          256           2.668        65536         8192
         128          512           4.345       131072        16384
         128         1024           7.048       262144        32768
         128         2048          13.297       524288        65536
         128         4096          26.119      1048576       131072
         128         8192          51.228      2097152       262144
         128        16384         101.050      4194304       524288
         128        32768         202.439      8388608      1048576
         128        65536         404.865     16777216      2097152
         128       131072         683.012     33554432      4194304
         192            1           1.228          384           48
         192            2           1.004          768           96
         192            4           1.032         1536          192
         192            8           1.024         3072          384
         192           16           0.806         6144          768
         192           32           1.353        12288         1536
         192           64           1.182        24576         3072
         192          128           1.473        49152         6144
         192          256           2.150        98304        12288
         192          512           3.447       196608        24576
         192         1024           5.809       393216        49152
         192         2048          10.868       786432        98304
         192         4096          20.659      1572864       196608
         192         8192          40.515      3145728       393216
         192        16384          84.600      6291456       786432
         192        32768         180.859     12582912      1572864
         192        65536         319.755     25165824      3145728
         192       131072         672.288     50331648      6291456
         256            1           1.080          512           64
         256            2           0.726         1024          128
         256            4           0.855         2048          256
         256            8           1.090         4096          512
         256           16           1.124         8192         1024
         256           32           1.343        16384         2048
         256           64           1.310        32768         4096
         256          128           1.353        65536         8192
         256          256           2.521       131072        16384
         256          512           3.565       262144        32768
         256         1024           6.083       524288        65536
         256         2048          11.932      1048576       131072
         256         4096          24.039      2097152       262144
         256         8192          45.260      4194304       524288
         256        16384          88.811      8388608      1048576
         256        32768         212.977     16777216      2097152
         256        65536         381.402     33554432      4194304
         320            1           1.117          640           80
         320            2           0.793         1280          160
         320            4           0.930         2560          320
         320            8           1.098         5120          640
         320           16           1.131        10240         1280
         320           32           1.060        20480         2560
         320           64           1.377        40960         5120
         320          128           1.831        81920        10240
         320          256           2.263       163840        20480
         320          512           3.694       327680        40960
         320         1024           6.516       655360        81920
         320         2048          11.970      1310720       163840
         320         4096          23.212      2621440       327680
         320         8192          45.080      5242880       655360
         320        16384          90.111     10485760      1310720
         320        32768         197.165     20971520      2621440
         320        65536         361.851     41943040      5242880
         384            1           0.752          768           96
         384            2           0.776         1536          192
         384            4           1.228         3072          384
         384            8           1.331         6144          768
         384           16           0.886        12288         1536
         384           32           1.123        24576         3072
         384           64           1.213        49152         6144
         384          128           1.676        98304        12288
         384          256           2.294       196608        24576
         384          512           3.587       393216        49152
         384         1024           6.287       786432        98304
         384         2048          11.738      1572864       196608
         384         4096          23.391      3145728       393216
         384         8192          45.583      6291456       786432
         384        16384          90.431     12582912      1572864
         384        32768         191.224     25165824      3145728
         384        65536         362.685     50331648      6291456
         448            1           1.213          896          112
         448            2           1.227         1792          224
         448            4           1.306         3584          448
         448            8           0.956         7168          896
         448           16           1.012        14336         1792
         448           32           1.260        28672         3584
         448           64           1.473        57344         7168
         448          128           1.748       114688        14336
         448          256           2.627       229376        28672
         448          512           3.558       458752        57344
         448         1024           7.027       917504       114688
         448         2048          13.083      1835008       229376
         448         4096          25.650      3670016       458752
         448         8192          51.058      7340032       917504
         448        16384         101.784     14680064      1835008
         448        32768         202.247     29360128      3670016
         448        65536         397.258     58720256      7340032
         512            1          11.088         1024          128
         512            2           0.868         2048          256
         512            4           1.105         4096          512
         512            8           0.877         8192         1024
         512           16           1.133        16384         2048
         512           32           1.402        32768         4096
         512           64           1.486        65536         8192
         512          128           1.553       131072        16384
         512          256           2.499       262144        32768
         512          512           3.613       524288        65536
         512         1024           6.742      1048576       131072
         512         2048          12.331      2097152       262144
         512         4096          23.964      4194304       524288
         512         8192          51.194      8388608      1048576
         512        16384          97.093     16777216      2097152
         512        32768         179.872     33554432      4194304
         576            1           1.555         1152          144
         576            2           0.865         2304          288
         576            4           1.040         4608          576
         576            8           0.943         9216         1152
         576           16           1.234        18432         2304
         576           32           1.408        36864         4608
         576           64           1.120        73728         9216
         576          128           1.829       147456        18432
         576          256           2.405       294912        36864
         576          512           3.644       589824        73728
         576         1024           6.665      1179648       147456
         576         2048          12.800      2359296       294912
         576         4096          24.857      4718592       589824
         576         8192          45.523      9437184      1179648
         576        16384         117.239     18874368      2359296
         576        32768         122.004     37748736      4718592
         640            1           1.605         1280          160
         640            2           1.012         2560          320
         640            4           1.241         5120          640
         640            8           1.255        10240         1280
         640           16           0.979        20480         2560
         640           32           1.100        40960         5120
         640           64           1.291        81920        10240
         640          128           1.680       163840        20480
         640          256           2.465       327680        40960
         640          512           4.488       655360        81920
         640         1024           7.020      1310720       163840
         640         2048          15.951      2621440       327680
         640         4096          21.846      5242880       655360
         640         8192          42.596     10485760      1310720
         640        16384          84.646     20971520      2621440
         640        32768         171.471     41943040      5242880
         704            1           2.451         1408          176
         704            2           1.034         2816          352
         704            4           1.170         5632          704
         704            8           1.139        11264         1408
         704           16           1.255        22528         2816
         704           32           1.399        45056         5632
         704           64           1.414        90112        11264
         704          128           1.676       180224        22528
         704          256           3.185       360448        45056
         704          512           5.366       720896        90112
         704         1024           6.556      1441792       180224
         704         2048          13.509      2883584       360448
         704         4096          24.460      5767168       720896
         704         8192          45.547     11534336      1441792
         704        16384          82.932     23068672      2883584
         704        32768         160.737     46137344      5767168
         768            1           1.395         1536          192
         768            2           0.946         3072          384
         768            4           1.014         6144          768
         768            8           1.341        12288         1536
         768           16           1.154        24576         3072
         768           32           1.282        49152         6144
         768           64           1.029        98304        12288
         768          128           1.337       196608        24576
         768          256           2.497       393216        49152
         768          512           3.873       786432        98304
         768         1024           5.488      1572864       196608
         768         2048           9.932      3145728       393216
         768         4096          16.997      6291456       786432
         768         8192          32.245     12582912      1572864
         768        16384          70.128     25165824      3145728
         768        32768         128.798     50331648      6291456
         832            1           2.482         1664          208
         832            2           0.629         3328          416
         832            4           1.068         6656          832
         832            8           1.053        13312         1664
         832           16           0.984        26624         3328
         832           32           1.112        53248         6656
         832           64           1.233       106496        13312
         832          128           1.318       212992        26624
         832          256           5.242       425984        53248
         832          512           3.033       851968       106496
         832         1024           5.259      1703936       212992
         832         2048           9.810      3407872       425984
         832         4096          19.505      6815744       851968
         832         8192          38.364     13631488      1703936
         832        16384          76.460     27262976      3407872
         832        32768         145.446     54525952      6815744
         896            1           1.453         1792          224
         896            2           0.899         3584          448
         896            4           0.828         7168          896
         896            8           0.812        14336         1792
         896           16           1.065        28672         3584
         896           32           0.974        57344         7168
         896           64           1.458       114688        14336
         896          128           1.486       229376        28672
         896          256           1.822       458752        57344
         896          512           7.799       917504       114688
         896         1024           5.355      1835008       229376
         896         2048          10.503      3670016       458752
         896         4096          20.614      7340032       917504
         896         8192          40.919     14680064      1835008
         896        16384          80.188     29360128      3670016
         896        32768         161.107     58720256      7340032
         960            1           0.854         1920          240
         960            2           0.767         3840          480
         960            4           1.268         7680          960
         960            8           1.057        15360         1920
         960           16           1.311        30720         3840
         960           32           1.210        61440         7680
         960           64           1.226       122880        15360
         960          128           1.458       245760        30720
         960          256           2.157       491520        61440
         960          512           3.199       983040       122880
         960         1024          11.989      1966080       245760
         960         2048          11.860      3932160       491520
         960         4096          23.498      7864320       983040
         960         8192          44.675     15728640      1966080
         960        16384          84.301     31457280      3932160
        1024            1           0.704         2048          256
        1024            2           1.145         4096          512
        1024            4           1.132         8192         1024
        1024            8           1.054        16384         2048
        1024           16           1.090        32768         4096
        1024           32           1.107        65536         8192
        1024           64           1.084       131072        16384
        1024          128           1.545       262144        32768
        1024          256           1.972       524288        65536
        1024          512           3.401      1048576       131072
        1024         1024           4.973      2097152       262144
        1024         2048           9.497      4194304       524288
        1024         4096          29.323      8388608      1048576
        1024         8192          37.830     16777216      2097152
        1024        16384          75.811     33554432      4194304
        1088            1           0.855         2176          272
        1088            2           0.936         4352          544
        1088            4           1.108         8704         1088
        1088            8           1.005        17408         2176
        1088           16           1.318        34816         4352
        1088           32           0.934        69632         8704
        1088           64           1.176       139264        17408
        1088          128           1.311       278528        34816
        1088          256           2.185       557056        69632
        1088          512           3.256      1114112       139264
        1088         1024           5.171      2228224       278528
        1088         2048          10.389      4456448       557056
        1088         4096          20.665      8912896      1114112
        1088         8192          38.496     17825792      2228224
        1088        16384          81.561     35651584      4456448
        1152            1           1.244         2304          288
        1152            2           0.401         4608          576
        1152            4           1.127         9216         1152
        1152            8           0.968        18432         2304
        1152           16           0.723        36864         4608
        1152           32           1.423        73728         9216
        1152           64           1.049       147456        18432
        1152          128           1.291       294912        36864
        1152          256           2.073       589824        73728
        1152          512           3.813      1179648       147456
        1152         1024           6.934      2359296       294912
        1152         2048          13.303      4718592       589824
        1152         4096          25.545      9437184      1179648
        1152         8192          57.014     18874368      2359296
        1152        16384          95.396     37748736      4718592
        1216            1           1.685         2432          304
        1216            2           0.734         4864          608
        1216            4           1.131         9728         1216
        1216            8           1.152        19456         2432
        1216           16           1.139        38912         4864
        1216           32           1.345        77824         9728
        1216           64           1.923       155648        19456
        1216          128           2.466       311296        38912
        1216          256           3.725       622592        77824
        1216          512           4.381      1245184       155648
        1216         1024           6.249      2490368       311296
        1216         2048          12.198      4980736       622592
        1216         4096          19.763      9961472      1245184
        1216         8192          41.027     19922944      2490368
        1216        16384          77.188     39845888      4980736
        1280            1           1.079         2560          320
        1280            2           1.105         5120          640
        1280            4           1.147        10240         1280
        1280            8           1.135        20480         2560
        1280           16           0.923        40960         5120
        1280           32           0.901        81920        10240
        1280           64           1.136       163840        20480
        1280          128           1.352       327680        40960
        1280          256           1.831       655360        81920
        1280          512           2.909      1310720       163840
        1280         1024           5.111      2621440       327680
        1280         2048           9.660      5242880       655360
        1280         4096          18.703     10485760      1310720
        1280         8192          36.562     20971520      2621440
        1280        16384          72.942     41943040      5242880
        1408            1           0.867         2816          352
        1408            2           0.798         5632          704
        1408            4           0.960        11264         1408
        1408            8           1.100        22528         2816
        1408           16           1.087        45056         5632
        1408           32           0.930        90112        11264
        1408           64           1.117       180224        22528
        1408          128           1.288       360448        45056
        1408          256           1.402       720896        90112
        1408          512           2.087      1441792       180224
        1408         1024           4.219      2883584       360448
        1408         2048           8.199      5767168       720896
        1408         4096          14.399     11534336      1441792
        1408         8192          28.678     23068672      2883584
        1408        16384          73.838     46137344      5767168
        1536            1           0.613         3072          384
        1536            2           0.628         6144          768
        1536            4           0.577        12288         1536
        1536            8           1.062        24576         3072
        1536           16           1.051        49152         6144
        1536           32           0.633        98304        12288
        1536           64           0.870       196608        24576
        1536          128           1.426       393216        49152
        1536          256           1.432       786432        98304
        1536          512           2.339      1572864       196608
        1536         1024           4.154      3145728       393216
        1536         2048           7.356      6291456       786432
        1536         4096          14.127     12582912      1572864
        1536         8192          27.976     25165824      3145728
        1536        16384          55.428     50331648      6291456
        1664            1           1.128         3328          416
        1664            2           0.760         6656          832
        1664            4           0.964        13312         1664
        1664            8           1.049        26624         3328
        1664           16           0.873        53248         6656
        1664           32           0.851       106496        13312
        1664           64           0.879       212992        26624
        1664          128           1.046       425984        53248
        1664          256           1.751       851968       106496
        1664          512           2.294      1703936       212992
        1664         1024           4.276      3407872       425984
        1664         2048           7.968      6815744       851968
        1664         4096          15.433     13631488      1703936
        1664         8192          30.326     27262976      3407872
        1664        16384          60.189     54525952      6815744
        1792            1           0.754         3584          448
        1792            2           0.903         7168          896
        1792            4           0.947        14336         1792
        1792            8           1.139        28672         3584
        1792           16           1.101        57344         7168
        1792           32           0.769       114688        14336
        1792           64           1.024       229376        28672
        1792          128           0.998       458752        57344
        1792          256           1.565       917504       114688
        1792          512           2.240      1835008       229376
        1792         1024           4.552      3670016       458752
        1792         2048           8.124      7340032       917504
        1792         4096          16.064     14680064      1835008
        1792         8192          31.602     29360128      3670016
        1792        16384          62.776     58720256      7340032
        1920            1           0.775         3840          480
        1920            2           0.669         7680          960
        1920            4           0.680        15360         1920
        1920            8           0.713        30720         3840
        1920           16           0.783        61440         7680
        1920           32           0.774       122880        15360
        1920           64           0.815       245760        30720
        1920          128           1.060       491520        61440
        1920          256           1.586       983040       122880
        1920          512           2.602      1966080       245760
        1920         1024           4.561      3932160       491520
        1920         2048           8.521      7864320       983040
        1920         4096          17.005     15728640      1966080
        1920         8192          36.483     31457280      3932160
        2112            1           0.587         4224          528
        2112            2           0.773         8448         1056
        2112            4           0.980        16896         2112
        2112            8           1.149        33792         4224
        2112           16           0.836        67584         8448
        2112           32           0.758       135168        16896
        2112           64           0.901       270336        33792
        2112          128           0.987       540672        67584
        2112          256           1.526      1081344       135168
        2112          512           2.639      2162688       270336
        2112         1024           4.792      4325376       540672
        2112         2048           8.700      8650752      1081344
        2112         4096          17.083     17301504      2162688
        2112         8192          33.711     34603008      4325376
        2304            1           0.630         4608          576
        2304            2           0.770         9216         1152
        2304            4           1.154        18432         2304
        2304            8           1.078        36864         4608
        2304           16           0.653        73728         9216
        2304           32           0.812       147456        18432
        2304           64           1.076       294912        36864
        2304          128           1.055       589824        73728
        2304          256           1.657      1179648       147456
        2304          512           2.887      2359296       294912
        2304         1024           5.351      4718592       589824
        2304         2048          10.207      9437184      1179648
        2304         4096          19.856     18874368      2359296
        2304         8192          38.878     37748736      4718592
        2496            1           1.239         4992          624
        2496            2           0.726         9984         1248
        2496            4           0.855        19968         2496
        2496            8           1.110        39936         4992
        2496           16           0.722        79872         9984
        2496           32           0.854       159744        19968
        2496           64           0.907       319488        39936
        2496          128           1.039       638976        79872
        2496          256           1.773      1277952       159744
        2496          512           3.021      2555904       319488
        2496         1024           5.336      5111808       638976
        2496         2048          10.217     10223616      1277952
        2496         4096          20.073     20447232      2555904
        2496         8192          39.337     40894464      5111808
        2688            1           0.896         5376          672
        2688            2           0.849        10752         1344
        2688            4           0.886        21504         2688
        2688            8           0.900        43008         5376
        2688           16           0.880        86016        10752
        2688           32           0.931       172032        21504
        2688           64           1.077       344064        43008
        2688          128           1.385       688128        86016
        2688          256           1.829      1376256       172032
        2688          512           3.311      2752512       344064
        2688         1024           5.587      5505024       688128
        2688         2048          10.608     11010048      1376256
        2688         4096          20.738     22020096      2752512
        2688         8192          40.713     44040192      5505024
        2944            1          10.453         5888          736
        2944            2           1.035        11776         1472
        2944            4           0.882        23552         2944
        2944            8          10.977        47104         5888
        2944           16           1.116        94208        11776
        2944           32           1.020       188416        23552
        2944           64           1.540       376832        47104
        2944          128           2.417       753664        94208
        2944          256           4.490      1507328       188416
        2944          512           7.257      3014656       376832
        2944         1024           8.078      6029312       753664
        2944         2048          26.668     12058624      1507328
        2944         4096          29.074     24117248      3014656
        2944         8192          56.439     48234496      6029312
        3200            1           1.587         6400          800
        3200            2           0.955        12800         1600
        3200            4           0.942        25600         3200
        3200            8           1.078        51200         6400
        3200           16           0.873       102400        12800
        3200           32           0.908       204800        25600
        3200           64           1.092       409600        51200
        3200          128           1.714       819200       102400
        3200          256           2.225      1638400       204800
        3200          512           4.240      3276800       409600
        3200         1024           8.005      6553600       819200
        3200         2048          14.468     13107200      1638400
        3200         4096          26.922     26214400      3276800
        3200         8192          54.346     52428800      6553600
        3520            1           0.503         7040          880
        3520            2           0.628        14080         1760
        3520            4           1.112        28160         3520
        3520            8           0.822        56320         7040
        3520           16           0.853       112640        14080
        3520           32           0.871       225280        28160
        3520           64           1.065       450560        56320
        3520          128           1.496       901120       112640
        3520          256           2.414      1802240       225280
        3520          512           4.159      3604480       450560
        3520         1024           7.971      7208960       901120
        3520         2048          15.382     14417920      1802240
        3520         4096          32.278     28835840      3604480
        3520         8192          70.746     57671680      7208960
        3840            1           1.606         7680          960
        3840            2           0.347        15360         1920
        3840            4           1.240        30720         3840
        3840            8           0.762        61440         7680
        3840           16           1.102       122880        15360
        3840           32           0.998       245760        30720
        3840           64           1.219       491520        61440
        3840          128           1.541       983040       122880
        3840          256           2.741      1966080       245760
        3840          512           4.863      3932160       491520
        3840         1024           8.744      7864320       983040
        3840         2048          16.879     15728640      1966080
        3840         4096          28.782     31457280      3932160
        4224            1           0.797         8448         1056
        4224            2           0.606        16896         2112
        4224            4           0.836        33792         4224
        4224            8           0.719        67584         8448
        4224           16           0.969       135168        16896
        4224           32           0.980       270336        33792
        4224           64           1.103       540672        67584
        4224          128           1.841      1081344       135168
        4224          256           2.858      2162688       270336
        4224          512           5.227      4325376       540672
        4224         1024           7.961      8650752      1081344
        4224         2048          18.599     17301504      2162688
        4224         4096          34.065     34603008      4325376
        4608            1           0.727         9216         1152
        4608            2           1.051        18432         2304
        4608            4           0.824        36864         4608
        4608            8           0.851        73728         9216
        4608           16           0.914       147456        18432
        4608           32           0.998       294912        36864
        4608           64           1.085       589824        73728
        4608          128           1.373      1179648       147456
        4608          256           2.207      2359296       294912
        4608          512           4.664      4718592       589824
        4608         1024           8.699      9437184      1179648
        4608         2048          13.998     18874368      2359296
        4608         4096          33.662     37748736      4718592
        5056            1           0.700        10112         1264
        5056            2           0.727        20224         2528
        5056            4           0.929        40448         5056
        5056            8           0.856        80896        10112
        5056           16           1.085       161792        20224
        5056           32           1.115       323584        40448
        5056           64           1.254       647168        80896
        5056          128           1.977      1294336       161792
        5056          256           3.887      2588672       323584
        5056          512           6.532      5177344       647168
        5056         1024          11.382     10354688      1294336
        5056         2048          23.298     20709376      2588672
        5056         4096          38.155     41418752      5177344
        5504            1           0.605        11008         1376
        5504            2           0.664        22016         2752
        5504            4           0.884        44032         5504
        5504            8           0.934        88064        11008
        5504           16           0.948       176128        22016
        5504           32           0.778       352256        44032
        5504           64           1.175       704512        88064
        5504          128           1.532      1409024       176128
        5504          256           2.882      2818048       352256
        5504          512           5.165      5636096       704512
        5504         1024           9.987     11272192      1409024
        5504         2048          20.922     22544384      2818048
        5504         4096          45.788     45088768      5636096
        6016            1           0.839        12032         1504
        6016            2           1.034        24064         3008
        6016            4           0.772        48128         6016
        6016            8           0.773        96256        12032
        6016           16           0.875       192512        24064
        6016           32           1.045       385024        48128
        6016           64           1.217       770048        96256
        6016          128           2.208      1540096       192512
        6016          256           3.592      3080192       385024
        6016          512           5.430      6160384       770048
        6016         1024          11.003     12320768      1540096
        6016         2048          23.180     24641536      3080192
        6016         4096          43.026     49283072      6160384
        6592            1           1.174        13184         1648
        6592            2           0.849        26368         3296
        6592            4           1.032        52736         6592
        6592            8           0.955       105472        13184
        6592           16           1.029       210944        26368
        6592           32           0.915       421888        52736
        6592           64           1.106       843776       105472
        6592          128           1.711      1687552       210944
        6592          256           3.038      3375104       421888
        6592          512           6.355      6750208       843776
        6592         1024          12.397     13500416      1687552
        6592         2048          24.049     27000832      3375104
        6592         4096          46.036     54001664      6750208
        7232            1           1.034        14464         1808
        7232            2           0.850        28928         3616
        7232            4           0.723        57856         7232
        7232            8           0.799       115712        14464
        7232           16           0.931       231424        28928
        7232           32           0.935       462848        57856
        7232           64           1.370       925696       115712
        7232          128           1.827      1851392       231424
        7232          256           2.712      3702784       462848
        7232          512           4.735      7405568       925696
        7232         1024           9.637     14811136      1851392
        7232         2048          23.881     29622272      3702784
        7232         4096          37.053     59244544      7405568
        7936            1           0.392        15872         1984
        7936            2           1.050        31744         3968
        7936            4           1.011        63488         7936
        7936            8           1.095       126976        15872
        7936           16           0.837       253952        31744
        7936           32           0.985       507904        63488
        7936           64           1.242      1015808       126976
        7936          128           1.897      2031616       253952
        7936          256           3.263      4063232       507904
        7936          512           6.253      8126464      1015808
        7936         1024          11.778     16252928      2031616
        7936         2048          29.884     32505856      4063232
        8704            1           0.955        17408         2176
        8704            2           0.964        34816         4352
        8704            4           0.901        69632         8704
        8704            8           1.153       139264        17408
        8704           16           0.878       278528        34816
        8704           32           1.183       557056        69632
        8704           64           1.598      1114112       139264
        8704          128           2.377      2228224       278528
        8704          256           4.043      4456448       557056
        8704          512           8.188      8912896      1114112
        8704         1024          15.771     17825792      2228224
        8704         2048          32.482     35651584      4456448
        9536            1           0.852        19072         2384
        9536            2           0.884        38144         4768
        9536            4           0.690        76288         9536
        9536            8           1.030       152576        19072
        9536           16           1.070       305152        38144
        9536           32           0.974       610304        76288
        9536           64           1.411      1220608       152576
        9536          128           2.312      2441216       305152
        9536          256           4.200      4882432       610304
        9536          512           7.860      9764864      1220608
        9536         1024          15.204     19529728      2441216
        9536         2048          29.908     39059456      4882432
       10432            1           0.921        20864         2608
       10432            2           0.987        41728         5216
       10432            4           0.811        83456        10432
       10432            8           0.926       166912        20864
       10432           16           1.030       333824        41728
       10432           32           1.349       667648        83456
       10432           64           1.694      1335296       166912
       10432          128           2.968      2670592       333824
       10432          256           5.430      5341184       667648
       10432          512          58.501     10682368      1335296
       10432         1024          20.643     21364736      2670592
       10432         2048          40.663     42729472      5341184
       11456            1           0.549        22912         2864
       11456            2           0.731        45824         5728
       11456            4           0.900        91648        11456
       11456            8           0.883       183296        22912
       11456           16           0.966       366592        45824
       11456           32           1.299       733184        91648
       11456           64           1.908      1466368       183296
       11456          128           3.228      2932736       366592
       11456          256           6.566      5865472       733184
       11456          512          11.976     11730944      1466368
       11456         1024          23.350     23461888      2932736
       11456         2048          46.422     46923776      5865472
       12544            1           0.686        25088         3136
       12544            2           1.019        50176         6272
       12544            4           1.162       100352        12544
       12544            8           1.115       200704        25088
       12544           16           1.214       401408        50176
       12544           32           1.184       802816       100352
       12544           64           1.615      1605632       200704
       12544          128           2.904      3211264       401408
       12544          256           5.121      6422528       802816
       12544          512           9.862     12845056      1605632
       12544         1024          19.056     25690112      3211264
       12544         2048          37.909     51380224      6422528
       13760            1           0.906        27520         3440
       13760            2           0.350        55040         6880
       13760            4           0.818       110080        13760
       13760            8           1.152       220160        27520
       13760           16           1.137       440320        55040
       13760           32           1.261       880640       110080
       13760           64           1.963      1761280       220160
       13760          128           3.362      3522560       440320
       13760          256           6.277      7045120       880640
       13760          512          11.551     14090240      1761280
       13760         1024          22.701     28180480      3522560
       13760         2048          43.597     56360960      7045120
       15104            1           1.992        30208         3776
       15104            2           0.699        60416         7552
       15104            4           0.982       120832        15104
       15104            8           0.914       241664        30208
       15104           16           1.660       483328        60416
       15104           32           2.338       966656       120832
       15104           64           4.122      1933312       241664
       15104          128          16.988      3866624       483328
       15104          256          19.121      7733248       966656
       15104          512          33.701     15466496      1933312
       15104         1024          24.604     30932992      3866624
       15104         2048          47.045     61865984      7733248
       16576            1           1.960        33152         4144
       16576            2           0.832        66304         8288
       16576            4           1.041       132608        16576
       16576            8           0.960       265216        33152
       16576           16           1.133       530432        66304
       16576           32           1.258      1060864       132608
       16576           64           1.899      2121728       265216
       16576          128           3.158      4243456       530432
       16576          256           6.679      8486912      1060864
       16576          512          12.197     16973824      2121728
       16576         1024          23.369     33947648      4243456
       18176            1           1.545        36352         4544
       18176            2           0.957        72704         9088
       18176            4           0.901       145408        18176
       18176            8           1.014       290816        36352
       18176           16           1.189       581632        72704
       18176           32           1.369      1163264       145408
       18176           64           1.966      2326528       290816
       18176          128           3.213      4653056       581632
       18176          256           5.616      9306112      1163264
       18176          512          20.862     18612224      2326528
       18176         1024          20.506     37224448      4653056
       19968            1           0.521        39936         4992
       19968            2           0.732        79872         9984
       19968            4           1.049       159744        19968
       19968            8           0.888       319488        39936
       19968           16           1.093       638976        79872
       19968           32           1.722      1277952       159744
       19968           64           2.281      2555904       319488
       19968          128           3.828      5111808       638976
       19968          256           6.519     10223616      1277952
       19968          512          12.626     20447232      2555904
       19968         1024          24.497     40894464      5111808
       21952            1           0.467        43904         5488
       21952            2           0.858        87808        10976
       21952            4           1.225       175616        21952
       21952            8           1.230       351232        43904
       21952           16           1.320       702464        87808
       21952           32           1.554      1404928       175616
       21952           64           2.159      2809856       351232
       21952          128           4.100      5619712       702464
       21952          256           7.075     11239424      1404928
       21952          512          13.765     22478848      2809856
       21952         1024          26.859     44957696      5619712
       24128            1           0.992        48256         6032
       24128            2           1.067        96512        12064
       24128            4           1.157       193024        24128
       24128            8           1.276       386048        48256
       24128           16           1.240       772096        96512
       24128           32           1.710      1544192       193024
       24128           64           2.477      3088384       386048
       24128          128           3.805      6176768       772096
       24128          256           7.111     12353536      1544192
       24128          512          13.632     24707072      3088384
       24128         1024          26.513     49414144      6176768
       26496            1          23.624        52992         6624
       26496            2           0.712       105984        13248
       26496            4           1.146       211968        26496
       26496            8           1.151       423936        52992
       26496           16           1.362       847872       105984
       26496           32           1.700      1695744       211968
       26496           64           2.664      3391488       423936
       26496          128           4.730      6782976       847872
       26496          256           8.426     13565952      1695744
       26496          512          16.259     27131904      3391488
       26496         1024          31.550     54263808      6782976
       29120            1           0.730        58240         7280
       29120            2           1.009       116480        14560
       29120            4           1.194       232960        29120
       29120            8           1.110       465920        58240
       29120           16           1.240       931840       116480
       29120           32           1.757      1863680       232960
       29120           64           3.015      3727360       465920
       29120          128           5.346      7454720       931840
       29120          256           9.858     14909440      1863680
       29120          512          19.364     29818880      3727360
       29120         1024          37.813     59637760      7454720
       32000            1           0.995        64000         8000
       32000            2           0.862       128000        16000
       32000            4           1.003       256000        32000
       32000            8           1.109       512000        64000
       32000           16           1.211      1024000       128000
       32000           32           1.845      2048000       256000
       32000           64           2.799      4096000       512000
       32000          128           5.155      8192000      1024000
       32000          256           9.833     16384000      2048000
       32000          512          18.788     32768000      4096000
       35200            1           1.433        70400         8800
       35200            2           0.810       140800        17600
       35200            4           1.216       281600        35200
       35200            8           1.155       563200        70400
       35200           16           1.386      1126400       140800
       35200           32           1.919      2252800       281600
       35200           64           3.337      4505600       563200
       35200          128           5.794      9011200      1126400
       35200          256          10.810     18022400      2252800
       35200          512          21.959     36044800      4505600
       38720            1           1.401        77440         9680
       38720            2           0.759       154880        19360
       38720            4           0.883       309760        38720
       38720            8           1.131       619520        77440
       38720           16           1.450      1239040       154880
       38720           32           2.135      2478080       309760
       38720           64           3.444      4956160       619520
       38720          128           6.659      9912320      1239040
       38720          256          12.611     19824640      2478080
       38720          512          24.248     39649280      4956160
       42560            1           1.520        85120        10640
       42560            2           0.884       170240        21280
       42560            4           0.917       340480        42560
       42560            8           1.096       680960        85120
       42560           16           1.483      1361920       170240
       42560           32           2.302      2723840       340480
       42560           64           3.741      5447680       680960
       42560          128           6.866     10895360      1361920
       42560          256          13.441     21790720      2723840
       42560          512          26.555     43581440      5447680
       46784            1           0.913        93568        11696
       46784            2           0.984       187136        23392
       46784            4           1.045       374272        46784
       46784            8           1.421       748544        93568
       46784           16           1.592      1497088       187136
       46784           32           2.368      2994176       374272
       46784           64           4.253      5988352       748544
       46784          128           7.513     11976704      1497088
       46784          256          14.486     23953408      2994176
       46784          512          28.755     47906816      5988352
       51456            1           0.655       102912        12864
       51456            2           0.852       205824        25728
       51456            4           0.983       411648        51456
       51456            8           1.239       823296       102912
       51456           16           1.757      1646592       205824
       51456           32           2.459      3293184       411648
       51456           64           4.460      6586368       823296
       51456          128           7.702     13172736      1646592
       51456          256          14.937     26345472      3293184
       51456          512          29.031     52690944      6586368
       56576            1           1.345       113152        14144
       56576            2           0.989       226304        28288
       56576            4           1.033       452608        56576
       56576            8           1.420       905216       113152
       56576           16           1.638      1810432       226304
       56576           32           2.798      3620864       452608
       56576           64           4.559      7241728       905216
       56576          128           8.422     14483456      1810432
       56576          256          16.565     28966912      3620864
       56576          512          31.765     57933824      7241728
       62208            1           0.733       124416        15552
       62208            2           0.875       248832        31104
       62208            4           1.037       497664        62208
       62208            8           1.423       995328       124416
       62208           16           2.054      1990656       248832
       62208           32           2.892      3981312       497664
       62208           64           5.012      7962624       995328
       62208          128           9.443     15925248      1990656
       62208          256          18.565     31850496      3981312
       68416            1           0.834       136832        17104
       68416            2           0.938       273664        34208
       68416            4           1.181       547328        68416
       68416            8           1.357      1094656       136832
       68416           16           2.048      2189312       273664
       68416           32           3.247      4378624       547328
       68416           64           5.497      8757248      1094656
       68416          128          10.205     17514496      2189312
       68416          256          24.782     35028992      4378624
       75200            1           0.988       150400        18800
       75200            2           1.304       300800        37600
       75200            4           1.210       601600        75200
       75200            8           1.754      1203200       150400
       75200           16           2.370      2406400       300800
       75200           32           3.548      4812800       601600
       75200           64          21.084      9625600      1203200
       75200          128          11.067     19251200      2406400
       75200          256          21.327     38502400      4812800
       82688            1           2.237       165376        20672
       82688            2           0.670       330752        41344
       82688            4           1.240       661504        82688
       82688            8           1.678      1323008       165376
       82688           16           2.166      2646016       330752
       82688           32           3.723      5292032       661504
       82688           64           6.365     10584064      1323008
       82688          128          12.071     21168128      2646016
       82688          256          23.328     42336256      5292032
       90944            1           1.528       181888        22736
       90944            2           1.022       363776        45472
       90944            4           1.108       727552        90944
       90944            8           1.664      1455104       181888
       90944           16           2.295      2910208       363776
       90944           32           3.842      5820416       727552
       90944           64           7.006     11640832      1455104
       90944          128          13.200     23281664      2910208
       90944          256          26.898     46563328      5820416
      100032            1           1.738       200064        25008
      100032            2           1.125       400128        50016
      100032            4           1.210       800256       100032
      100032            8           1.553      1600512       200064
      100032           16           2.531      3201024       400128
      100032           32           4.332      6402048       800256
      100032           64           7.661     12804096      1600512
      100032          128          14.890     25608192      3201024
      100032          256          29.337     51216384      6402048
      110016            1           2.078       220032        27504
      110016            2           0.712       440064        55008
      110016            4           1.348       880128       110016
      110016            8           1.670      1760256       220032
      110016           16           2.798      3520512       440064
      110016           32           4.581      7041024       880128
      110016           64           8.374     14082048      1760256
      110016          128          16.553     28164096      3520512
      110016          256          32.297     56328192      7041024
      120960            1           1.992       241920        30240
      120960            2           1.082       483840        60480
      120960            4           1.201       967680       120960
      120960            8           2.025      1935360       241920
      120960           16           2.955      3870720       483840
      120960           32           5.025      7741440       967680
      120960           64           9.308     15482880      1935360
      120960          128          17.895     30965760      3870720
      120960          256          35.176     61931520      7741440
      133056            1           1.562       266112        33264
      133056            2           1.250       532224        66528
      133056            4           1.318      1064448       133056
      133056            8           2.013      2128896       266112
      133056           16           3.195      4257792       532224
      133056           32           5.597      8515584      1064448
      133056           64           9.956     17031168      2128896
      133056          128          19.110     34062336      4257792
      146304            1           1.738       292608        36576
      146304            2           1.261       585216        73152
      146304            4           1.650      1170432       146304
      146304            8           2.224      2340864       292608
      146304           16           3.538      4681728       585216
      146304           32           5.870      9363456      1170432
      146304           64          10.862     18726912      2340864
      146304          128          20.975     37453824      4681728
      160896            1           2.459       321792        40224
      160896            2           1.165       643584        80448
      160896            4           1.597      1287168       160896
      160896            8           2.300      2574336       321792
      160896           16           3.602      5148672       643584
      160896           32           6.405     10297344      1287168
      160896           64          11.905     20594688      2574336
      160896          128          23.560     41189376      5148672
      176960            1           2.375       353920        44240
      176960            2           1.605       707840        88480
      176960            4           1.823      1415680       176960
      176960            8           2.820      2831360       353920
      176960           16           4.576      5662720       707840
      176960           32           8.657     11325440      1415680
      176960           64          13.023     22650880      2831360
      176960          128          25.346     45301760      5662720
      194624            1           2.325       389248        48656
      194624            2           1.214       778496        97312
      194624            4           2.073      1556992       194624
      194624            8           2.558      3113984       389248
      194624           16           4.250      6227968       778496
      194624           32           7.533     12455936      1556992
      194624           64          14.341     24911872      3113984
      194624          128          27.866     49823744      6227968
      214080            1           3.268       428160        53520
      214080            2           1.498       856320       107040
      214080            4           1.662      1712640       214080
      214080            8           2.905      3425280       428160
      214080           16           4.705      6850560       856320
      214080           32           8.416     13701120      1712640
      214080           64          15.725     27402240      3425280
      214080          128          30.836     54804480      6850560
      235456            1           2.563       470912        58864
      235456            2           1.642       941824       117728
      235456            4           2.023      1883648       235456
      235456            8           3.214      3767296       470912
      235456           16           5.352      7534592       941824
      235456           32           9.054     15069184      1883648
      235456           64          17.236     30138368      3767296
      235456          128          33.840     60276736      7534592
      258944            1           3.653       517888        64736
      258944            2           2.065      1035776       129472
      258944            4           3.007      2071552       258944
      258944            8           4.301      4143104       517888
      258944           16           7.140      8286208      1035776
      258944           32          10.260     16572416      2071552
      258944           64          19.139     33144832      4143104
      284800            1           3.479       569600        71200
      284800            2           2.012      1139200       142400
      284800            4           2.814      2278400       284800
      284800            8           4.608      4556800       569600
      284800           16          34.294      9113600      1139200
      284800           32          15.133     18227200      2278400
      284800           64          29.650     36454400      4556800
      313280            1           3.926       626560        78320
      313280            2           2.037      1253120       156640
      313280            4           3.106      2506240       313280
      313280            8           5.780      5012480       626560
      313280           16           9.710     10024960      1253120
      313280           32          19.740     20049920      2506240
      313280           64          39.114     40099840      5012480
      344576            1           3.689       689152        86144
      344576            2           2.464      1378304       172288
      344576            4           3.623      2756608       344576
      344576            8           5.833      5513216       689152
      344576           16          10.758     11026432      1378304
      344576           32          20.238     22052864      2756608
      344576           64          38.967     44105728      5513216
      379008            1           4.470       758016        94752
      379008            2           2.368      1516032       189504
      379008            4           3.898      3032064       379008
      379008            8           6.359      6064128       758016
      379008           16          11.788     12128256      1516032
      379008           32          22.103     24256512      3032064
      379008           64          42.913     48513024      6064128
      416896            1           4.782       833792       104224
      416896            2           2.857      1667584       208448
      416896            4           4.196      3335168       416896
      416896            8           6.913      6670336       833792
      416896           16          12.761     13340672      1667584
      416896           32          25.495     26681344      3335168
      416896           64          47.067     53362688      6670336
      458560            1           5.415       917120       114640
      458560            2           2.534      1834240       229280
      458560            4           4.295      3668480       458560
      458560            8           7.416      7336960       917120
      458560           16          13.706     14673920      1834240
      458560           32          26.657     29347840      3668480
      458560           64          51.667     58695680      7336960
      504384            1           5.850      1008768       126096
      504384            2           3.250      2017536       252192
      504384            4           5.013      4035072       504384
      504384            8           8.319      8070144      1008768
      504384           16          15.374     16140288      2017536
      504384           32          28.784     32280576      4035072
      554816            1           6.307      1109632       138704
      554816            2           3.005      2219264       277408
      554816            4           5.263      4438528       554816
      554816            8           8.955      8877056      1109632
      554816           16          16.547     17754112      2219264
      554816           32          31.765     35508224      4438528
      610240            1           7.132      1220480       152560
      610240            2           3.828      2440960       305120
      610240            4           5.618      4881920       610240
      610240            8           9.780      9763840      1220480
      610240           16          18.274     19527680      2440960
      610240           32          34.831     39055360      4881920
      671232            1           7.759      1342464       167808
      671232            2           3.669      2684928       335616
      671232            4           6.180      5369856       671232
      671232            8          10.691     10739712      1342464
      671232           16          20.045     21479424      2684928
      671232           32          38.582     42958848      5369856
      738304            1           8.711      1476608       184576
      738304            2           3.938      2953216       369152
      738304            4           6.680      5906432       738304
      738304            8          11.825     11812864      1476608
      738304           16          21.893     23625728      2953216
      738304           32          41.928     47251456      5906432
      812096            1           8.990      1624192       203024
      812096            2           4.659      3248384       406048
      812096            4           7.291      6496768       812096
      812096            8          12.538     12993536      1624192
      812096           16          23.851     25987072      3248384
      812096           32          46.282     51974144      6496768
      893248            1           9.395      1786496       223312
      893248            2           4.893      3572992       446624
      893248            4           7.944      7145984       893248
      893248            8          14.024     14291968      1786496
      893248           16          49.891     28583936      3572992
      893248           32          50.863     57167872      7145984
      982528            1          13.133      1965056       245632
      982528            2           6.497      3930112       491264
      982528            4           9.764      7860224       982528
      982528            8          18.020     15720448      1965056
      982528           16          28.860     31440896      3930112
     1080768            1          13.834      2161536       270192
     1080768            2           6.748      4323072       540384
     1080768            4          10.724      8646144      1080768
     1080768            8          19.369     17292288      2161536
     1080768           16          36.386     34584576      4323072
     1188800            1          12.151      2377600       297200
     1188800            2           6.142      4755200       594400
     1188800            4          10.273      9510400      1188800
     1188800            8          18.298     19020800      2377600
     1188800           16          34.497     38041600      4755200
     1307648            1          13.607      2615296       326912
     1307648            2           6.743      5230592       653824
     1307648            4          11.341     10461184      1307648
     1307648            8          20.077     20922368      2615296
     1307648           16          37.904     41844736      5230592
     1438400            1          17.359      2876800       359600
     1438400            2           6.965      5753600       719200
     1438400            4          12.043     11507200      1438400
     1438400            8          21.983     23014400      2876800
     1438400           16          41.874     46028800      5753600
     1582208            1          16.951      3164416       395552
     1582208            2           8.061      6328832       791104
     1582208            4          13.554     12657664      1582208
     1582208            8          24.184     25315328      3164416
     1582208           16          45.986     50630656      6328832
     1740416            1          18.500      3480832       435104
     1740416            2           8.923      6961664       870208
     1740416            4          14.762     13923328      1740416
     1740416            8          26.427     27846656      3480832
     1740416           16          50.183     55693312      6961664
     1914432            1          20.328      3828864       478608
     1914432            2           9.639      7657728       957216
     1914432            4          16.040     15315456      1914432
     1914432            8          29.277     30630912      3828864
     1914432           16          55.212     61261824      7657728
     2105856            1          21.083      4211712       526464
     2105856            2          10.053      8423424      1052928
     2105856            4          17.628     16846848      2105856
     2105856            8          31.887     33693696      4211712
     2316416            1          29.817      4632832       579104
     2316416            2          11.524      9265664      1158208
     2316416            4          19.375     18531328      2316416
     2316416            8          35.166     37062656      4632832
     2548032            1          28.179      5096064       637008
     2548032            2          12.226     10192128      1274016
     2548032            4          21.450     20384256      2548032
     2548032            8          38.422     40768512      5096064
     2802816            1          28.801      5605632       700704
     2802816            2          18.682     11211264      1401408
     2802816            4          23.238     22422528      2802816
     2802816            8          42.209     44845056      5605632
     3083072            1          39.437      6166144       770768
     3083072            2          16.208     12332288      1541536
     3083072            4          25.342     24664576      3083072
     3083072            8          46.393     49329152      6166144
     3391360            1          34.570      6782720       847840
     3391360            2          16.577     13565440      1695680
     3391360            4          27.805     27130880      3391360
     3391360            8          51.146     54261760      6782720
     3730496            1          47.073      7460992       932624
     3730496            2          17.799     14921984      1865248
     3730496            4          30.639     29843968      3730496
     3730496            8          56.010     59687936      7460992
     4103488            1          42.362      8206976      1025872
     4103488            2          19.873     16413952      2051744
     4103488            4          33.678     32827904      4103488
     4513792            1          47.537      9027584      1128448
     4513792            2          22.109     18055168      2256896
     4513792            4          36.887     36110336      4513792
     4965120            1          53.939      9930240      1241280
     4965120            2          27.851     19860480      2482560
     4965120            4          45.599     39720960      4965120
     5461632            1          55.592     10923264      1365408
     5461632            2          30.311     21846528      2730816
     5461632            4          47.808     43693056      5461632
     6007744            1          60.904     12015488      1501936
     6007744            2          41.753     24030976      3003872
     6007744            4          53.795     48061952      6007744
     6608512            1          67.599     13217024      1652128
     6608512            2          40.102     26434048      3304256
     6608512            4          62.512     52868096      6608512
     7269312            1          68.356     14538624      1817328
     7269312            2          49.881     29077248      3634656
     7269312            4          70.822     58154496      7269312
     7996224            1          92.100     15992448      1999056
     7996224            2          60.798     31984896      3998112
     8795840            1          97.631     17591680      2198960
     8795840            2          81.959     35183360      4397920
     9675392            1          81.021     19350784      2418848
     9675392            2          89.268     38701568      4837696
    10642880            1          88.305     21285760      2660720
    10642880            2         112.029     42571520      5321440
    11707136            1          93.609     23414272      2926784
    11707136            2         136.578     46828544      5853568
    12877824            1         103.894     25755648      3219456
    12877824            2         157.934     51511296      6438912
    14165568            1         115.569     28331136      3541392
    14165568            2         180.530     56662272      7082784
    15582080            1         132.315     31164160      3895520
    17140288            1         142.492     34280576      4285072
    18854272            1         189.991     37708544      4713568
    20739648            1         213.500     41479296      5184912
    22813568            1         262.914     45627136      5703392
    25094912            1         326.077     50189824      6273728
    27604352            1         322.168     55208704      6901088
    30364736            1         359.682     60729472      7591184

META_DATA
FLOPS          2
OPENMP_THREADS 8
ERT_VERSION  1.1.0
HOSTNAME  ('cirrus4.computing.clemson.edu', ['cirrus4'], ['127.0.1.1'])
UNAME  uname_result(system='Linux', node='cirrus4.computing.clemson.edu', release='5.4.0-81-generic', version='#91-Ubuntu SMP Thu Jul 15 19:09:17 UTC 2021', machine='x86_64', processor='x86_64')
TIMESTAMP_DATA  1632245405.9746006
CONFIG  {'ERT_RESULTS': ['Results.cs.clemson.edu'], 'ERT_DRIVER': ['driver1'], 'ERT_KERNEL': ['kernel1'], 'ERT_MPI': ['False'], 'ERT_MPI_CFLAGS': [], 'ERT_MPI_LDFLAGS': [], 'ERT_OPENMP': ['True'], 'ERT_OPENMP_CFLAGS': ['-fopenmp'], 'ERT_OPENMP_LDFLAGS': ['-fopenmp'], 'ERT_FLOPS': ['1,2,4'], 'ERT_ALIGN': ['32'], 'ERT_CC': ['g++'], 'ERT_CFLAGS': ['-O3', '-std=c++11', '-fstrict-aliasing', '-march=native'], 'ERT_LD': ['g++'], 'ERT_LDFLAGS': [], 'ERT_LDLIBS': [], 'ERT_PRECISION': ['FP64'], 'ERT_RUN': ['export', 'OMP_NUM_THREADS=ERT_OPENMP_THREADS;', 'export', 'OMP_PLACES=threads;', 'export', 'OMP_PROC_BIND=spread;', './ERT_CODE'], 'ERT_PROCS_THREADS': ['8'], 'ERT_MPI_PROCS': ['2,4,8'], 'ERT_OPENMP_THREADS': ['1-8'], 'ERT_NUM_EXPERIMENTS': ['5'], 'ERT_MEMORY_MAX': ['31000000'], 'ERT_WORKING_SET_MIN': ['1'], 'ERT_TRIALS_MIN': ['1'], 'ERT_GNUPLOT': ['gnuplot'], 'ERT_GPU': [False], 'ERT_HIP': [False], 'ERT_OCL': [False], 'ERT_SYCL': [False], 'ERT_WSS_MULT': [1.1]}
