fp64
          64            1           2.770          128           16
          64            2           0.850          256           32
          64            4           1.083          512           64
          64            8           0.903         1024          128
          64           16           0.642         2048          256
          64           32           1.051         4096          512
          64           64           1.146         8192         1024
          64          128           1.580        16384         2048
          64          256           2.521        32768         4096
          64          512           3.855        65536         8192
          64         1024           6.776       131072        16384
          64         2048          12.855       262144        32768
          64         4096          25.115       524288        65536
          64         8192          49.171      1048576       131072
          64        16384          97.772      2097152       262144
          64        32768         195.696      4194304       524288
          64        65536         387.160      8388608      1048576
          64       131072         775.126     16777216      2097152
          64       262144        1558.050     33554432      4194304
         128            1           0.672          256           32
         128            2           0.839          512           64
         128            4           0.670         1024          128
         128            8           1.052         2048          256
         128           16           0.778         4096          512
         128           32           0.864         8192         1024
         128           64           1.164        16384         2048
         128          128           1.523        32768         4096
         128          256           2.172        65536         8192
         128          512           3.892       131072        16384
         128         1024           6.817       262144        32768
         128         2048          12.773       524288        65536
         128         4096          25.421      1048576       131072
         128         8192          50.536      2097152       262144
         128        16384         100.616      4194304       524288
         128        32768         200.458      8388608      1048576
         128        65536         400.469     16777216      2097152
         128       131072         800.588     33554432      4194304
         192            1           0.866          384           48
         192            2           0.731          768           96
         192            4           0.960         1536          192
         192            8           0.795         3072          384
         192           16           0.917         6144          768
         192           32          16.793        12288         1536
         192           64           1.327        24576         3072
         192          128           1.411        49152         6144
         192          256           2.347        98304        12288
         192          512           3.714       196608        24576
         192         1024           6.865       393216        49152
         192         2048          13.001       786432        98304
         192         4096          25.450      1572864       196608
         192         8192          50.144      3145728       393216
         192        16384          99.652      6291456       786432
         192        32768         198.435     12582912      1572864
         192        65536         397.092     25165824      3145728
         192       131072         802.283     50331648      6291456
         256            1           1.350          512           64
         256            2           0.754         1024          128
         256            4           0.922         2048          256
         256            8           0.962         4096          512
         256           16           0.787         8192         1024
         256           32           1.124        16384         2048
         256           64           1.288        32768         4096
         256          128           1.613        65536         8192
         256          256           2.559       131072        16384
         256          512           3.757       262144        32768
         256         1024           7.346       524288        65536
         256         2048          14.228      1048576       131072
         256         4096          28.074      2097152       262144
         256         8192          55.867      4194304       524288
         256        16384         110.591      8388608      1048576
         256        32768         220.756     16777216      2097152
         256        65536         441.114     33554432      4194304
         320            1           1.122          640           80
         320            2           0.718         1280          160
         320            4           0.970         2560          320
         320            8           0.984         5120          640
         320           16           0.862        10240         1280
         320           32           1.147        20480         2560
         320           64           1.175        40960         5120
         320          128           1.612        81920        10240
         320          256           2.593       163840        20480
         320          512           4.078       327680        40960
         320         1024           7.166       655360        81920
         320         2048          14.148      1310720       163840
         320         4096          28.330      2621440       327680
         320         8192          56.029      5242880       655360
         320        16384         112.144     10485760      1310720
         320        32768         223.256     20971520      2621440
         320        65536         447.442     41943040      5242880
         384            1           1.144          768           96
         384            2           0.744         1536          192
         384            4           0.920         3072          384
         384            8           0.842         6144          768
         384           16           1.168        12288         1536
         384           32           0.722        24576         3072
         384           64           1.350        49152         6144
         384          128           1.536        98304        12288
         384          256           2.443       196608        24576
         384          512           4.091       393216        49152
         384         1024           7.531       786432        98304
         384         2048          14.326      1572864       196608
         384         4096          28.394      3145728       393216
         384         8192          56.647      6291456       786432
         384        16384         128.220     12582912      1572864
         384        32768         230.111     25165824      3145728
         384        65536         449.289     50331648      6291456
         448            1           0.959          896          112
         448            2           1.092         1792          224
         448            4           1.130         3584          448
         448            8           0.845         7168          896
         448           16           1.148        14336         1792
         448           32           0.805        28672         3584
         448           64           1.108        57344         7168
         448          128           1.442       114688        14336
         448          256           2.424       229376        28672
         448          512           4.002       458752        57344
         448         1024           7.358       917504       114688
         448         2048          14.512      1835008       229376
         448         4096          28.420      3670016       458752
         448         8192          56.657      7340032       917504
         448        16384         112.690     14680064      1835008
         448        32768         224.950     29360128      3670016
         448        65536         449.626     58720256      7340032
         512            1           0.774         1024          128
         512            2           0.752         2048          256
         512            4           0.987         4096          512
         512            8           0.933         8192         1024
         512           16           0.785        16384         2048
         512           32           1.088        32768         4096
         512           64           0.974        65536         8192
         512          128           1.807       131072        16384
         512          256           2.386       262144        32768
         512          512           4.094       524288        65536
         512         1024           7.393      1048576       131072
         512         2048          14.503      2097152       262144
         512         4096          28.154      4194304       524288
         512         8192          55.406      8388608      1048576
         512        16384          95.759     16777216      2097152
         512        32768         139.583     33554432      4194304
         576            1           1.117         1152          144
         576            2           0.621         2304          288
         576            4           0.617         4608          576
         576            8           0.897         9216         1152
         576           16           0.812        18432         2304
         576           32           0.672        36864         4608
         576           64           1.040        73728         9216
         576          128           1.122       147456        18432
         576          256           1.821       294912        36864
         576          512           2.817       589824        73728
         576         1024          16.829      1179648       147456
         576         2048          21.627      2359296       294912
         576         4096          18.069      4718592       589824
         576         8192          35.699      9437184      1179648
         576        16384          71.188     18874368      2359296
         576        32768         142.069     37748736      4718592
         640            1           1.043         1280          160
         640            2           0.449         2560          320
         640            4           0.775         5120          640
         640            8           0.705        10240         1280
         640           16           0.934        20480         2560
         640           32           0.947        40960         5120
         640           64           0.946        81920        10240
         640          128           1.314       163840        20480
         640          256          82.045       327680        40960
         640          512           4.721       655360        81920
         640         1024           8.886      1310720       163840
         640         2048          14.248      2621440       327680
         640         4096          28.414      5242880       655360
         640         8192          35.549     10485760      1310720
         640        16384          71.622     20971520      2621440
         640        32768         142.917     41943040      5242880
         704            1           0.581         1408          176
         704            2           0.602         2816          352
         704            4           0.772         5632          704
         704            8           0.950        11264         1408
         704           16           0.935        22528         2816
         704           32           0.690        45056         5632
         704           64           1.242        90112        11264
         704          128           1.142       180224        22528
         704          256           1.834       360448        45056
         704          512           2.807       720896        90112
         704         1024           5.034      1441792       180224
         704         2048           9.109      2883584       360448
         704         4096          18.012      5767168       720896
         704         8192          35.646     11534336      1441792
         704        16384          86.827     23068672      2883584
         704        32768         142.063     46137344      5767168
         768            1           0.929         1536          192
         768            2           0.936         3072          384
         768            4           0.637         6144          768
         768            8           0.943        12288         1536
         768           16           0.703        24576         3072
         768           32           1.015        49152         6144
         768           64           0.958        98304        12288
         768          128           1.394       196608        24576
         768          256           1.816       393216        49152
         768          512           2.776       786432        98304
         768         1024           4.966      1572864       196608
         768         2048           9.358      3145728       393216
         768         4096          18.318      6291456       786432
         768         8192          36.148     12582912      1572864
         768        16384          71.582     25165824      3145728
         768        32768         170.607     50331648      6291456
         832            1           2.932         1664          208
         832            2           0.733         3328          416
         832            4           0.772         6656          832
         832            8           0.677        13312         1664
         832           16           0.822        26624         3328
         832           32           0.664        53248         6656
         832           64           0.999       106496        13312
         832          128           1.061       212992        26624
         832          256           1.896       425984        53248
         832          512           2.804       851968       106496
         832         1024           5.167      1703936       212992
         832         2048           9.435      3407872       425984
         832         4096          18.319      6815744       851968
         832         8192          35.944     13631488      1703936
         832        16384          71.088     27262976      3407872
         832        32768         145.690     54525952      6815744
         896            1           1.053         1792          224
         896            2           1.068         3584          448
         896            4           0.787         7168          896
         896            8           0.650        14336         1792
         896           16           0.738        28672         3584
         896           32           0.678        57344         7168
         896           64           1.101       114688        14336
         896          128           1.147       229376        28672
         896          256           1.944       458752        57344
         896          512           2.848       917504       114688
         896         1024           5.096      1835008       229376
         896         2048           9.777      3670016       458752
         896         4096          18.871      7340032       917504
         896         8192          37.747     14680064      1835008
         896        16384          99.479     29360128      3670016
         896        32768         162.093     58720256      7340032
         960            1           0.941         1920          240
         960            2           0.659         3840          480
         960            4           0.856         7680          960
         960            8           0.845        15360         1920
         960           16           0.946        30720         3840
         960           32           0.822        61440         7680
         960           64           0.903       122880        15360
         960          128           1.318       245760        30720
         960          256           1.919       491520        61440
         960          512           2.959       983040       122880
         960         1024           5.415      1966080       245760
         960         2048          10.550      3932160       491520
         960         4096          20.600      7864320       983040
         960         8192          40.744     15728640      1966080
         960        16384          81.419     31457280      3932160
        1024            1           0.837         2048          256
        1024            2           0.863         4096          512
        1024            4           0.643         8192         1024
        1024            8           0.977        16384         2048
        1024           16           0.546        32768         4096
        1024           32           0.952        65536         8192
        1024           64           1.181       131072        16384
        1024          128           1.297       262144        32768
        1024          256           1.833       524288        65536
        1024          512           2.961      1048576       131072
        1024         1024           4.947      2097152       262144
        1024         2048           9.174      4194304       524288
        1024         4096          18.266      8388608      1048576
        1024         8192          36.302     16777216      2097152
        1024        16384          71.832     33554432      4194304
        1088            1           0.905         2176          272
        1088            2           0.767         4352          544
        1088            4           0.735         8704         1088
        1088            8           0.785        17408         2176
        1088           16           1.053        34816         4352
        1088           32           0.672        69632         8704
        1088           64           1.178       139264        17408
        1088          128           1.223       278528        34816
        1088          256           1.901       557056        69632
        1088          512           2.848      1114112       139264
        1088         1024           5.340      2228224       278528
        1088         2048          10.052      4456448       557056
        1088         4096          19.780      8912896      1114112
        1088         8192          39.683     17825792      2228224
        1088        16384          79.007     35651584      4456448
        1152            1           0.914         2304          288
        1152            2           0.873         4608          576
        1152            4           0.754         9216         1152
        1152            8           0.691        18432         2304
        1152           16           0.878        36864         4608
        1152           32           0.795        73728         9216
        1152           64           0.788       147456        18432
        1152          128           1.068       294912        36864
        1152          256           1.934       589824        73728
        1152          512           3.005      1179648       147456
        1152         1024           5.699      2359296       294912
        1152         2048          10.863      4718592       589824
        1152         4096          21.199      9437184      1179648
        1152         8192          42.173     18874368      2359296
        1152        16384          83.915     37748736      4718592
        1216            1           0.865         2432          304
        1216            2           0.700         4864          608
        1216            4           1.027         9728         1216
        1216            8           0.758        19456         2432
        1216           16           0.752        38912         4864
        1216           32           0.716        77824         9728
        1216           64           0.846       155648        19456
        1216          128           1.238       311296        38912
        1216          256           2.096       622592        77824
        1216          512           3.035      1245184       155648
        1216         1024           5.855      2490368       311296
        1216         2048          11.172      4980736       622592
        1216         4096          22.382      9961472      1245184
        1216         8192          44.307     19922944      2490368
        1216        16384          88.203     39845888      4980736
        1280            1           0.633         2560          320
        1280            2           0.623         5120          640
        1280            4           0.806        10240         1280
        1280            8           0.854        20480         2560
        1280           16           0.674        40960         5120
        1280           32           0.704        81920        10240
        1280           64           1.120       163840        20480
        1280          128           1.337       327680        40960
        1280          256           1.769       655360        81920
        1280          512           3.139      1310720       163840
        1280         1024           5.366      2621440       327680
        1280         2048          10.766      5242880       655360
        1280         4096          21.086     10485760      1310720
        1280         8192          42.211     20971520      2621440
        1280        16384          82.978     41943040      5242880
        1408            1           0.618         2816          352
        1408            2           0.685         5632          704
        1408            4           0.924        11264         1408
        1408            8           0.967        22528         2816
        1408           16           0.663        45056         5632
        1408           32           0.936        90112        11264
        1408           64           0.909       180224        22528
        1408          128           1.418       360448        45056
        1408          256           1.943       720896        90112
        1408          512           3.769      1441792       180224
        1408         1024           6.497      2883584       360448
        1408         2048          12.246      5767168       720896
        1408         4096          24.402     11534336      1441792
        1408         8192          48.166     23068672      2883584
        1408        16384          95.471     46137344      5767168
        1536            1           0.641         3072          384
        1536            2           0.572         6144          768
        1536            4           0.937        12288         1536
        1536            8           0.758        24576         3072
        1536           16           1.116        49152         6144
        1536           32           0.826        98304        12288
        1536           64           0.723       196608        24576
        1536          128           1.371       393216        49152
        1536          256           1.828       786432        98304
        1536          512           3.272      1572864       196608
        1536         1024           5.979      3145728       393216
        1536         2048          11.959      6291456       786432
        1536         4096          23.756     12582912      1572864
        1536         8192          46.694     25165824      3145728
        1536        16384          93.360     50331648      6291456
        1664            1           0.475         3328          416
        1664            2           0.752         6656          832
        1664            4           0.665        13312         1664
        1664            8           0.870        26624         3328
        1664           16           0.981        53248         6656
        1664           32           0.677       106496        13312
        1664           64           0.972       212992        26624
        1664          128           1.330       425984        53248
        1664          256           2.082       851968       106496
        1664          512           3.516      1703936       212992
        1664         1024           6.781      3407872       425984
        1664         2048          13.210      6815744       851968
        1664         4096          25.767     13631488      1703936
        1664         8192          61.114     27262976      3407872
        1664        16384         102.092     54525952      6815744
        1792            1           0.414         3584          448
        1792            2           0.781         7168          896
        1792            4           0.850        14336         1792
        1792            8           0.848        28672         3584
        1792           16           0.826        57344         7168
        1792           32           0.754       114688        14336
        1792           64           1.019       229376        28672
        1792          128           1.135       458752        57344
        1792          256           2.013       917504       114688
        1792          512           3.579      1835008       229376
        1792         1024           6.992      3670016       458752
        1792         2048          13.470      7340032       917504
        1792         4096          26.848     14680064      1835008
        1792         8192          53.268     29360128      3670016
        1792        16384         105.810     58720256      7340032
        1920            1           0.572         3840          480
        1920            2           0.578         7680          960
        1920            4           0.728        15360         1920
        1920            8           0.778        30720         3840
        1920           16           0.561        61440         7680
        1920           32           0.752       122880        15360
        1920           64           0.854       245760        30720
        1920          128           1.319       491520        61440
        1920          256           1.299       983040       122880
        1920          512           2.889      1966080       245760
        1920         1024           4.956      3932160       491520
        1920         2048           9.490      7864320       983040
        1920         4096          18.204     15728640      1966080
        1920         8192          36.431     31457280      3932160
        2112            1           0.612         4224          528
        2112            2           0.710         8448         1056
        2112            4           9.316        16896         2112
        2112            8           0.596        33792         4224
        2112           16           0.616        67584         8448
        2112           32           0.633       135168        16896
        2112           64           0.813       270336        33792
        2112          128           1.068       540672        67584
        2112          256           1.670      1081344       135168
        2112          512           2.569      2162688       270336
        2112         1024           5.151      4325376       540672
        2112         2048           9.745      8650752      1081344
        2112         4096          19.742     17301504      2162688
        2112         8192          40.715     34603008      4325376
        2304            1           1.084         4608          576
        2304            2           0.610         9216         1152
        2304            4           0.999        18432         2304
        2304            8           0.857        36864         4608
        2304           16           0.505        73728         9216
        2304           32           0.577       147456        18432
        2304           64           0.933       294912        36864
        2304          128           1.024       589824        73728
        2304          256           1.776      1179648       147456
        2304          512           3.188      2359296       294912
        2304         1024           5.616      4718592       589824
        2304         2048          14.711      9437184      1179648
        2304         4096          22.211     18874368      2359296
        2304         8192          47.435     37748736      4718592
        2496            1           0.923         4992          624
        2496            2           0.651         9984         1248
        2496            4           0.714        19968         2496
        2496            8           0.790        39936         4992
        2496           16           0.745        79872         9984
        2496           32           0.639       159744        19968
        2496           64           1.032       319488        39936
        2496          128           1.091       638976        79872
        2496          256           1.737      1277952       159744
        2496          512           3.140      2555904       319488
        2496         1024           6.155      5111808       638976
        2496         2048          11.312     10223616      1277952
        2496         4096          22.711     20447232      2555904
        2496         8192          44.555     40894464      5111808
        2688            1           0.324         5376          672
        2688            2           0.684        10752         1344
        2688            4           0.853        21504         2688
        2688            8           0.632        43008         5376
        2688           16           0.645        86016        10752
        2688           32           0.817       172032        21504
        2688           64           0.890       344064        43008
        2688          128           1.123       688128        86016
        2688          256           1.716      1376256       172032
        2688          512           3.477      2752512       344064
        2688         1024           6.160      5505024       688128
        2688         2048          11.826     11010048      1376256
        2688         4096          23.332     22020096      2752512
        2688         8192          46.183     44040192      5505024
        2944            1           0.481         5888          736
        2944            2           0.523        11776         1472
        2944            4           0.727        23552         2944
        2944            8           0.546        47104         5888
        2944           16           0.616        94208        11776
        2944           32           0.835       188416        23552
        2944           64           0.834       376832        47104
        2944          128           1.227       753664        94208
        2944          256           1.852      1507328       188416
        2944          512           3.396      3014656       376832
        2944         1024           6.719      6029312       753664
        2944         2048          12.868     12058624      1507328
        2944         4096          25.456     24117248      3014656
        2944         8192          50.483     48234496      6029312
        3200            1           0.286         6400          800
        3200            2           0.672        12800         1600
        3200            4           0.626        25600         3200
        3200            8           0.626        51200         6400
        3200           16           0.809       102400        12800
        3200           32           0.687       204800        25600
        3200           64           0.865       409600        51200
        3200          128           1.076       819200       102400
        3200          256           2.177      1638400       204800
        3200          512           3.792      3276800       409600
        3200         1024           6.677      6553600       819200
        3200         2048          13.521     13107200      1638400
        3200         4096          26.356     26214400      3276800
        3200         8192          52.821     52428800      6553600
        3520            1           0.968         7040          880
        3520            2           0.976        14080         1760
        3520            4           0.701        28160         3520
        3520            8           0.813        56320         7040
        3520           16           0.620       112640        14080
        3520           32           0.825       225280        28160
        3520           64           1.026       450560        56320
        3520          128           1.218       901120       112640
        3520          256           2.132      1802240       225280
        3520          512           4.048      3604480       450560
        3520         1024           7.490      7208960       901120
        3520         2048          14.799     14417920      1802240
        3520         4096          29.281     28835840      3604480
        3520         8192          58.132     57671680      7208960
        3840            1           0.763         7680          960
        3840            2           0.655        15360         1920
        3840            4           0.636        30720         3840
        3840            8           0.705        61440         7680
        3840           16           0.697       122880        15360
        3840           32           0.698       245760        30720
        3840           64           0.899       491520        61440
        3840          128           1.477       983040       122880
        3840          256           1.914      1966080       245760
        3840          512           3.843      3932160       491520
        3840         1024           6.973      7864320       983040
        3840         2048          13.319     15728640      1966080
        3840         4096          26.454     31457280      3932160
        4224            1           0.716         8448         1056
        4224            2           0.730        16896         2112
        4224            4           0.773        33792         4224
        4224            8           1.014        67584         8448
        4224           16           0.658       135168        16896
        4224           32           0.967       270336        33792
        4224           64           0.956       540672        67584
        4224          128           1.436      1081344       135168
        4224          256           2.443      2162688       270336
        4224          512           4.240      4325376       540672
        4224         1024           8.488      8650752      1081344
        4224         2048          16.406     17301504      2162688
        4224         4096          34.170     34603008      4325376
        4608            1           0.377         9216         1152
        4608            2           0.882        18432         2304
        4608            4           0.659        36864         4608
        4608            8           0.782        73728         9216
        4608           16           0.618       147456        18432
        4608           32           0.726       294912        36864
        4608           64           0.872       589824        73728
        4608          128           1.273      1179648       147456
        4608          256           2.349      2359296       294912
        4608          512           4.192      4718592       589824
        4608         1024           7.844      9437184      1179648
        4608         2048          15.606     18874368      2359296
        4608         4096          30.606     37748736      4718592
        5056            1           0.551        10112         1264
        5056            2           0.526        20224         2528
        5056            4           0.902        40448         5056
        5056            8           0.841        80896        10112
        5056           16           0.675       161792        20224
        5056           32           0.917       323584        40448
        5056           64           0.859       647168        80896
        5056          128           1.655      1294336       161792
        5056          256           2.544      2588672       323584
        5056          512           4.787      5177344       647168
        5056         1024           9.503     10354688      1294336
        5056         2048          18.423     20709376      2588672
        5056         4096          36.251     41418752      5177344
        5504            1           0.537        11008         1376
        5504            2           0.812        22016         2752
        5504            4           0.986        44032         5504
        5504            8           0.636        88064        11008
        5504           16           1.048       176128        22016
        5504           32           1.061       352256        44032
        5504           64           0.979       704512        88064
        5504          128           1.790      1409024       176128
        5504          256           2.912      2818048       352256
        5504          512           5.859      5636096       704512
        5504         1024          11.054     11272192      1409024
        5504         2048          22.607     22544384      2818048
        5504         4096          43.761     45088768      5636096
        6016            1           0.989        12032         1504
        6016            2           0.955        24064         3008
        6016            4           0.788        48128         6016
        6016            8           0.892        96256        12032
        6016           16           0.807       192512        24064
        6016           32           0.922       385024        48128
        6016           64           1.063       770048        96256
        6016          128           1.868      1540096       192512
        6016          256           3.237      3080192       385024
        6016          512           6.245      6160384       770048
        6016         1024          11.590     12320768      1540096
        6016         2048          24.411     24641536      3080192
        6016         4096          48.045     49283072      6160384
        6592            1           1.811        13184         1648
        6592            2           0.652        26368         3296
        6592            4           0.814        52736         6592
        6592            8           0.717       105472        13184
        6592           16           0.709       210944        26368
        6592           32           1.155       421888        52736
        6592           64           1.210       843776       105472
        6592          128           1.625      1687552       210944
        6592          256           2.911      3375104       421888
        6592          512           5.767      6750208       843776
        6592         1024          11.813     13500416      1687552
        6592         2048          25.400     27000832      3375104
        6592         4096          43.677     54001664      6750208
        7232            1           0.666        14464         1808
        7232            2           0.879        28928         3616
        7232            4           0.833        57856         7232
        7232            8           0.733       115712        14464
        7232           16           0.565       231424        28928
        7232           32           0.896       462848        57856
        7232           64           1.260       925696       115712
        7232          128           1.717      1851392       231424
        7232          256           3.345      3702784       462848
        7232          512           6.004      7405568       925696
        7232         1024          11.639     14811136      1851392
        7232         2048          22.957     29622272      3702784
        7232         4096          45.573     59244544      7405568
        7936            1           0.617        15872         1984
        7936            2           0.612        31744         3968
        7936            4           0.819        63488         7936
        7936            8           1.035       126976        15872
        7936           16           0.863       253952        31744
        7936           32           0.941       507904        63488
        7936           64           1.351      1015808       126976
        7936          128           1.935      2031616       253952
        7936          256           3.451      4063232       507904
        7936          512           6.852      8126464      1015808
        7936         1024          12.691     16252928      2031616
        7936         2048          24.830     32505856      4063232
        8704            1           0.357        17408         2176
        8704            2           0.972        34816         4352
        8704            4           0.628        69632         8704
        8704            8           0.817       139264        17408
        8704           16           1.021       278528        34816
        8704           32           1.203       557056        69632
        8704           64           1.688      1114112       139264
        8704          128           2.598      2228224       278528
        8704          256           4.534      4456448       557056
        8704          512           9.109      8912896      1114112
        8704         1024          16.703     17825792      2228224
        8704         2048          32.977     35651584      4456448
        9536            1           0.694        19072         2384
        9536            2           0.353        38144         4768
        9536            4           0.723        76288         9536
        9536            8           0.627       152576        19072
        9536           16           0.777       305152        38144
        9536           32           0.905       610304        76288
        9536           64           1.509      1220608       152576
        9536          128           2.404      2441216       305152
        9536          256           3.990      4882432       610304
        9536          512           7.667      9764864      1220608
        9536         1024          14.978     19529728      2441216
        9536         2048          29.690     39059456      4882432
       10432            1           1.629        20864         2608
       10432            2           0.614        41728         5216
       10432            4           0.786        83456        10432
       10432            8           0.857       166912        20864
       10432           16           0.871       333824        41728
       10432           32           1.257       667648        83456
       10432           64           1.755      1335296       166912
       10432          128           2.751      2670592       333824
       10432          256           5.115      5341184       667648
       10432          512           9.842     10682368      1335296
       10432         1024          19.114     21364736      2670592
       10432         2048          41.256     42729472      5341184
       11456            1           0.678        22912         2864
       11456            2           0.345        45824         5728
       11456            4           0.880        91648        11456
       11456            8           0.848       183296        22912
       11456           16           0.934       366592        45824
       11456           32           1.191       733184        91648
       11456           64           1.779      1466368       183296
       11456          128           3.023      2932736       366592
       11456          256           5.768      5865472       733184
       11456          512          10.364     11730944      1466368
       11456         1024          20.269     23461888      2932736
       11456         2048          39.997     46923776      5865472
       12544            1           0.396        25088         3136
       12544            2           0.612        50176         6272
       12544            4           0.690       100352        12544
       12544            8           0.686       200704        25088
       12544           16           0.777       401408        50176
       12544           32           1.139       802816       100352
       12544           64           1.596      1605632       200704
       12544          128           2.918      3211264       401408
       12544          256           4.952      6422528       802816
       12544          512           9.483     12845056      1605632
       12544         1024          18.836     25690112      3211264
       12544         2048          37.310     51380224      6422528
       13760            1           0.390        27520         3440
       13760            2           1.012        55040         6880
       13760            4           0.810       110080        13760
       13760            8           0.725       220160        27520
       13760           16           0.974       440320        55040
       13760           32           1.169       880640       110080
       13760           64           1.815      1761280       220160
       13760          128           2.971      3522560       440320
       13760          256           5.508      7045120       880640
       13760          512          10.671     14090240      1761280
       13760         1024          20.857     28180480      3522560
       13760         2048          41.365     56360960      7045120
       15104            1           0.329        30208         3776
       15104            2           0.792        60416         7552
       15104            4           0.839       120832        15104
       15104            8           0.860       241664        30208
       15104           16           1.038       483328        60416
       15104           32           1.100       966656       120832
       15104           64           1.559      1933312       241664
       15104          128           2.353      3866624       483328
       15104          256           4.776      7733248       966656
       15104          512           9.037     15466496      1933312
       15104         1024          17.776     30932992      3866624
       15104         2048          35.062     61865984      7733248
       16576            1           0.450        33152         4144
       16576            2           0.760        66304         8288
       16576            4           0.824       132608        16576
       16576            8           0.963       265216        33152
       16576           16           0.852       530432        66304
       16576           32           1.158      1060864       132608
       16576           64           1.694      2121728       265216
       16576          128           2.830      4243456       530432
       16576          256           5.235      8486912      1060864
       16576          512           9.832     16973824      2121728
       16576         1024          19.452     33947648      4243456
       18176            1           1.131        36352         4544
       18176            2           0.574        72704         9088
       18176            4           0.854       145408        18176
       18176            8           0.713       290816        36352
       18176           16           0.843       581632        72704
       18176           32           1.277      1163264       145408
       18176           64           1.599      2326528       290816
       18176          128           2.893      4653056       581632
       18176          256           5.636      9306112      1163264
       18176          512          10.443     18612224      2326528
       18176         1024          21.089     37224448      4653056
       19968            1           0.810        39936         4992
       19968            2           0.806        79872         9984
       19968            4           0.756       159744        19968
       19968            8           0.704       319488        39936
       19968           16           0.986       638976        79872
       19968           32           1.235      1277952       159744
       19968           64           2.014      2555904       319488
       19968          128           3.676      5111808       638976
       19968          256           6.466     10223616      1277952
       19968          512          12.297     20447232      2555904
       19968         1024          24.564     40894464      5111808
       21952            1           0.771        43904         5488
       21952            2           0.909        87808        10976
       21952            4           0.693       175616        21952
       21952            8           0.961       351232        43904
       21952           16           0.982       702464        87808
       21952           32           1.384      1404928       175616
       21952           64           2.209      2809856       351232
       21952          128           3.874      5619712       702464
       21952          256           8.494     11239424      1404928
       21952          512          16.096     22478848      2809856
       21952         1024          26.622     44957696      5619712
       24128            1           0.889        48256         6032
       24128            2           0.942        96512        12064
       24128            4           0.665       193024        24128
       24128            8           0.709       386048        48256
       24128           16           1.156       772096        96512
       24128           32           1.499      1544192       193024
       24128           64           2.205      3088384       386048
       24128          128           3.881      6176768       772096
       24128          256           7.193     12353536      1544192
       24128          512          13.629     24707072      3088384
       24128         1024          27.330     49414144      6176768
       26496            1           0.431        52992         6624
       26496            2           0.670       105984        13248
       26496            4           0.912       211968        26496
       26496            8           0.820       423936        52992
       26496           16           1.278       847872       105984
       26496           32           1.628      1695744       211968
       26496           64           2.552      3391488       423936
       26496          128           4.467      6782976       847872
       26496          256           8.358     13565952      1695744
       26496          512          16.064     27131904      3391488
       26496         1024          31.170     54263808      6782976
       29120            1           0.964        58240         7280
       29120            2           1.007       116480        14560
       29120            4           0.940       232960        29120
       29120            8           1.060       465920        58240
       29120           16           1.181       931840       116480
       29120           32           1.636      1863680       232960
       29120           64           2.686      3727360       465920
       29120          128           4.542      7454720       931840
       29120          256           8.899     14909440      1863680
       29120          512          17.218     29818880      3727360
       29120         1024          33.559     59637760      7454720
       32000            1           0.826        64000         8000
       32000            2           0.926       128000        16000
       32000            4           0.636       256000        32000
       32000            8           1.053       512000        64000
       32000           16           1.163      1024000       128000
       32000           32           1.638      2048000       256000
       32000           64           2.752      4096000       512000
       32000          128           5.054      8192000      1024000
       32000          256           9.603     16384000      2048000
       32000          512          18.568     32768000      4096000
       35200            1           1.186        70400         8800
       35200            2           0.663       140800        17600
       35200            4           0.910       281600        35200
       35200            8           0.892       563200        70400
       35200           16           1.314      1126400       140800
       35200           32           1.756      2252800       281600
       35200           64           2.904      4505600       563200
       35200          128           5.578      9011200      1126400
       35200          256          10.568     18022400      2252800
       35200          512          20.938     36044800      4505600
       38720            1           0.933        77440         9680
       38720            2           0.593       154880        19360
       38720            4           0.878       309760        38720
       38720            8           1.037       619520        77440
       38720           16           1.537      1239040       154880
       38720           32           2.037      2478080       309760
       38720           64           3.456      4956160       619520
       38720          128           5.903      9912320      1239040
       38720          256          12.516     19824640      2478080
       38720          512          22.544     39649280      4956160
       42560            1           0.953        85120        10640
       42560            2           0.771       170240        21280
       42560            4           0.819       340480        42560
       42560            8           1.021       680960        85120
       42560           16           1.501      1361920       170240
       42560           32           2.048      2723840       340480
       42560           64           3.824      5447680       680960
       42560          128           7.048     10895360      1361920
       42560          256          13.889     21790720      2723840
       42560          512          24.674     43581440      5447680
       46784            1           1.642        93568        11696
       46784            2           0.700       187136        23392
       46784            4           0.869       374272        46784
       46784            8           1.035       748544        93568
       46784           16           1.310      1497088       187136
       46784           32           2.250      2994176       374272
       46784           64           3.998      5988352       748544
       46784          128           7.765     11976704      1497088
       46784          256          15.120     23953408      2994176
       46784          512          30.135     47906816      5988352
       51456            1           1.407       102912        12864
       51456            2           0.792       205824        25728
       51456            4           1.020       411648        51456
       51456            8           1.024       823296       102912
       51456           16           1.483      1646592       205824
       51456           32           2.319      3293184       411648
       51456           64           4.348      6586368       823296
       51456          128           7.748     13172736      1646592
       51456          256          14.744     26345472      3293184
       51456          512          29.136     52690944      6586368
       56576            1           1.507       113152        14144
       56576            2           0.920       226304        28288
       56576            4           0.841       452608        56576
       56576            8           1.051       905216       113152
       56576           16           1.769      1810432       226304
       56576           32           2.603      3620864       452608
       56576           64           4.465      7241728       905216
       56576          128           8.314     14483456      1810432
       56576          256          16.386     28966912      3620864
       56576          512          31.978     57933824      7241728
       62208            1           0.648       124416        15552
       62208            2           0.734       248832        31104
       62208            4           0.979       497664        62208
       62208            8           1.234       995328       124416
       62208           16           1.689      1990656       248832
       62208           32           2.707      3981312       497664
       62208           64           5.059      7962624       995328
       62208          128           9.805     15925248      1990656
       62208          256          19.117     31850496      3981312
       68416            1           1.481       136832        17104
       68416            2           0.734       273664        34208
       68416            4           0.858       547328        68416
       68416            8           1.308      1094656       136832
       68416           16           1.896      2189312       273664
       68416           32           2.994      4378624       547328
       68416           64           5.407      8757248      1094656
       68416          128          10.609     17514496      2189312
       68416          256          20.935     35028992      4378624
       75200            1           1.908       150400        18800
       75200            2           0.789       300800        37600
       75200            4           1.112       601600        75200
       75200            8           1.262      1203200       150400
       75200           16           2.395      2406400       300800
       75200           32           5.012      4812800       601600
       75200           64           7.442      9625600      1203200
       75200          128          14.871     19251200      2406400
       75200          256          24.945     38502400      4812800
       82688            1           1.084       165376        20672
       82688            2           0.901       330752        41344
       82688            4           1.007       661504        82688
       82688            8           1.416      1323008       165376
       82688           16           1.951      2646016       330752
       82688           32           3.481      5292032       661504
       82688           64           6.447     10584064      1323008
       82688          128          12.283     21168128      2646016
       82688          256          24.069     42336256      5292032
       90944            1           1.585       181888        22736
       90944            2           0.989       363776        45472
       90944            4           1.184       727552        90944
       90944            8           1.348      1455104       181888
       90944           16           2.316      2910208       363776
       90944           32           3.845      5820416       727552
       90944           64           7.111     11640832      1455104
       90944          128          13.692     23281664      2910208
       90944          256          26.842     46563328      5820416
      100032            1           1.175       200064        25008
      100032            2           0.973       400128        50016
      100032            4           1.183       800256       100032
      100032            8           1.547      1600512       200064
      100032           16           2.574      3201024       400128
      100032           32           4.373      6402048       800256
      100032           64           7.800     12804096      1600512
      100032          128          15.089     25608192      3201024
      100032          256          29.841     51216384      6402048
      110016            1           1.808       220032        27504
      110016            2           1.091       440064        55008
      110016            4           1.191       880128       110016
      110016            8           1.701      1760256       220032
      110016           16           2.525      3520512       440064
      110016           32           4.508      7041024       880128
      110016           64           8.281     14082048      1760256
      110016          128          16.211     28164096      3520512
      110016          256          32.035     56328192      7041024
      120960            1           2.446       241920        30240
      120960            2           0.950       483840        60480
      120960            4           1.367       967680       120960
      120960            8           1.762      1935360       241920
      120960           16           3.013      3870720       483840
      120960           32           4.969      7741440       967680
      120960           64           9.072     15482880      1935360
      120960          128          17.681     30965760      3870720
      120960          256          35.028     61931520      7741440
      133056            1           2.500       266112        33264
      133056            2           1.138       532224        66528
      133056            4           1.534      1064448       133056
      133056            8           1.901      2128896       266112
      133056           16           3.061      4257792       532224
      133056           32           5.210      8515584      1064448
      133056           64          10.005     17031168      2128896
      133056          128          19.556     34062336      4257792
      146304            1           2.072       292608        36576
      146304            2           0.866       585216        73152
      146304            4           1.509      1170432       146304
      146304            8           2.009      2340864       292608
      146304           16           3.409      4681728       585216
      146304           32           5.822      9363456      1170432
      146304           64          10.818     18726912      2340864
      146304          128          20.681     37453824      4681728
      160896            1           2.745       321792        40224
      160896            2           1.196       643584        80448
      160896            4           1.726      1287168       160896
      160896            8           2.146      2574336       321792
      160896           16           3.569      5148672       643584
      160896           32           6.263     10297344      1287168
      160896           64          11.773     20594688      2574336
      160896          128          23.072     41189376      5148672
      176960            1           2.889       353920        44240
      176960            2           1.243       707840        88480
      176960            4           1.677      1415680       176960
      176960            8           2.307      2831360       353920
      176960           16           3.872      5662720       707840
      176960           32           6.766     11325440      1415680
      176960           64          13.050     22650880      2831360
      176960          128          25.610     45301760      5662720
      194624            1           2.983       389248        48656
      194624            2           1.059       778496        97312
      194624            4           1.737      1556992       194624
      194624            8           2.759      3113984       389248
      194624           16           4.201      6227968       778496
      194624           32           7.412     12455936      1556992
      194624           64          14.177     24911872      3113984
      194624          128          27.942     49823744      6227968
      214080            1           2.998       428160        53520
      214080            2           1.142       856320       107040
      214080            4           1.959      1712640       214080
      214080            8           2.654      3425280       428160
      214080           16           4.703      6850560       856320
      214080           32           8.355     13701120      1712640
      214080           64          15.596     27402240      3425280
      214080          128          30.709     54804480      6850560
      235456            1           2.326       470912        58864
      235456            2           1.624       941824       117728
      235456            4           1.814      1883648       235456
      235456            8           2.983      3767296       470912
      235456           16           4.967      7534592       941824
      235456           32           9.012     15069184      1883648
      235456           64          17.453     30138368      3767296
      235456          128          36.386     60276736      7534592
      258944            1           3.587       517888        64736
      258944            2           1.803      1035776       129472
      258944            4           2.030      2071552       258944
      258944            8           3.208      4143104       517888
      258944           16           5.709      8286208      1035776
      258944           32           9.917     16572416      2071552
      258944           64          19.217     33144832      4143104
      284800            1           3.923       569600        71200
      284800            2           1.568      1139200       142400
      284800            4           2.626      2278400       284800
      284800            8           4.407      4556800       569600
      284800           16           7.811      9113600      1139200
      284800           32          14.990     18227200      2278400
      284800           64          29.220     36454400      4556800
      313280            1           4.373       626560        78320
      313280            2           2.101      1253120       156640
      313280            4           3.291      2506240       313280
      313280            8           5.644      5012480       626560
      313280           16           9.519     10024960      1253120
      313280           32          17.608     20049920      2506240
      313280           64          34.609     40099840      5012480
      344576            1          13.587       689152        86144
      344576            2           2.555      1378304       172288
      344576            4           3.828      2756608       344576
      344576            8           5.650      5513216       689152
      344576           16          10.178     11026432      1378304
      344576           32          19.730     22052864      2756608
      344576           64          38.426     44105728      5513216
      379008            1           4.684       758016        94752
      379008            2           2.191      1516032       189504
      379008            4           3.823      3032064       379008
      379008            8           6.292      6064128       758016
      379008           16          11.333     12128256      1516032
      379008           32          21.716     24256512      3032064
      379008           64          42.620     48513024      6064128
      416896            1           4.635       833792       104224
      416896            2           2.495      1667584       208448
      416896            4           3.984      3335168       416896
      416896            8           6.908      6670336       833792
      416896           16          12.340     13340672      1667584
      416896           32          24.071     26681344      3335168
      416896           64          46.893     53362688      6670336
      458560            1           6.018       917120       114640
      458560            2           2.999      1834240       229280
      458560            4           4.242      3668480       458560
      458560            8           7.343      7336960       917120
      458560           16          13.458     14673920      1834240
      458560           32          26.067     29347840      3668480
      458560           64          51.429     58695680      7336960
      504384            1           4.820      1008768       126096
      504384            2           3.040      2017536       252192
      504384            4           4.506      4035072       504384
      504384            8           8.135      8070144      1008768
      504384           16          15.034     16140288      2017536
      504384           32          58.543     32280576      4035072
      554816            1           8.934      1109632       138704
      554816            2           3.069      2219264       277408
      554816            4           5.090      4438528       554816
      554816            8           8.905      8877056      1109632
      554816           16          16.464     17754112      2219264
      554816           32          31.591     35508224      4438528
      610240            1           6.274      1220480       152560
      610240            2           3.550      2440960       305120
      610240            4           5.573      4881920       610240
      610240            8           9.625      9763840      1220480
      610240           16          18.098     19527680      2440960
      610240           32          34.846     39055360      4881920
      671232            1           8.007      1342464       167808
      671232            2           3.842      2684928       335616
      671232            4           6.049      5369856       671232
      671232            8          10.776     10739712      1342464
      671232           16          19.664     21479424      2684928
      671232           32          38.022     42958848      5369856
      738304            1           8.889      1476608       184576
      738304            2           4.073      2953216       369152
      738304            4           6.361      5906432       738304
      738304            8          11.524     11812864      1476608
      738304           16          21.562     23625728      2953216
      738304           32          41.861     47251456      5906432
      812096            1           7.816      1624192       203024
      812096            2           4.453      3248384       406048
      812096            4           7.207      6496768       812096
      812096            8          12.628     12993536      1624192
      812096           16          23.883     25987072      3248384
      812096           32          46.035     51974144      6496768
      893248            1          12.128      1786496       223312
      893248            2           5.108      3572992       446624
      893248            4           9.136      7145984       893248
      893248            8          16.532     14291968      1786496
      893248           16          29.910     28583936      3572992
      893248           32          50.838     57167872      7145984
      982528            1          11.446      1965056       245632
      982528            2           5.305      3930112       491264
      982528            4           8.370      7860224       982528
      982528            8          15.291     15720448      1965056
      982528           16          28.782     31440896      3930112
     1080768            1          11.031      2161536       270192
     1080768            2           6.592      4323072       540384
     1080768            4          10.999      8646144      1080768
     1080768            8          17.921     17292288      2161536
     1080768           16          31.283     34584576      4323072
     1188800            1          12.849      2377600       297200
     1188800            2           6.013      4755200       594400
     1188800            4          10.132      9510400      1188800
     1188800            8          18.113     19020800      2377600
     1188800           16          34.764     38041600      4755200
     1307648            1          14.662      2615296       326912
     1307648            2           6.789      5230592       653824
     1307648            4          10.977     10461184      1307648
     1307648            8          20.057     20922368      2615296
     1307648           16          37.838     41844736      5230592
     1438400            1          15.507      2876800       359600
     1438400            2           7.275      5753600       719200
     1438400            4          12.026     11507200      1438400
     1438400            8          22.200     23014400      2876800
     1438400           16          41.397     46028800      5753600
     1582208            1          20.733      3164416       395552
     1582208            2           7.760      6328832       791104
     1582208            4          13.056     12657664      1582208
     1582208            8          24.097     25315328      3164416
     1582208           16          45.415     50630656      6328832
     1740416            1          18.749      3480832       435104
     1740416            2           8.711      6961664       870208
     1740416            4          14.576     13923328      1740416
     1740416            8          26.301     27846656      3480832
     1740416           16          53.092     55693312      6961664
     1914432            1          19.729      3828864       478608
     1914432            2           9.367      7657728       957216
     1914432            4          15.720     15315456      1914432
     1914432            8          28.922     30630912      3828864
     1914432           16          54.912     61261824      7657728
     2105856            1          21.709      4211712       526464
     2105856            2          10.148      8423424      1052928
     2105856            4          17.530     16846848      2105856
     2105856            8          45.611     33693696      4211712
     2316416            1          24.095      4632832       579104
     2316416            2          11.359      9265664      1158208
     2316416            4          19.081     18531328      2316416
     2316416            8          34.967     37062656      4632832
     2548032            1          26.455      5096064       637008
     2548032            2          12.523     10192128      1274016
     2548032            4          21.061     20384256      2548032
     2548032            8          38.282     40768512      5096064
     2802816            1          28.291      5605632       700704
     2802816            2          13.779     11211264      1401408
     2802816            4          23.114     22422528      2802816
     2802816            8          41.903     44845056      5605632
     3083072            1          30.475      6166144       770768
     3083072            2          14.905     12332288      1541536
     3083072            4          25.256     24664576      3083072
     3083072            8          46.131     49329152      6166144
     3391360            1          32.840      6782720       847840
     3391360            2          17.506     13565440      1695680
     3391360            4          28.088     27130880      3391360
     3391360            8          51.450     54261760      6782720
     3730496            1          36.065      7460992       932624
     3730496            2          19.536     14921984      1865248
     3730496            4          31.010     29843968      3730496
     3730496            8          57.011     59687936      7460992
     4103488            1          41.147      8206976      1025872
     4103488            2          20.663     16413952      2051744
     4103488            4          34.131     32827904      4103488
     4513792            1          45.074      9027584      1128448
     4513792            2          23.247     18055168      2256896
     4513792            4          38.563     36110336      4513792
     4965120            1          48.148      9930240      1241280
     4965120            2          27.014     19860480      2482560
     4965120            4          50.820     39720960      4965120
     5461632            1          55.559     10923264      1365408
     5461632            2          30.390     21846528      2730816
     5461632            4          49.251     43693056      5461632
     6007744            1          62.201     12015488      1501936
     6007744            2          34.119     24030976      3003872
     6007744            4          54.396     48061952      6007744
     6608512            1          64.953     13217024      1652128
     6608512            2          42.982     26434048      3304256
     6608512            4          64.250     52868096      6608512
     7269312            1          66.289     14538624      1817328
     7269312            2          47.337     29077248      3634656
     7269312            4          72.410     58154496      7269312
     7996224            1          71.323     15992448      1999056
     7996224            2          56.074     31984896      3998112
     8795840            1          75.455     17591680      2198960
     8795840            2          70.120     35183360      4397920
     9675392            1          77.268     19350784      2418848
     9675392            2          87.864     38701568      4837696
    10642880            1          82.054     21285760      2660720
    10642880            2         106.342     42571520      5321440
    11707136            1          89.337     23414272      2926784
    11707136            2         124.076     46828544      5853568
    12877824            1          99.652     25755648      3219456
    12877824            2         145.796     51511296      6438912
    14165568            1         117.482     28331136      3541392
    14165568            2         167.969     56662272      7082784
    15582080            1         119.325     31164160      3895520
    17140288            1         140.060     34280576      4285072
    18854272            1         157.303     37708544      4713568
    20739648            1         180.444     41479296      5184912
    22813568            1         208.127     45627136      5703392
    25094912            1         233.978     50189824      6273728
    27604352            1         287.216     55208704      6901088
    30364736            1         389.003     60729472      7591184

META_DATA
FLOPS          2
OPENMP_THREADS 8
ERT_VERSION  1.1.0
HOSTNAME  ('cirrus4.computing.clemson.edu', ['cirrus4'], ['127.0.1.1'])
UNAME  uname_result(system='Linux', node='cirrus4.computing.clemson.edu', release='5.4.0-81-generic', version='#91-Ubuntu SMP Thu Jul 15 19:09:17 UTC 2021', machine='x86_64', processor='x86_64')
TIMESTAMP_DATA  1632245406.2385538
CONFIG  {'ERT_RESULTS': ['Results.cs.clemson.edu'], 'ERT_DRIVER': ['driver1'], 'ERT_KERNEL': ['kernel1'], 'ERT_MPI': ['False'], 'ERT_MPI_CFLAGS': [], 'ERT_MPI_LDFLAGS': [], 'ERT_OPENMP': ['True'], 'ERT_OPENMP_CFLAGS': ['-fopenmp'], 'ERT_OPENMP_LDFLAGS': ['-fopenmp'], 'ERT_FLOPS': ['1,2,4'], 'ERT_ALIGN': ['32'], 'ERT_CC': ['g++'], 'ERT_CFLAGS': ['-O3', '-std=c++11', '-fstrict-aliasing', '-march=native'], 'ERT_LD': ['g++'], 'ERT_LDFLAGS': [], 'ERT_LDLIBS': [], 'ERT_PRECISION': ['FP64'], 'ERT_RUN': ['export', 'OMP_NUM_THREADS=ERT_OPENMP_THREADS;', 'export', 'OMP_PLACES=threads;', 'export', 'OMP_PROC_BIND=spread;', './ERT_CODE'], 'ERT_PROCS_THREADS': ['8'], 'ERT_MPI_PROCS': ['2,4,8'], 'ERT_OPENMP_THREADS': ['1-8'], 'ERT_NUM_EXPERIMENTS': ['5'], 'ERT_MEMORY_MAX': ['31000000'], 'ERT_WORKING_SET_MIN': ['1'], 'ERT_TRIALS_MIN': ['1'], 'ERT_GNUPLOT': ['gnuplot'], 'ERT_GPU': [False], 'ERT_HIP': [False], 'ERT_OCL': [False], 'ERT_SYCL': [False], 'ERT_WSS_MULT': [1.1]}
