fp64
 8 2097152 3930.717 5126.237 5515.311 6.08386943184165 6.5456263532099666 8.536465993354392 0.7604836789802063 0.8182032941512458 1.067058249169299
 16 1048576 1786.302 1867.571 2021.719 16.596981083919182 17.966884257680164 18.78429963130535 2.074622635489898 2.2458605322100205 2.3480374539131685
 24 1048576 1767.501 1767.542 1865.839 26.975343531783825 28.475503269512124 28.47616380415061 3.371917941472978 3.5594379086890156 3.559520475518826
 32 524288 922.932 932.177 947.155 35.42654792510202 35.995773334892405 36.35634261245682 4.428318490637753 4.499471666861551 4.544542826557103
 40 524288 892.725 934.233 944.649 44.40066098624992 44.89569518524822 46.9831583074295 5.55008262328124 5.611961898156028 5.872894788428687
 48 524288 897.322 937.862 939.104 53.595393055508225 53.66636882611728 56.09095508635696 6.699424131938528 6.70829610326466 7.01136938579462
 56 524288 896.714 896.777 938.493 62.56866700124561 65.47921724129856 65.48381758286365 7.821083375155701 8.18490215516232 8.185477197857956
 64 262144 487.96 491.922 523.777 64.06243878597189 68.21087896048562 68.76471841954259 8.007804848246487 8.526359870060702 8.595589802442824
 72 262144 493.744 498.085 544.629 69.31091807450575 75.78773904052521 76.45406526459054 8.663864759313219 9.473467380065651 9.556758158073817
 80 262144 530.129 555.304 562.892 74.51347683036887 75.53167274141732 79.11855416323196 9.31418460379611 9.441459092677166 9.889819270403995
 88 262144 532.077 558.9 561.619 82.15061100140841 82.55026659509751 86.71178043779376 10.268826375176051 10.318783324387189 10.83897255472422
 96 262144 527.431 529.676 557.376 90.30106786083363 95.02346340026732 95.42792896132383 11.287633482604203 11.877932925033415 11.928491120165479
 104 262144 536.231 559.307 583.073 93.51479488846165 97.48841334007979 101.6836997488023 11.689349361057706 12.186051667509973 12.710462468600287
 112 262144 532.331 558.928 612.296 95.90174686752812 105.05871239229381 110.30778970227169 11.987718358441015 13.132339049036727 13.788473712783961
 120 131072 268.713 268.744 293.714 107.10173842581558 117.05295746137587 117.06646124303623 13.387717303226948 14.631619682671984 14.633307655379529
 128 131072 266.402 283.441 288.15 116.44779455144891 118.38242173856288 125.95412947350246 14.555974318931113 14.79780271732036 15.744266184187808
 136 131072 269.799 282.041 327.866 108.73827722301183 126.40567860701103 132.14127554216287 13.59228465287648 15.800709825876378 16.51765944277036
 144 131072 269.717 282.984 283.123 133.32981071830972 133.39530150114496 139.9568288242862 16.666226339788714 16.67441268764312 17.494603603035774
 152 131072 282.586 297.382 297.494 133.93845926304397 133.98890316159014 141.00446589710742 16.742307407880496 16.748612895198768 17.625558237138428
 160 131072 268.541 280.71 284.279 147.54181631425465 149.41769085533113 156.18858945189 18.44272703928183 18.67721135691639 19.52357368148625
 176 131072 284.058 296.964 299.343 154.12868849446951 155.3634245228378 162.42226587527898 19.26608606180869 19.420428065354724 20.302783234409873
 192 131072 344.48 362.623 383.587 131.21312244679825 138.79882963849508 146.1090571295866 16.40164030584978 17.349853704811885 18.263632141198325
 208 131072 425.606 448.095 451.735 120.70340354411324 121.68391077784844 128.11368260785798 15.087925443014155 15.210488847231055 16.014210325982248
 224 131072 414.329 435.904 442.824 132.6040503676404 134.70914696813978 141.72374127806646 16.57550629595505 16.838643371017472 17.715467659758307
 240 65536 204.212 214.912 220.802 142.46827474388817 146.37284097677187 154.04226979805298 17.80853434298602 18.296605122096484 19.255283724756623
 264 65536 227.898 228.07 241.343 143.3768868374057 151.72099793922916 151.83550535766 17.92211085467571 18.965124742403646 18.9794381697075
 288 65536 250.718 263.969 276.522 136.5125957428342 143.0044285503222 150.5625284183824 17.064074467854276 17.875553568790274 18.8203160522978
 312 65536 255.985 269.443 269.785 151.5816817095094 151.77408208786275 159.75336054846963 18.947710213688676 18.971760260982844 19.969170068558704
 336 65536 270.734 285.139 285.378 154.3223093581145 154.45166041825215 162.66960189706504 19.290288669764312 19.30645755228152 20.33370023713313
 368 65536 290.336 317.282 326.323 147.81212479659723 152.02405431130666 166.13336272456738 18.476515599574654 19.003006788913332 20.766670340570922
 400 65536 308.112 324.344 325.065 161.28712718994663 161.64566016328342 170.16149971438955 20.16089089874333 20.205707520410428 21.270187464298694
 440 65536 326.294 343.776 505.765 114.0286101252558 167.75947128362654 176.74759572655339 14.253576265656974 20.969933910453317 22.093449465819173
 480 32768 151.818 159.266 160.718 195.72966313667416 197.51409591501007 207.20388886693274 24.46620789208427 24.68926198937626 25.900486108366593
 528 32768 188.731 198.683 268.334 128.9549889317045 174.1618960857245 183.34565068801626 16.11937361646306 21.77023701071556 22.918206336002033
 576 32768 182.084 182.113 192.093 196.5128141056676 207.28194033374882 207.31495353792755 24.56410176320845 25.910242541718603 25.914369192240944
 632 32768 218.903 224.612 234.39 176.70869917658607 184.4013320748669 189.2105270370895 22.08858739707326 23.050166509358363 23.651315879636186
 688 32768 223.68 237.591 276.106 163.30238386706557 189.77473052430437 201.57711015736768 20.412797983383197 23.721841315538047 25.19713876967096
 752 32768 249.927 249.983 252.026 195.54757048875905 197.14569390718566 197.18986744129285 24.44344631109488 24.643211738398207 24.648733430161606
 824 32768 268.206 270.729 274.037 197.05975470465668 199.46760044177017 201.3439818646861 24.632469338082085 24.93345005522127 25.167997733085762
 904 32768 284.345 284.365 285.592 207.44469032746017 208.33978865190863 208.3544426664791 25.93058629093252 26.04247358148858 26.044305333309886
 992 16384 150.492 150.535 165.933 195.89747669239995 215.93553658617597 215.99723573346094 24.487184586549994 26.991942073271996 26.999654466682617
 1088 16384 186.708 195.734 199.43 178.76740711026426 182.14303084798757 190.9483471517021 22.345925888783032 22.767878855998447 23.868543393962764
 1192 16384 177.912 177.93 190.825 204.68731036289796 219.52147473725623 219.54368451818874 25.585913795362245 27.44018434215703 27.442960564773593
 1304 16384 222.298 227.426 230.08 185.71571627260082 187.88296852602605 192.21707797641002 23.214464534075102 23.485371065753256 24.027134747051253
 1432 16384 221.139 248.195 248.615 188.74072763107617 189.06011805233788 212.19131858243006 23.59259095388452 23.632514756542236 26.523914822803757
 1568 16384 213.174 224.45 268.516 191.3488358235636 228.91612385832036 241.02481540900862 23.91860447794545 28.614515482290045 30.128101926126078
 1720 16384 236.139 248.609 273.967 205.72171100899016 226.70522788796865 238.67705038134318 25.71521387612377 28.33815348599608 29.834631297667897
 1888 16384 252.788 266.06 407.952 151.65015492018668 232.52643764564385 244.73465512603445 18.956269365023335 29.06580470570548 30.591831890754307
 2072 8192 140.307 147.67 161.664 209.98891528107683 229.88858942236064 241.95263244171707 26.248614410134604 28.73607367779508 30.244079055214634
 2272 8192 150.072 150.112 158.036 235.54410387506647 247.97782988701772 248.04392558238712 29.44301298438331 30.997228735877215 31.00549069779839
 2496 8192 185.246 191.822 254.305 160.80872967499653 213.1896445663167 220.75760880126964 20.101091209374566 26.648705570789588 27.594701100158705
 2744 8192 193.697 217.62 328.456 136.87585551793845 206.58807094936128 232.10321274981027 17.109481939742306 25.82350886867016 29.012901593726284
 3016 8192 197.295 217.614 254.047 194.50788239971345 227.0724493828522 250.45816670468082 24.31348529996418 28.384056172856525 31.307270838085103
 3312 8192 226.072 241.604 361.516 150.10070923555247 224.59813579245372 240.02887575639616 18.76258865444406 28.074766974056715 30.00360946954952
 3640 8192 257.132 270.845 327.592 182.0488900827859 220.19147482877656 231.93441500863366 22.756111260348238 27.52393435359707 28.991801876079208
 4000 4096 133.655 155.326 236.706 138.43333079854335 210.96274931434533 245.16853091915755 17.30416634981792 26.370343664293166 30.646066364894693
 4400 4096 151.877 159.804 260.027 138.61945105700565 225.55630647543242 237.32889114217429 17.327431382125706 28.194538309429053 29.666111392771786
 4840 4096 164.412 174.785 175.013 226.55048482112755 226.8460108132849 241.1580663211931 28.318810602640944 28.35575135166061 30.144758290149138
 5320 4096 183.682 191.849 193.394 225.35052793778505 227.1653227277703 237.26570921483872 28.16881599222313 28.395665340971288 29.65821365185484
 5848 4096 200.979 207.823 211.276 226.7499195365304 230.51739220394273 238.36727220256842 28.3437399420663 28.81467402549284 29.795909025321052
 6432 4096 214.586 225.955 226.135 233.00658456231898 233.19220198712134 245.54697883366111 29.125823070289872 29.149025248390167 30.69337235420764
 7072 4096 238.976 252.162 255.252 226.96716969896414 229.74843156383596 242.42528119978576 28.370896212370518 28.718553945479496 30.30316014997322
 7776 2048 131.647 138.584 138.637 229.7402280776416 229.82808982277896 241.93863893594235 28.7175285097052 28.72851122784737 30.242329866992794
 8552 2048 143.933 152.117 152.692 229.40947790323003 230.2766423213711 243.37012359917463 28.676184737903753 28.784580290171387 30.42126544989683
 9400 2048 157.564 167.11 167.212 230.2609860536325 230.40153192507927 244.36038689040646 28.782623256704063 28.80019149063491 30.545048361300807
 10336 2048 171.4 180.038 182.515 231.96041969153225 235.15177906886325 247.00266044340722 28.99505246144153 29.393972383607906 30.875332555425903
 11368 2048 188.238 198.594 198.666 234.37995429514868 234.4649284469823 247.3641241407155 29.297494286893585 29.308116055872787 30.920515517589436
 12504 2048 211.44 222.617 235.342 217.62534524224318 230.06501749641762 242.22656072644722 27.203168155280398 28.758127187052203 30.278320090805902
 13752 2048 229.037 243.153 293.229 192.09625241705288 231.6574008957323 245.93490134781717 24.01203155213161 28.95717511196654 30.741862668477147
 15120 2048 263.191 264.555 384.765 160.95933881720012 234.09695526450074 235.31017398011332 20.119917352150015 29.262119408062592 29.413771747514165
 16632 1024 139.109 145.847 152.344 223.58830016278947 233.54841717690456 244.8607638614324 27.948537520348683 29.19355214711307 30.60759548267905
 18288 1024 159.575 160.751 168.583 222.1684511486923 232.99279009150797 234.70984803383988 27.771056393586537 29.124098761438496 29.338731004229984
 20112 1024 165.256 174.718 181.214 227.29687551734415 235.74775352281966 249.24587306966163 28.41210943966802 29.468469190352458 31.155734133707703
 22120 1024 192.402 198.503 215.314 210.39858067752215 228.21700427701347 235.45368551262465 26.29982258469027 28.527125534626684 29.43171068907808
 24328 1024 200.623 212.033 227.381 219.1200847916053 234.9810831332859 248.34512493582494 27.390010598950663 29.372635391660737 31.043140616978118
 26760 1024 233.803 234.962 241.64 226.80218506869724 233.24826993301048 234.404520044653 28.350273133587155 29.15603374162631 29.300565005581625
 29432 1024 247.176 259.957 268.384 224.59139143913194 231.8719480529472 243.86160468653915 28.073923929891492 28.9839935066184 30.482700585817394
 32368 512 142.017 143.01 144.969 228.6339286330181 231.76583455702396 233.38636923748564 28.57924107912726 28.970729319627996 29.173296154685705
 35600 512 184.466 198.27 221.085 164.8886175000565 183.8624098451606 197.62124185486752 20.611077187507064 22.982801230645077 24.70265523185844
 39160 512 253.549 275.276 372.51 107.64768731040778 145.67139888693526 158.15420293513284 13.455960913800972 18.208924860866908 19.769275366891605
 43072 512 285.057 286.753 308.991 142.74114132774093 153.81086858725104 154.7259951518468 17.842642665967617 19.22635857340638 19.34074939398085
 47376 512 329.626 331.173 333.49 145.4707007706378 146.48846373345654 147.1759630611663 18.183837596329724 18.311057966682068 18.396995382645787
 52112 512 346.483 347.428 362.721 147.11772409096798 153.59351577880884 154.0124277381574 18.389715511370998 19.199189472351105 19.251553467269677
 57320 512 379.733 379.954 401.345 146.24744297300327 154.48101612300437 154.57092220059886 18.28093037162541 19.310127015375546 19.321365275074857
 63048 256 219.593 220.572 221.251 145.90024903842243 146.34938251455304 147.00184432108492 18.237531129802804 18.29367281431913 18.375230540135615
 69352 256 229.878 230.618 243.819 145.63353963390875 153.96987225628527 154.46551649135628 18.204192454238594 19.24623403203566 19.308189561419535
 76280 256 266.745 267.843 268.01 145.72351777918732 145.81437633240367 146.41459071397776 18.215439722398415 18.22679704155046 18.30182383924722
 83904 256 277.959 288.835 293.01 146.6122248387427 148.73144875101704 154.55102371213022 18.326528104842836 18.59143109387713 19.318877964016277
 92288 256 322.215 322.77 323.069 146.2580934722923 146.39358056820646 146.64573654237077 18.282261684036538 18.299197571025807 18.330717067796346
 101512 256 351.877 351.984 352.376 147.49626535291847 147.66053002409203 147.70543115918346 18.43703316911481 18.457566253011503 18.463178894897933
 111656 256 368.91 389.271 396.366 144.2300096375572 146.85880016749257 154.9642785503239 18.02875120469465 18.357350020936572 19.37053481879049
 122816 128 214.204 215.08 278.025 113.08657854509488 146.18233215547704 146.7801534985341 14.13582231813686 18.27279151943463 18.347519187316763
 135096 128 224.366 232.079 243.373 142.10522942150527 149.0207041567742 154.1435689899539 17.76315367768816 18.627588019596775 19.267946123744238
 148600 128 258.484 259.813 269.571 141.1190372851679 146.41915531555387 147.17197195957974 17.63987966064599 18.302394414444233 18.396496494947467
 163456 128 269.646 284.236 301.927 138.5922292474671 147.21828339830282 155.18396712727056 17.324028655933386 18.402285424787852 19.39799589090882
 179800 128 297.995 312.797 314.519 146.34664360499684 147.15230644795187 154.46165204114163 18.293330450624605 18.394038305993984 19.307706505142704
 197776 128 326.857 340.462 355.056 142.59907169573253 148.71162126757173 154.901550219209 17.824883961966567 18.588952658446466 19.362693777401127
 217552 128 361.107 379.862 397.015 140.28012039847363 146.61459161484962 154.2293890730448 17.535015049809203 18.326823951856202 19.2786736341306
 239304 128 394.903 418.702 429.387 142.67274975721202 146.31366461110764 155.13132085600768 17.834093719651502 18.289208076388455 19.39141510700096
 263232 64 218.741 231.053 240.034 140.37051417715824 145.82669777064137 154.03466199752216 17.54631427214478 18.22833722133017 19.25433274969027
 289552 64 253.579 253.987 255.063 145.30784943327728 145.9234370263045 146.15822288123226 18.16348117915966 18.240429628288062 18.269777860154033
 318504 64 265.247 266.183 280.262 145.46571422454704 153.1597134302341 153.700181340411 18.18321427806838 19.14496417877926 19.212522667551376
 350352 64 307.84 308.081 310.19 144.5728617943841 145.56255010857532 145.6765072765073 18.071607724298012 18.195318763571915 18.209563409563412
 385384 64 322.494 338.146 339.649 145.2356756533951 145.88122290371615 152.96145664725543 18.154459456674388 18.23515286296452 19.12018208090693
 423920 64 352.995 369.793 380.188 142.7234946920997 146.73549796778198 153.71821130610914 17.840436836512463 18.341937245972748 19.214776413263642
 466312 64 394.644 411.261 509.723 117.09876933157813 145.13395629539392 151.2450106931817 14.637346166447266 18.14174453692424 18.905626336647714
 512936 32 216.39 228.483 229.182 143.2394516148738 143.6776652967617 151.70712140117382 17.904931451859223 17.95970816209521 18.963390175146728
 564224 32 251.208 251.706 260.508 138.61507516083958 143.4623568766736 143.74675965733576 17.326884395104948 17.9327946095842 17.96834495716697
 620640 32 276.1 276.187 302.296 131.39757059306112 143.8190791022025 143.86439695762402 16.42469632413264 17.97738488777531 17.983049619703003
 682704 32 289.298 303.984 320.255 136.4320806857036 143.7347228801516 151.03131027521795 17.05401008571295 17.96684036001895 18.878913784402243
 750968 32 319.302 335.052 352.209 136.4586140615373 143.44624714969615 150.52192595098055 17.057326757692163 17.93078089371202 18.815240743872568
 826064 32 356.775 372.208 433.161 122.05183753846723 142.03911791256502 148.18329759652443 15.256479692308403 17.754889739070627 18.522912199565553
 908664 32 415.791 435.251 529.28 109.87472793228538 133.6114012374469 139.8647301168135 13.734340991535673 16.701425154680862 17.483091264601686
 999528 16 238.941 243.515 269.737 118.57808161283026 131.34671786132273 133.86106193579167 14.822260201603783 16.41833973266534 16.73263274197396
 1099480 16 288.023 293.363 323.126 108.88433614131948 119.93114332754982 122.15468903525063 13.610542017664935 14.991392915943727 15.269336129406328
 1209424 16 344.341 351.492 372.464 103.90686885175481 110.10654012040102 112.39314516714535 12.988358606469351 13.763317515050128 14.049143145893169
 1330360 16 409.174 420.799 436.662 97.49307244504904 101.16830125546878 104.0425833508483 12.18663405563113 12.646037656933597 13.005322918856038
 1463392 16 481.846 496.871 567.044 82.58361608622965 94.24688500636987 97.18570663656023 10.322952010778707 11.780860625796233 12.148213329570028
 1609728 16 537.887 568.34 595.864 86.44807539975565 90.63464827392052 95.76601776953153 10.806009424969456 11.329331034240065 11.970752221191441
 1770696 16 624.493 650.69 660.554 85.77992412429568 87.08028707986905 90.73323800266776 10.72249051553696 10.885035884983632 11.34165475033347
 1947760 8 388.514 390.964 399.181 78.07024883448862 79.7110731422842 80.21373747149394 9.758781104311078 9.963884142785526 10.026717183936743
 2142536 8 425.051 435.372 447.608 76.58615574341835 78.73858677177219 80.6505007634378 9.573269467927293 9.842323346471524 10.081312595429726
 2356784 8 477.166 484.321 491.341 76.74617831607783 77.85857726590422 79.0260496347183 9.593272289509729 9.732322158238027 9.878256204339788
 2592456 8 524.169 533.873 551.35 75.23224086333545 77.69506230882625 79.13343978754943 9.404030107916931 9.711882788603281 9.89167997344368
 2851696 8 575.447 589.828 594.113 76.79875040606753 77.3566802525482 79.28990158954691 9.59984380075844 9.669585031568525 9.911237698693364
 3136864 8 627.627 634.138 654.156 76.72454888436398 79.1465327736234 79.96759858960817 9.590568610545498 9.893316596702926 9.995949823701022
 3450544 8 690.991 709.767 725.141 76.13512958169514 77.78426441353288 79.8978626349692 9.516891197711892 9.72303305169161 9.98723282937115
 3795592 8 774.654 780.959 798.918 76.01464981387326 77.76268920647564 78.39560887828631 9.501831226734158 9.720336150809455 9.799451109785789
 4175144 4 497.309 503.216 518.185 64.45796771423335 66.37537757146038 67.16377946105942 8.057245964279169 8.296922196432547 8.395472432632427
 4592656 4 546.938 547.548 570.41 64.41199838712505 67.10141941893679 67.17625763797724 8.051499798390632 8.387677427367098 8.397032204747156
 5051920 4 598.081 604.298 656.407 61.57058044780143 66.87985066970269 67.57506090312181 7.696322555975179 8.359981333712836 8.446882612890226
 5557112 4 664.243 673.036 675.126 65.84977618992603 66.05426158481866 66.92866315489964 8.231222023740754 8.256782698102333 8.366082894362455
 6112816 4 724.513 731.273 755.04 64.76812884085611 66.87314860524044 67.49710219140306 8.096016105107013 8.359143575655056 8.437137773925382
 6724096 4 793.254 813.89 822.296 65.41776683821884 66.09341311479439 67.81279136316992 8.177220854777355 8.261676639349298 8.47659892039624
 7396504 4 882.67 911.136 927.896 63.77011216774294 64.94313911424858 67.0375474412861 7.971264020967867 8.117892389281073 8.379693430160762
 8136152 2 663.675 679.637 692.906 46.968287184697495 47.88527993620124 49.03696538215242 5.871035898087187 5.985659992025155 6.129620672769052
 8949760 2 722.171 734.856 791.553 45.22633354936435 48.71572117530509 49.57141729590359 5.6532916936705435 6.0894651469131365 6.196427161987949
 9844736 2 811.867 824.947 889.575 44.26714329876626 47.73511995316063 48.50418110355514 5.533392912345782 5.966889994145078 6.063022637944393
 10829208 2 898.404 922.166 925.797 46.788693417671475 46.97292244563343 48.21531515888175 5.848586677208934 5.871615305704179 6.026914394860219
 11912128 2 978.42 1005.431 1046.172 45.54558141491074 47.391130768794675 48.699446045665454 5.693197676863843 5.923891346099334 6.087430755708182
 13103336 2 1099.504 1125.006 1167.805 44.88193148684926 46.58939063436106 47.669989377028195 5.610241435856158 5.823673829295132 5.958748672128524
 14413664 2 1242.598 1242.948 1333.146 43.24706821308394 46.38541274453959 46.39847802748757 5.405883526635493 5.798176593067449 5.799809753435946
 15855024 1 713.372 720.056 791.756 40.05027811598522 44.03830813158976 44.450928828156975 5.006284764498153 5.50478851644872 5.556366103519622
 17440520 1 806.018 831.578 938.101 37.182606137292254 41.94560221650885 43.275758109620384 4.647825767161532 5.243200277063607 5.409469763702548
 19184568 1 919.621 953.233 1045.248 36.70816495224099 40.25158172241204 41.72277057613952 4.588520619030124 5.031447715301505 5.21534632201744
 21103024 1 1043.964 1072.834 1092.156 38.64470643387941 39.340706950003444 40.428643133288126 4.830588304234927 4.9175883687504305 5.053580391661016
 23213320 1 1183.448 1200.814 1239.317 37.46147273054432 38.66264050885482 39.229978841486904 4.68268409131804 4.832830063606853 4.903747355185863
 25534648 1 1363.363 1377.392 1394.5 36.621940480458946 37.07680602181514 37.458326212461394 4.577742560057368 4.634600752726892 4.682290776557674
 28088112 1 1528.256 1541.375 1570.129 35.77809466610705 36.44552688346444 36.75838602956572 4.4722618332633814 4.555690860433055 4.594798253695715
 30896920 1 1710.193 1720.292 1772.493 34.86267082578041 35.920553022393875 36.13267040620562 4.357833853222552 4.490069127799234 4.516583800775702
 
META_DATA
 FLOPS          2
 OPENMP_THREADS 1
 ERT_VERSION  1.1.0
 HOSTNAME  ('cirrus4.computing.clemson.edu', ['cirrus4'], ['127.0.1.1'])
 UNAME  uname_result(system='Linux', node='cirrus4.computing.clemson.edu', release='5.4.0-81-generic', version='#91-Ubuntu SMP Thu Jul 15 19:09:17 UTC 2021', machine='x86_64', processor='x86_64')
 TIMESTAMP_DATA  1632245399.2946932
 CONFIG  {'ERT_RESULTS': ['Results.cs.clemson.edu'], 'ERT_DRIVER': ['driver1'], 'ERT_KERNEL': ['kernel1'], 'ERT_MPI': ['False'], 'ERT_MPI_CFLAGS': [], 'ERT_MPI_LDFLAGS': [], 'ERT_OPENMP': ['True'], 'ERT_OPENMP_CFLAGS': ['-fopenmp'], 'ERT_OPENMP_LDFLAGS': ['-fopenmp'], 'ERT_FLOPS': ['1,2,4'], 'ERT_ALIGN': ['32'], 'ERT_CC': ['g++'], 'ERT_CFLAGS': ['-O3', '-std=c++11', '-fstrict-aliasing', '-march=native'], 'ERT_LD': ['g++'], 'ERT_LDFLAGS': [], 'ERT_LDLIBS': [], 'ERT_PRECISION': ['FP64'], 'ERT_RUN': ['export', 'OMP_NUM_THREADS=ERT_OPENMP_THREADS;', 'export', 'OMP_PLACES=threads;', 'export', 'OMP_PROC_BIND=spread;', './ERT_CODE'], 'ERT_PROCS_THREADS': ['8'], 'ERT_MPI_PROCS': ['2,4,8'], 'ERT_OPENMP_THREADS': ['1-8'], 'ERT_NUM_EXPERIMENTS': ['5'], 'ERT_MEMORY_MAX': ['31000000'], 'ERT_WORKING_SET_MIN': ['1'], 'ERT_TRIALS_MIN': ['1'], 'ERT_GNUPLOT': ['gnuplot'], 'ERT_GPU': [False], 'ERT_HIP': [False], 'ERT_OCL': [False], 'ERT_SYCL': [False], 'ERT_WSS_MULT': [1.1]}
 TIMESTAMP_DATA  1632245399.7351172
 TIMESTAMP_DATA  1632245400.1493497
 TIMESTAMP_DATA  1632245400.5707364
 TIMESTAMP_DATA  1632245400.999514
 