fp64
 48 524288 1807.729 3993.995 4832.431 10.415388859147704 12.601830498035175 27.842474176162465 2.603847214786926 3.150457624508794 6.960618544040616
 96 262144 904.421 1612.669 1706.492 29.494218548929616 31.210154098578194 55.65068480276331 7.373554637232404 7.8025385246445484 13.912671200690827
 144 131072 461.3 818.71 828.786 45.54702420166364 46.10757899622576 81.83120745718621 11.38675605041591 11.52689474905644 20.457801864296552
 192 131072 485.37 562.252 855.068 58.862743080082524 89.51795280408074 103.6974843933494 14.715685770020631 22.379488201020184 25.92437109833735
 240 65536 236.781 303.728 420.268 74.85052395138341 103.57056313543696 132.85390297363384 18.712630987845852 25.89264078385924 33.21347574340846
 288 65536 176.102 280.368 338.144 111.63509037569791 134.63995891114536 214.3572247901784 27.90877259392448 33.65998972778634 53.5893061975446
 336 65536 176.257 280.179 297.266 148.15078751017606 157.18591329114602 249.86350613025297 37.037696877544015 39.296478322786506 62.46587653256324
 384 65536 183.88 292.154 304.008 165.5602747296124 172.2777986952087 273.72007831194253 41.3900686824031 43.069449673802175 68.43001957798563
 432 65536 192.905 292.283 310.97 182.08542303116053 193.72698377941927 293.5284414608227 45.52135575779013 48.43174594485482 73.38211036520568
 480 32768 104.208 146.56 164.24 191.53239162201652 214.6375545851528 301.8701059419622 47.88309790550413 53.6593886462882 75.46752648549055
 528 32768 104.121 146.377 197.604 175.1128924515698 236.3964830540317 332.33457227648597 43.77822311289245 59.099120763507926 83.08364306912149
 576 32768 104.234 146.233 154.375 244.52622510121458 258.14102152045024 362.1537694034576 61.131556275303645 64.53525538011256 90.5384423508644
 624 32768 104.205 112.189 146.383 279.3662105572368 364.5140254392142 392.4424355837052 69.8415526393092 91.12850635980355 98.1106088959263
 672 32768 104.105 104.248 146.552 300.50897974780287 422.4559895633489 423.0362806781614 75.12724493695072 105.61399739083723 105.75907016954035
 720 32768 104.871 115.854 158.611 297.49462521514903 407.2877932570304 449.9425007866808 74.37365630378726 101.8219483142576 112.4856251966702
 768 32768 104.227 106.771 146.574 343.3872856031765 471.3981137200176 482.90412273211354 85.84682140079413 117.8495284300044 120.72603068302838
 816 32768 104.214 106.876 147.581 362.3594907203502 500.36842696208686 513.1496344061259 90.58987268008755 125.09210674052171 128.28740860153147
 864 32768 105.889 105.905 148.781 380.5802084943642 534.6594022945093 534.7401901991708 95.14505212359104 133.66485057362732 133.6850475497927
 912 32768 109.156 109.285 109.399 546.3380104022889 546.9079196596057 547.5542526292645 136.58450260057222 136.72697991490142 136.88856315731613
 960 16384 52.243 52.44 63.286 497.0653857093195 599.8718535469108 602.1338743946557 124.26634642732988 149.9679633867277 150.53346859866392
 1056 16384 54.585 54.721 54.894 630.3604765548147 632.3533561155681 633.9288815608684 157.59011913870367 158.08833902889202 158.4822203902171
 1152 16384 127.794 127.86 127.898 295.1471954213514 295.2349131862975 295.38738907929945 73.78679885533785 73.80872829657437 73.84684726982486
 1248 16384 127.735 127.79 127.821 319.93540967446665 320.01302136317395 320.1508122284417 79.98385241861666 80.00325534079349 80.03770305711042
 1344 16384 127.974 128.121 134.913 326.43401303061967 343.73905917062774 344.1339021988842 81.60850325765492 85.93476479265694 86.03347554972105
 1440 16384 127.658 127.766 128.312 367.74362491427144 369.3151542663933 369.6275987403844 91.93590622856786 92.32878856659832 92.4068996850961
 1584 16384 127.774 127.904 127.936 405.7068534267133 405.8083562672004 406.2212343669291 101.42671335667832 101.4520890668001 101.55530859173227
 1728 16384 127.693 127.926 128.398 440.9967756507111 442.6238919375264 443.43154284103286 110.24919391267777 110.6559729843816 110.85788571025822
 1872 16384 128.899 129.333 144.515 424.4659447116217 474.2926863213565 475.88961900402643 106.11648617790543 118.57317158033912 118.97240475100661
 2016 8192 64.542 64.953 65.287 505.92222035014623 508.5237633365664 511.76201543181173 126.48055508753656 127.1309408341416 127.94050385795293
 2208 8192 63.942 64.087 64.371 561.9902129841078 564.4806591040305 565.7607206530918 140.49755324602694 141.1201647760076 141.44018016327294
 2400 8192 64.009 64.048 64.219 612.3047696164688 613.9395453409942 614.3136121482916 153.0761924041172 153.48488633524855 153.5784030370729
 2640 8192 65.093 65.223 65.361 661.7671088263644 663.1672876132653 664.4917272210529 165.4417772065911 165.79182190331633 166.12293180526322
 2880 8192 64.083 64.129 79.139 596.2410442386181 735.7969093545821 736.3250784139319 149.06026105965452 183.94922733864553 184.08126960348298
 3168 8192 69.447 69.483 69.726 744.4068496687032 747.0102327187946 747.3974685731565 186.1017124171758 186.75255817969864 186.84936714328913
 3456 8192 68.363 68.456 68.486 826.7836346114533 827.1459623699895 828.2711993329726 206.69590865286332 206.7864905924974 207.06779983324316
 3792 4096 39.727 39.814 47.179 658.4298946565208 780.2296679559953 781.9383290960808 164.6074736641302 195.05741698899882 195.4845822740202
 4128 4096 40.816 40.902 44.864 753.7574893009987 826.770720258178 828.5127401019207 188.43937232524968 206.6926800645445 207.12818502548018
 4512 4096 43.561 43.667 43.786 844.1580413830904 846.4585155838505 848.5182617478938 211.0395103457726 211.61462889596262 212.12956543697345
 4944 4096 47.275 47.384 47.51 852.4783834982109 854.7452304575384 856.7159809624537 213.11959587455272 213.6863076143846 214.17899524061343
 5424 4096 48.018 48.074 54.961 808.4534124197158 924.2710820817906 925.3489941272023 202.11335310492896 231.06777052044765 231.33724853180058
 5952 4096 50.071 50.358 56.504 862.9262353107745 968.243059692601 973.7928940903918 215.73155882769362 242.06076492315026 243.44822352259794
 6528 4096 64.609 64.824 74.079 721.8965698781032 824.9626064420585 827.707842560634 180.4741424695258 206.24065161051462 206.9269606401585
 7152 4096 59.995 60.195 60.425 969.6182705833679 973.323099925243 976.5677806483875 242.40456764584198 243.33077498131075 244.14194516209687
 7824 2048 38.39 38.473 66.907 478.979837685145 832.9764770098511 834.7773899452982 119.74495942128625 208.24411925246278 208.69434748632455
 8592 2048 41.405 41.634 46.617 754.9355814402471 845.2906758898977 849.9657529283903 188.73389536006178 211.32266897247442 212.49143823209758
 9408 2048 38.251 38.349 46.758 824.1406390350314 1004.8545724790739 1007.4290345350449 206.03515975875786 251.21364311976848 251.85725863376123
 10320 2048 43.889 44.038 44.151 957.4125161377997 959.8692038693856 963.1278908154661 239.35312903444992 239.9673009673464 240.78197270386653
 11328 2048 45.766 45.902 71.854 645.7467642719961 1010.8380462724936 1013.8418913603987 161.43669106799902 252.7095115681234 253.46047284009967
 12432 2048 52.297 52.364 52.467 970.5428555091773 972.4519135283784 973.6977646901353 242.63571387729434 243.1129783820946 243.42444117253382
 13632 2048 54.847 54.978 61.983 900.8384879725087 1015.6184655680453 1018.0442321366711 225.20962199312717 253.90461639201132 254.51105803416777
 14976 2048 65.837 66.459 95.954 639.2823227796653 923.0005868279691 931.7207041633125 159.82058069491632 230.75014670699227 232.93017604082812
 16464 1024 36.226 36.295 51.63 653.0751888436955 929.0059787849565 930.775465135538 163.26879721092388 232.25149469623912 232.6938662838845
 18096 1024 36.97 37.073 65.249 567.9873714539686 999.6657405659105 1002.4508520421964 141.99684286349216 249.91643514147762 250.6127130105491
 19872 1024 43.054 43.16 74.315 547.6398573639239 942.9531047265988 945.2746783109582 136.90996434098096 235.7382761816497 236.31866957773954
 21840 1024 46.801 47.161 97.516 458.6767299725173 948.4175483980407 955.7129121172625 114.66918249312933 237.10438709951018 238.92822802931562
 24000 1024 51.249 51.563 84.914 578.8444779423887 953.2416655353645 959.0821284317742 144.71111948559718 238.31041638384113 239.77053210794355
 26400 1024 56.728 57.199 72.367 747.1250708195724 945.2472945331212 953.0954731349598 186.7812677048931 236.3118236332803 238.27386828373994
 29040 1024 60.969 61.196 61.408 968.5044293903073 971.8595986665795 975.4780298184323 242.12610734757683 242.96489966664487 243.86950745460808
 31920 512 33.629 33.702 33.87 965.0451727192205 969.8557949083141 971.9611049986619 241.26129317980514 242.46394872707853 242.99027624966547
 35088 512 36.957 37.069 37.213 965.5258108725446 969.2765383474061 972.2139784073383 241.38145271813616 242.31913458685153 243.0534946018346
 38592 512 40.477 40.594 40.615 972.9953957897328 973.498743656698 976.3126713936309 243.2488489474332 243.3746859141745 244.07816784840773
 42432 512 44.156 44.356 44.397 978.6780187850533 979.5826494724503 984.0195669897636 244.66950469626332 244.89566236811257 246.0048917474409
 46656 512 48.336 48.59 85.47 558.9767637767638 983.2423132331755 988.4091360476664 139.74419094419096 245.81057830829388 247.1022840119166
 51312 512 53.002 53.397 84.823 619.4485929523833 984.0157312208552 991.3491566355985 154.8621482380958 246.0039328052138 247.83728915889964
 56400 512 58.241 58.356 82.372 701.1314524352936 989.6771540201522 991.6313250115898 175.2828631088234 247.41928850503805 247.90783125289744
 62016 256 31.957 32.216 49.521 641.1864057672502 985.6031785448224 993.5911380918109 160.29660144181256 246.4007946362056 248.39778452295272
 68208 256 34.974 35.25 52.391 666.574335286595 990.7091063829786 998.5273631840797 166.64358382164875 247.67727659574464 249.63184079601993
 75024 256 38.868 39.205 41.943 915.8211858951436 979.7803341410535 988.2753936400123 228.9552964737859 244.94508353526336 247.06884841000308
 82512 256 42.112 42.341 50.546 835.7959878130812 997.7597128079167 1003.1854103343466 208.9489969532703 249.43992820197917 250.79635258358664
 90720 256 46.17 46.501 54.796 847.6647930505876 998.8740027096192 1006.0350877192982 211.9161982626469 249.7185006774048 251.50877192982455
 99792 256 51.083 51.442 68.094 750.3378271213323 993.2254577971307 1000.2056261378541 187.58445678033308 248.30636444928268 250.05140653446352
 109728 256 55.948 56.132 68.646 818.4123765405121 1000.8682391505737 1004.1598627296776 204.60309413512803 250.21705978764342 251.0399656824194
 120672 256 61.348 61.431 76.667 805.8755918452528 1005.7473262684963 1007.108039381887 201.4688979613132 251.43683156712407 251.77700984547175
 132720 128 33.743 33.964 34.126 995.613901424134 1000.3627370156637 1006.9146193284531 248.9034753560335 250.09068425391592 251.72865483211328
 145968 128 37.073 37.275 37.356 1000.3160938001928 1002.489818913481 1007.9520945162247 250.0790234500482 250.62245472837026 251.9880236290562
 160560 128 40.635 41.012 41.379 993.3386500398753 1002.2276406905296 1011.5260243632337 248.33466250996884 250.5569101726324 252.88150609080841
 176592 128 45.466 45.654 45.95 983.842263329706 990.2210540149822 994.3155764747283 245.9605658324265 247.55526350374555 248.5788941186821
 194208 128 49.751 49.97 50.326 987.9038270476493 994.941925155093 999.3215814757492 246.97595676191233 248.73548128877326 249.8303953689373
 213600 128 70.481 71.016 97.074 563.2981024785215 769.9898614396756 775.8346220967353 140.82452561963038 192.4974653599189 193.95865552418383
 234960 128 83.886 84.791 108.746 553.1215860813271 709.3884964206106 717.0416994492526 138.28039652033178 177.34712410515266 179.26042486231316
 258432 64 46.984 47.078 47.251 700.0761042094348 702.64871065041 704.0544866337476 175.0190260523587 175.6621776626025 176.0136216584369
 284256 64 51.72 51.815 55.568 654.7791534696228 702.2053073434333 703.4951276102088 163.6947883674057 175.55132683585833 175.8737819025522
 312672 64 56.321 56.874 57.118 700.6900801848803 703.6961704821183 710.6055645318797 175.1725200462201 175.92404262052958 177.65139113296993
 343920 64 61.956 62.429 67.374 653.3938908184166 705.1492095019942 710.5326360643037 163.34847270460415 176.28730237549854 177.63315901607592
 378288 64 67.839 68.653 68.755 704.2522580175987 705.2985885540326 713.7614646442312 176.06306450439968 176.32464713850814 178.4403661610578
 416112 64 75.326 75.49 80.264 663.5893551280774 705.5548549476753 707.0909911584315 165.89733878201935 176.38871373691882 176.77274778960788
 457680 64 82.011 82.268 83.156 704.4956467362548 712.0999659648952 714.3314921169112 176.1239116840637 178.0249914912238 178.5828730292278
 503424 32 45.664 45.917 46.297 695.9227595740546 701.6820785330052 705.5697266993693 173.98068989351364 175.4205196332513 176.39243167484233
 553728 32 50.128 50.489 57.109 620.5430317463096 701.9071877042525 706.9620172358761 155.1357579365774 175.47679692606312 176.74050430896904
 609072 32 55.183 55.538 55.772 698.9279208204833 701.872735784508 706.387981805991 174.73198020512083 175.468183946127 176.59699545149775
 669936 32 61.038 61.229 65.223 657.3739938365301 700.2548465596368 702.4460827681118 164.34349845913252 175.0637116399092 175.61152069202794
 736896 32 66.765 67.268 72.508 650.4295250179291 701.0962716298983 706.3782520781847 162.60738125448228 175.27406790747457 176.59456301954617
 810576 32 73.282 73.603 93.436 555.2128087674986 704.8199665774493 707.9073169400399 138.80320219187465 176.20499164436234 176.97682923500997
 891600 32 80.837 81.031 87.443 652.5668149537413 704.204563685503 705.8945779779061 163.14170373843533 176.05114092137575 176.47364449447653
 980736 16 45.063 45.346 45.587 688.432052997565 692.0908569664359 696.4372545103521 172.10801324939126 173.02271424160898 174.10931362758802
 1078800 16 49.643 49.723 50.236 687.1884704196194 694.2783017919273 695.3971355478113 171.79711760490486 173.56957544798183 173.84928388695283
 1186656 16 54.446 55.113 65.635 578.5479088900738 689.0024495128191 697.4431914190206 144.63697722251845 172.25061237820478 174.36079785475516
 1305312 16 60.038 60.247 60.611 689.1485703915132 693.312264511096 695.7257736766716 172.2871425978783 173.328066127774 173.9314434191679
 1435824 16 66.022 66.225 69.606 660.0920610292217 693.7918912797282 695.9251158704675 165.02301525730542 173.44797281993206 173.98127896761687
 1579392 16 72.172 72.627 90.998 555.4028000615398 695.8919410136726 700.2791110125811 138.85070001538494 173.97298525341816 175.06977775314527
 1737312 16 79.459 80.143 85.166 652.7720451823499 693.6848383514468 699.656225223071 163.19301129558747 173.4212095878617 174.91405630576776
 1911024 16 87.165 87.935 110.57 553.0683548883061 695.4314891681356 701.574806401652 138.26708872207652 173.8578722920339 175.393701600413
 2102112 8 50.026 50.036 50.205 669.9291305646849 672.1918618594613 672.3262303602127 167.48228264117122 168.0479654648653 168.08155759005317
 2312304 8 54.709 54.972 55.149 670.852853179568 673.012879283999 676.2482224131312 167.713213294892 168.25321982099976 169.0620556032828
 2543520 8 60.192 60.258 60.658 670.9143064393814 675.3679179528029 676.1084529505582 167.72857660984536 168.84197948820074 169.02711323763955
 2797872 8 66.159 66.258 66.522 672.9495805898799 675.6308974010685 676.6419081304131 168.23739514746998 168.90772435026713 169.16047703260327
 3077616 8 72.921 73.0 76.232 645.9473187113024 674.5459726027398 675.2767515530505 161.4868296778256 168.63649315068494 168.81918788826263
 3385344 8 79.868 80.31 84.331 642.2964746060168 674.4552857676504 678.1878098863125 160.5741186515042 168.6138214419126 169.54695247157812
 3723840 8 90.527 96.135 96.835 615.2882738679198 619.7684506163208 658.1620952864891 153.82206846697994 154.9421126540802 164.5405238216223
 4096224 4 54.138 55.837 58.465 560.5027281279397 586.8831061840715 605.3011193616314 140.12568203198492 146.72077654601787 151.32527984040786
 4505808 4 60.347 65.653 66.849 539.222187317686 549.0451921465889 597.3198999121746 134.8055468294215 137.26129803664722 149.32997497804365
 4956384 4 68.198 70.304 80.108 494.97019024317177 563.9945380063724 581.4110677732485 123.74254756079294 140.9986345015931 145.35276694331213
 5451984 4 78.923 80.414 81.989 531.9722401785605 542.3915238640037 552.6382930197788 132.99306004464012 135.59788096600093 138.1595732549447
 5997168 4 92.713 93.076 96.093 499.2803221878805 515.4641798100478 517.4823811116025 124.82008054697012 128.86604495251194 129.37059527790063
 6596880 4 109.863 111.436 112.036 471.05430397372277 473.59058114074446 480.37137161737803 117.76357599343069 118.39764528518612 120.09284290434451
 7256544 4 128.806 131.461 134.03 433.12953816309783 441.5937198104381 450.6960234771672 108.28238454077446 110.39842995260952 112.6740058692918
 7982160 2 105.319 106.019 106.889 298.708379721019 301.15960346730304 303.16125295530725 74.67709493025475 75.28990086682576 75.79031323882681
 8780352 2 119.919 123.486 123.736 283.8414689338592 284.41611194791307 292.8760913616691 70.9603672334648 71.10402798697827 73.21902284041728
 9658368 2 139.189 140.765 157.486 245.31369137574134 274.453678116009 277.5612440638269 61.328422843935336 68.61341952900224 69.39031101595673
 10624176 2 158.856 159.746 165.301 257.08679318334435 266.0267174138946 267.51714760537845 64.27169829583609 66.50667935347364 66.87928690134461
 11686560 2 177.293 177.936 179.428 260.52923735425907 262.7137847315889 263.66658582121124 65.13230933856477 65.67844618289722 65.91664645530281
 12855216 2 197.983 199.79 221.143 232.52313661296083 257.374563291456 259.72363283716277 58.13078415324021 64.343640822864 64.93090820929069
 14140704 2 220.979 223.78 250.397 225.89254663594215 252.7608186611851 255.96466632575945 56.47313665898554 63.19020466529628 63.99116658143986
 15554736 1 149.921 153.48 182.614 170.35644583657333 202.69397967161845 207.50576637028837 42.58911145914333 50.67349491790461 51.87644159257209
 17110176 1 174.976 177.762 222.735 153.63706646912252 192.50656495764 195.57168983174836 38.40926661728063 48.12664123941 48.89292245793709
 18821184 1 196.482 202.621 204.241 184.30368045593195 185.7772294086003 191.581763214951 46.07592011398299 46.444307352150076 47.89544080373775
 20703264 1 223.099 229.303 238.983 173.26139516199896 180.57560520359522 185.59710263156717 43.31534879049974 45.143901300898804 46.39927565789179
 22773552 1 258.255 260.775 263.954 172.5569758366988 174.66054644808744 176.3648486960562 43.1392439591747 43.66513661202186 44.09121217401405
 25050864 1 300.04 301.421 304.697 164.43131373134622 166.21843866220334 166.9834955339288 41.107828432836556 41.554609665550835 41.7458738834822
 27555936 1 342.299 346.953 357.227 154.27689396378213 158.84535369343973 161.00506282519086 38.56922349094553 39.71133842335993 40.251265706297715
 30311520 1 399.544 404.766 417.224 145.30094146070218 149.77305406086478 151.73057285305248 36.325235365175544 37.443263515216195 37.93264321326312
 
META_DATA
 FLOPS          4
 OPENMP_THREADS 6
 ERT_VERSION  1.1.0
 HOSTNAME  ('cirrus4.computing.clemson.edu', ['cirrus4'], ['127.0.1.1'])
 UNAME  uname_result(system='Linux', node='cirrus4.computing.clemson.edu', release='5.4.0-81-generic', version='#91-Ubuntu SMP Thu Jul 15 19:09:17 UTC 2021', machine='x86_64', processor='x86_64')
 TIMESTAMP_DATA  1632245416.7058377
 CONFIG  {'ERT_RESULTS': ['Results.cs.clemson.edu'], 'ERT_DRIVER': ['driver1'], 'ERT_KERNEL': ['kernel1'], 'ERT_MPI': ['False'], 'ERT_MPI_CFLAGS': [], 'ERT_MPI_LDFLAGS': [], 'ERT_OPENMP': ['True'], 'ERT_OPENMP_CFLAGS': ['-fopenmp'], 'ERT_OPENMP_LDFLAGS': ['-fopenmp'], 'ERT_FLOPS': ['1,2,4'], 'ERT_ALIGN': ['32'], 'ERT_CC': ['g++'], 'ERT_CFLAGS': ['-O3', '-std=c++11', '-fstrict-aliasing', '-march=native'], 'ERT_LD': ['g++'], 'ERT_LDFLAGS': [], 'ERT_LDLIBS': [], 'ERT_PRECISION': ['FP64'], 'ERT_RUN': ['export', 'OMP_NUM_THREADS=ERT_OPENMP_THREADS;', 'export', 'OMP_PLACES=threads;', 'export', 'OMP_PROC_BIND=spread;', './ERT_CODE'], 'ERT_PROCS_THREADS': ['8'], 'ERT_MPI_PROCS': ['2,4,8'], 'ERT_OPENMP_THREADS': ['1-8'], 'ERT_NUM_EXPERIMENTS': ['5'], 'ERT_MEMORY_MAX': ['31000000'], 'ERT_WORKING_SET_MIN': ['1'], 'ERT_TRIALS_MIN': ['1'], 'ERT_GNUPLOT': ['gnuplot'], 'ERT_GPU': [False], 'ERT_HIP': [False], 'ERT_OCL': [False], 'ERT_SYCL': [False], 'ERT_WSS_MULT': [1.1]}
 TIMESTAMP_DATA  1632245416.8241508
 TIMESTAMP_DATA  1632245416.938454
 TIMESTAMP_DATA  1632245417.0475328
 TIMESTAMP_DATA  1632245417.1426644
 