fp64
          48            1           1.622           96           24
          48            2           0.659          192           48
          48            4           0.993          384           96
          48            8           0.718          768          192
          48           16           0.863         1536          384
          48           32           1.058         3072          768
          48           64           1.441         6144         1536
          48          128           2.007        12288         3072
          48          256           3.070        24576         6144
          48          512           5.530        49152        12288
          48         1024           9.855        98304        24576
          48         2048          19.662       196608        49152
          48         4096          39.612       393216        98304
          48         8192          77.072       786432       196608
          48        16384         151.189      1572864       393216
          48        32768         302.342      3145728       786432
          48        65536         604.476      6291456      1572864
          48       131072        1209.618     12582912      3145728
          48       262144        2416.823     25165824      6291456
          48       524288        3993.995     50331648     12582912
          96            1           0.490          192           48
          96            2           0.425          384           96
          96            4           0.598          768          192
          96            8           0.611         1536          384
          96           16           0.643         3072          768
          96           32           0.759         6144         1536
          96           64           1.044        12288         3072
          96          128           1.307        24576         6144
          96          256           2.208        49152        12288
          96          512           3.530        98304        24576
          96         1024           6.703       196608        49152
          96         2048          13.204       393216        98304
          96         4096          25.699       786432       196608
          96         8192          50.575      1572864       393216
          96        16384         100.958      3145728       786432
          96        32768         201.376      6291456      1572864
          96        65536         418.023     12582912      3145728
          96       131072         843.323     25165824      6291456
          96       262144        1706.492     50331648     12582912
         144            1           0.713          288           72
         144            2           0.696          576          144
         144            4           0.717         1152          288
         144            8           0.750         2304          576
         144           16           0.852         4608         1152
         144           32           0.889         9216         2304
         144           64           1.207        18432         4608
         144          128           1.299        36864         9216
         144          256           2.070        73728        18432
         144          512           4.039       147456        36864
         144         1024           7.369       294912        73728
         144         2048          14.480       589824       147456
         144         4096          28.556      1179648       294912
         144         8192          56.643      2359296       589824
         144        16384         112.502      4718592      1179648
         144        32768         224.170      9437184      2359296
         144        65536         463.786     18874368      4718592
         144       131072         828.786     37748736      9437184
         192            1           0.596          384           96
         192            2           0.596          768          192
         192            4           0.816         1536          384
         192            8           0.885         3072          768
         192           16           0.651         6144         1536
         192           32           0.788        12288         3072
         192           64           1.118        24576         6144
         192          128           1.328        49152        12288
         192          256           2.248        98304        24576
         192          512           3.952       196608        49152
         192         1024           7.272       393216        98304
         192         2048          13.833       786432       196608
         192         4096          26.839      1572864       393216
         192         8192          53.078      3145728       786432
         192        16384         105.468      6291456      1572864
         192        32768         210.322     12582912      3145728
         192        65536         306.621     25165824      6291456
         192       131072         562.252     50331648     12582912
         240            1           0.607          480          120
         240            2           0.519          960          240
         240            4           0.756         1920          480
         240            8           0.723         3840          960
         240           16           0.458         7680         1920
         240           32           0.740        15360         3840
         240           64           0.778        30720         7680
         240          128           1.137        61440        15360
         240          256           1.654       122880        30720
         240          512           3.035       245760        61440
         240         1024           5.320       491520       122880
         240         2048           9.782       983040       245760
         240         4096          19.519      1966080       491520
         240         8192          38.811      3932160       983040
         240        16384          76.839      7864320      1966080
         240        32768         151.232     15728640      3932160
         240        65536         303.728     31457280      7864320
         288            1           0.605          576          144
         288            2           0.707         1152          288
         288            4           0.684         2304          576
         288            8           0.600         4608         1152
         288           16           0.771         9216         2304
         288           32           0.875        18432         4608
         288           64           0.995        36864         9216
         288          128           1.296        73728        18432
         288          256           1.729       147456        36864
         288          512           3.262       294912        73728
         288         1024           5.219       589824       147456
         288         2048          10.526      1179648       294912
         288         4096          19.836      2359296       589824
         288         8192          38.704      4718592      1179648
         288        16384          76.198      9437184      2359296
         288        32768         153.282     18874368      4718592
         288        65536         338.144     37748736      9437184
         336            1           0.998          672          168
         336            2           0.608         1344          336
         336            4           0.785         2688          672
         336            8           0.754         5376         1344
         336           16           0.742        10752         2688
         336           32           0.758        21504         5376
         336           64           0.811        43008        10752
         336          128           1.139        86016        21504
         336          256           1.461       172032        43008
         336          512           2.501       344064        86016
         336         1024           4.733       688128       172032
         336         2048           9.257      1376256       344064
         336         4096          17.955      2752512       688128
         336         8192          35.523      5505024      1376256
         336        16384          70.535     11010048      2752512
         336        32768         140.462     22020096      5505024
         336        65536         280.344     44040192     11010048
         384            1           0.836          768          192
         384            2           0.503         1536          384
         384            4           0.789         3072          768
         384            8           0.691         6144         1536
         384           16           0.613        12288         3072
         384           32           0.709        24576         6144
         384           64           0.871        49152        12288
         384          128           1.192        98304        24576
         384          256           1.818       196608        49152
         384          512           2.760       393216        98304
         384         1024           5.033       786432       196608
         384         2048          18.139      1572864       393216
         384         4096          21.161      3145728       786432
         384         8192          42.600      6291456      1572864
         384        16384          75.852     12582912      3145728
         384        32768         146.774     25165824      6291456
         384        65536         304.008     50331648     12582912
         432            1           0.463          864          216
         432            2           0.375         1728          432
         432            4           0.661         3456          864
         432            8           0.840         6912         1728
         432           16           0.523        13824         3456
         432           32           0.779        27648         6912
         432           64           0.804        55296        13824
         432          128           1.170       110592        27648
         432          256           1.625       221184        55296
         432          512           2.834       442368       110592
         432         1024           5.292       884736       221184
         432         2048          10.234      1769472       442368
         432         4096          19.282      3538944       884736
         432         8192          37.731      7077888      1769472
         432        16384          88.028     14155776      3538944
         432        32768         154.324     28311552      7077888
         432        65536         310.970     56623104     14155776
         480            1           1.295          960          240
         480            2           0.696         1920          480
         480            4           0.714         3840          960
         480            8           0.586         7680         1920
         480           16           0.790        15360         3840
         480           32           0.798        30720         7680
         480           64           0.716        61440        15360
         480          128           1.106       122880        30720
         480          256           1.745       245760        61440
         480          512           2.916       491520       122880
         480         1024           5.453       983040       245760
         480         2048          10.710      1966080       491520
         480         4096          20.480      3932160       983040
         480         8192          39.391      7864320      1966080
         480        16384          78.074     15728640      3932160
         480        32768         164.240     31457280      7864320
         528            1           0.602         1056          264
         528            2           0.435         2112          528
         528            4           0.568         4224         1056
         528            8           0.905         8448         2112
         528           16           0.832        16896         4224
         528           32           0.883        33792         8448
         528           64           1.423        67584        16896
         528          128           1.582       135168        33792
         528          256           1.955       270336        67584
         528          512           3.377       540672       135168
         528         1024           6.202      1081344       270336
         528         2048          11.622      2162688       540672
         528         4096          22.141      4325376      1081344
         528         8192          42.467      8650752      2162688
         528        16384          84.320     17301504      4325376
         528        32768         197.604     34603008      8650752
         576            1           0.977         1152          288
         576            2           0.427         2304          576
         576            4           0.703         4608         1152
         576            8           0.873         9216         2304
         576           16           0.781        18432         4608
         576           32           0.787        36864         9216
         576           64           0.821        73728        18432
         576          128           1.249       147456        36864
         576          256           1.719       294912        73728
         576          512           3.107       589824       147456
         576         1024           5.330      1179648       294912
         576         2048          10.914      2359296       589824
         576         4096          22.286      4718592      1179648
         576         8192          39.765      9437184      2359296
         576        16384          78.997     18874368      4718592
         576        32768         154.375     37748736      9437184
         624            1           0.864         1248          312
         624            2           0.515         2496          624
         624            4           0.751         4992         1248
         624            8           0.522         9984         2496
         624           16           0.576        19968         4992
         624           32           0.619        39936         9984
         624           64           0.800        79872        19968
         624          128           1.012       159744        39936
         624          256           1.424       319488        79872
         624          512           2.128       638976       159744
         624         1024           3.846      1277952       319488
         624         2048           7.643      2555904       638976
         624         4096          13.790      5111808      1277952
         624         8192          30.832     10223616      2555904
         624        16384          53.502     20447232      5111808
         624        32768         112.189     40894464     10223616
         672            1           1.057         1344          336
         672            2           0.438         2688          672
         672            4           0.634         5376         1344
         672            8           0.535        10752         2688
         672           16           0.874        21504         5376
         672           32           0.701        43008        10752
         672           64           0.873        86016        21504
         672          128           0.953       172032        43008
         672          256           1.336       344064        86016
         672          512           2.093       688128       172032
         672         1024           3.788      1376256       344064
         672         2048           7.163      2752512       688128
         672         4096          13.366      5505024      1376256
         672         8192          26.477     11010048      2752512
         672        16384          52.447     22020096      5505024
         672        32768         104.176     44040192     11010048
         720            1           0.272         1440          360
         720            2           0.443         2880          720
         720            4           0.671         5760         1440
         720            8           0.760        11520         2880
         720           16           0.554        23040         5760
         720           32           0.584        46080        11520
         720           64           0.805        92160        23040
         720          128           0.942       184320        46080
         720          256           1.298       368640        92160
         720          512           2.036       737280       184320
         720         1024           3.675      1474560       368640
         720         2048           7.177      2949120       737280
         720         4096          13.590      5898240      1474560
         720         8192          26.619     11796480      2949120
         720        16384          64.678     23592960      5898240
         720        32768         115.854     47185920     11796480
         768            1           0.660         1536          384
         768            2           0.500         3072          768
         768            4           0.461         6144         1536
         768            8           0.782        12288         3072
         768           16           0.531        24576         6144
         768           32           0.751        49152        12288
         768           64           0.644        98304        24576
         768          128           0.935       196608        49152
         768          256           1.385       393216        98304
         768          512           2.096       786432       196608
         768         1024           3.832      1572864       393216
         768         2048           7.054      3145728       786432
         768         4096          13.666      6291456      1572864
         768         8192          26.437     12582912      3145728
         768        16384          55.905     25165824      6291456
         768        32768         106.771     50331648     12582912
         816            1           0.329         1632          408
         816            2           0.583         3264          816
         816            4           0.628         6528         1632
         816            8           0.493        13056         3264
         816           16           0.705        26112         6528
         816           32           0.576        52224        13056
         816           64           0.868       104448        26112
         816          128           1.090       208896        52224
         816          256           1.486       417792       104448
         816          512           2.240       835584       208896
         816         1024           3.797      1671168       417792
         816         2048           7.174      3342336       835584
         816         4096          13.575      6684672      1671168
         816         8192          26.433     13369344      3342336
         816        16384          52.627     26738688      6684672
         816        32768         104.304     53477376     13369344
         864            1           0.261         1728          432
         864            2           0.757         3456          864
         864            4           0.447         6912         1728
         864            8           0.670        13824         3456
         864           16           0.456        27648         6912
         864           32           0.683        55296        13824
         864           64           0.884       110592        27648
         864          128           1.218       221184        55296
         864          256           1.337       442368       110592
         864          512           2.111       884736       221184
         864         1024           3.731      1769472       442368
         864         2048           7.157      3538944       884736
         864         4096          13.844      7077888      1769472
         864         8192          27.072     14155776      3538944
         864        16384          53.262     28311552      7077888
         864        32768         105.905     56623104     14155776
         912            1           0.703         1824          456
         912            2           0.568         3648          912
         912            4           0.416         7296         1824
         912            8           0.749        14592         3648
         912           16           0.651        29184         7296
         912           32           0.770        58368        14592
         912           64           0.687       116736        29184
         912          128           0.838       233472        58368
         912          256           1.308       466944       116736
         912          512           2.297       933888       233472
         912         1024           3.947      1867776       466944
         912         2048           7.228      3735552       933888
         912         4096          14.141      7471104      1867776
         912         8192          27.720     14942208      3735552
         912        16384          55.038     29884416      7471104
         912        32768         109.285     59768832     14942208
         960            1           0.901         1920          480
         960            2           0.278         3840          960
         960            4           0.518         7680         1920
         960            8           0.489        15360         3840
         960           16           0.581        30720         7680
         960           32           0.559        61440        15360
         960           64           0.671       122880        30720
         960          128           0.848       245760        61440
         960          256           1.450       491520       122880
         960          512           2.107       983040       245760
         960         1024           3.738      1966080       491520
         960         2048           6.984      3932160       983040
         960         4096          13.524      7864320      1966080
         960         8192          26.545     15728640      3932160
         960        16384          63.286     31457280      7864320
        1056            1           0.996         2112          528
        1056            2           0.361         4224         1056
        1056            4           0.695         8448         2112
        1056            8           0.513        16896         4224
        1056           16           0.699        33792         8448
        1056           32           0.688        67584        16896
        1056           64           0.824       135168        33792
        1056          128           1.096       270336        67584
        1056          256           1.485       540672       135168
        1056          512           2.067      1081344       270336
        1056         1024           3.798      2162688       540672
        1056         2048           7.327      4325376      1081344
        1056         4096          14.119      8650752      2162688
        1056         8192          27.570     17301504      4325376
        1056        16384          54.680     34603008      8650752
        1152            1           1.685         2304          576
        1152            2           0.410         4608         1152
        1152            4           0.468         9216         2304
        1152            8           0.648        18432         4608
        1152           16           0.661        36864         9216
        1152           32           0.514        73728        18432
        1152           64           0.757       147456        36864
        1152          128           1.224       294912        73728
        1152          256           2.418       589824       147456
        1152          512           4.309      1179648       294912
        1152         1024           8.348      2359296       589824
        1152         2048          16.271      4718592      1179648
        1152         4096          32.249      9437184      2359296
        1152         8192          64.246     18874368      4718592
        1152        16384         127.898     37748736      9437184
        1248            1           0.264         2496          624
        1248            2           0.742         4992         1248
        1248            4           0.506         9984         2496
        1248            8           0.492        19968         4992
        1248           16           0.608        39936         9984
        1248           32           0.644        79872        19968
        1248           64           0.741       159744        39936
        1248          128           1.362       319488        79872
        1248          256           2.221       638976       159744
        1248          512           4.269      1277952       319488
        1248         1024           8.375      2555904       638976
        1248         2048          16.371      5111808      1277952
        1248         4096          32.271     10223616      2555904
        1248         8192          93.334     20447232      5111808
        1248        16384         127.742     40894464     10223616
        1344            1           0.867         2688          672
        1344            2           0.444         5376         1344
        1344            4           0.683        10752         2688
        1344            8           0.577        21504         5376
        1344           16           0.788        43008        10752
        1344           32           0.610        86016        21504
        1344           64           0.912       172032        43008
        1344          128           1.408       344064        86016
        1344          256           2.289       688128       172032
        1344          512           4.326      1376256       344064
        1344         1024           8.375      2752512       688128
        1344         2048          16.178      5505024      1376256
        1344         4096          32.360     11010048      2752512
        1344         8192          64.345     22020096      5505024
        1344        16384         128.667     44040192     11010048
        1440            1           2.535         2880          720
        1440            2           0.283         5760         1440
        1440            4           0.631        11520         2880
        1440            8           0.650        23040         5760
        1440           16           0.642        46080        11520
        1440           32           0.913        92160        23040
        1440           64           1.275       184320        46080
        1440          128           2.019       368640        92160
        1440          256           3.259       737280       184320
        1440          512           5.852      1474560       368640
        1440         1024          19.495      2949120       737280
        1440         2048          20.367      5898240      1474560
        1440         4096          41.099     11796480      2949120
        1440         8192          64.407     23592960      5898240
        1440        16384         128.312     47185920     11796480
        1584            1           2.279         3168          792
        1584            2           0.462         6336         1584
        1584            4           0.694        12672         3168
        1584            8           0.532        25344         6336
        1584           16           0.741        50688        12672
        1584           32           0.676       101376        25344
        1584           64           0.776       202752        50688
        1584          128           1.290       405504       101376
        1584          256           2.238       811008       202752
        1584          512           4.243      1622016       405504
        1584         1024           8.414      3244032       811008
        1584         2048          16.487      6488064      1622016
        1584         4096          32.249     12976128      3244032
        1584         8192          64.248     25952256      6488064
        1584        16384         127.922     51904512     12976128
        1728            1           0.280         3456          864
        1728            2           0.509         6912         1728
        1728            4           0.659        13824         3456
        1728            8           0.626        27648         6912
        1728           16           0.545        55296        13824
        1728           32           0.645       110592        27648
        1728           64           0.800       221184        55296
        1728          128           1.175       442368       110592
        1728          256           2.285       884736       221184
        1728          512           4.385      1769472       442368
        1728         1024           8.430      3538944       884736
        1728         2048          16.366      7077888      1769472
        1728         4096          32.106     14155776      3538944
        1728         8192          64.355     28311552      7077888
        1728        16384         127.953     56623104     14155776
        1872            1           0.257         3744          936
        1872            2           0.656         7488         1872
        1872            4           0.565        14976         3744
        1872            8           0.746        29952         7488
        1872           16           0.609        59904        14976
        1872           32           0.704       119808        29952
        1872           64           0.802       239616        59904
        1872          128           1.437       479232       119808
        1872          256           2.290       958464       239616
        1872          512           4.270      1916928       479232
        1872         1024           8.317      3833856       958464
        1872         2048          16.385      7667712      1916928
        1872         4096          32.699     15335424      3833856
        1872         8192          64.512     30670848      7667712
        1872        16384         144.515     61341696     15335424
        2016            1           0.274         4032         1008
        2016            2           0.475         8064         2016
        2016            4           0.408        16128         4032
        2016            8           0.644        32256         8064
        2016           16           0.542        64512        16128
        2016           32           0.586       129024        32256
        2016           64           0.816       258048        64512
        2016          128           1.383       516096       129024
        2016          256           2.432      1032192       258048
        2016          512           4.253      2064384       516096
        2016         1024           8.422      4128768      1032192
        2016         2048          16.689      8257536      2064384
        2016         4096          34.477     16515072      4128768
        2016         8192          65.287     33030144      8257536
        2208            1           0.258         4416         1104
        2208            2           0.706         8832         2208
        2208            4           0.610        17664         4416
        2208            8           0.609        35328         8832
        2208           16           0.578        70656        17664
        2208           32           0.631       141312        35328
        2208           64           0.737       282624        70656
        2208          128           1.323       565248       141312
        2208          256           2.274      1130496       282624
        2208          512           4.381      2260992       565248
        2208         1024           8.470      4521984      1130496
        2208         2048          16.340      9043968      2260992
        2208         4096          32.375     18087936      4521984
        2208         8192          64.135     36175872      9043968
        2400            1           0.336         4800         1200
        2400            2           0.567         9600         2400
        2400            4           0.527        19200         4800
        2400            8           0.536        38400         9600
        2400           16           0.610        76800        19200
        2400           32           0.663       153600        38400
        2400           64           0.788       307200        76800
        2400          128           1.474       614400       153600
        2400          256           2.250      1228800       307200
        2400          512           4.383      2457600       614400
        2400         1024           8.418      4915200      1228800
        2400         2048          16.375      9830400      2457600
        2400         4096          32.335     19660800      4915200
        2400         8192          64.088     39321600      9830400
        2640            1           0.278         5280         1320
        2640            2           0.576        10560         2640
        2640            4           0.502        21120         5280
        2640            8           0.563        42240        10560
        2640           16           0.714        84480        21120
        2640           32           0.661       168960        42240
        2640           64           0.866       337920        84480
        2640          128           1.305       675840       168960
        2640          256           2.185      1351680       337920
        2640          512           4.503      2703360       675840
        2640         1024           8.687      5406720      1351680
        2640         2048          16.652     10813440      2703360
        2640         4096          32.972     21626880      5406720
        2640         8192          65.271     43253760     10813440
        2880            1           0.265         5760         1440
        2880            2           0.631        11520         2880
        2880            4           0.594        23040         5760
        2880            8           0.612        46080        11520
        2880           16           0.541        92160        23040
        2880           32           0.763       184320        46080
        2880           64           0.785       368640        92160
        2880          128           1.329       737280       184320
        2880          256           2.402      1474560       368640
        2880          512           4.281      2949120       737280
        2880         1024           8.351      5898240      1474560
        2880         2048          16.309     11796480      2949120
        2880         4096          32.339     23592960      5898240
        2880         8192          64.129     47185920     11796480
        3168            1           0.517         6336         1584
        3168            2           0.485        12672         3168
        3168            4           0.588        25344         6336
        3168            8           0.550        50688        12672
        3168           16           0.624       101376        25344
        3168           32           0.717       202752        50688
        3168           64           0.887       405504       101376
        3168          128           1.382       811008       202752
        3168          256           2.507      1622016       405504
        3168          512           4.680      3244032       811008
        3168         1024           9.101      6488064      1622016
        3168         2048          17.591     12976128      3244032
        3168         4096          35.081     25952256      6488064
        3168         8192          69.726     51904512     12976128
        3456            1           0.293         6912         1728
        3456            2           0.735        13824         3456
        3456            4           0.691        27648         6912
        3456            8           0.650        55296        13824
        3456           16           0.604       110592        27648
        3456           32           0.645       221184        55296
        3456           64           0.946       442368       110592
        3456          128           1.449       884736       221184
        3456          256           2.508      1769472       442368
        3456          512           4.653      3538944       884736
        3456         1024           8.932      7077888      1769472
        3456         2048          17.412     14155776      3538944
        3456         4096          34.455     28311552      7077888
        3456         8192          68.483     56623104     14155776
        3792            1           0.263         7584         1896
        3792            2           0.548        15168         3792
        3792            4           0.676        30336         7584
        3792            8           0.656        60672        15168
        3792           16           0.545       121344        30336
        3792           32           0.690       242688        60672
        3792           64           1.131       485376       121344
        3792          128           1.655       970752       242688
        3792          256           2.815      1941504       485376
        3792          512           5.253      3883008       970752
        3792         1024          10.302      7766016      1941504
        3792         2048          20.117     15532032      3883008
        3792         4096          39.727     31064064      7766016
        4128            1           0.304         8256         2064
        4128            2           0.830        16512         4128
        4128            4           0.716        33024         8256
        4128            8           0.705        66048        16512
        4128           16           0.705       132096        33024
        4128           32           0.752       264192        66048
        4128           64           0.933       528384       132096
        4128          128           1.542      1056768       264192
        4128          256           2.952      2113536       528384
        4128          512           5.537      4227072      1056768
        4128         1024          10.633      8454144      2113536
        4128         2048          20.746     16908288      4227072
        4128         4096          40.917     33816576      8454144
        4512            1           0.339         9024         2256
        4512            2           0.673        18048         4512
        4512            4           0.698        36096         9024
        4512            8           0.622        72192        18048
        4512           16           0.749       144384        36096
        4512           32           0.823       288768        72192
        4512           64           1.224       577536       144384
        4512          128           1.781      1155072       288768
        4512          256           3.228      2310144       577536
        4512          512           5.895      4620288      1155072
        4512         1024          11.244      9240576      2310144
        4512         2048          22.083     18481152      4620288
        4512         4096          43.786     36962304      9240576
        4944            1           0.327         9888         2472
        4944            2           0.736        19776         4944
        4944            4           0.582        39552         9888
        4944            8           0.540        79104        19776
        4944           16           0.727       158208        39552
        4944           32           0.820       316416        79104
        4944           64           1.228       632832       158208
        4944          128           2.383      1265664       316416
        4944          256           4.420      2531328       632832
        4944          512           8.211      5062656      1265664
        4944         1024          15.497     10125312      2531328
        4944         2048          23.788     20250624      5062656
        4944         4096          47.446     40501248     10125312
        5424            1           0.455        10848         2712
        5424            2           0.500        21696         5424
        5424            4           0.602        43392        10848
        5424            8           0.727        86784        21696
        5424           16           0.792       173568        43392
        5424           32           0.880       347136        86784
        5424           64           1.271       694272       173568
        5424          128           1.873      1388544       347136
        5424          256           3.376      2777088       694272
        5424          512           6.243      5554176      1388544
        5424         1024          12.245     11108352      2777088
        5424         2048          24.300     22216704      5554176
        5424         4096          48.173     44433408     11108352
        5952            1           0.480        11904         2976
        5952            2           0.631        23808         5952
        5952            4           0.759        47616        11904
        5952            8           0.674        95232        23808
        5952           16           0.825       190464        47616
        5952           32           0.856       380928        95232
        5952           64           1.221       761856       190464
        5952          128           1.962      1523712       380928
        5952          256           3.612      3047424       761856
        5952          512           6.714      6094848      1523712
        5952         1024          12.886     12189696      3047424
        5952         2048          25.294     24379392      6094848
        5952         4096          56.504     48758784     12189696
        6528            1           0.323        13056         3264
        6528            2           0.643        26112         6528
        6528            4           0.684        52224        13056
        6528            8           0.592       104448        26112
        6528           16           0.819       208896        52224
        6528           32           1.126       417792       104448
        6528           64           1.427       835584       208896
        6528          128           2.479      1671168       417792
        6528          256           4.470      3342336       835584
        6528          512           8.659      6684672      1671168
        6528         1024          16.761     13369344      3342336
        6528         2048          33.150     26738688      6684672
        6528         4096          64.824     53477376     13369344
        7152            1           0.651        14304         3576
        7152            2           0.590        28608         7152
        7152            4           0.515        57216        14304
        7152            8           0.741       114432        28608
        7152           16           0.858       228864        57216
        7152           32           0.924       457728       114432
        7152           64           1.417       915456       228864
        7152          128           2.309      1830912       457728
        7152          256           4.235      3661824       915456
        7152          512           7.912      7323648      1830912
        7152         1024          15.367     14647296      3661824
        7152         2048          30.254     29294592      7323648
        7152         4096          60.425     58589184     14647296
        7824            1           0.706        15648         3912
        7824            2           0.616        31296         7824
        7824            4           0.783        62592        15648
        7824            8           0.764       125184        31296
        7824           16           0.899       250368        62592
        7824           32           1.029       500736       125184
        7824           64           1.653      1001472       250368
        7824          128           2.831      2002944       500736
        7824          256           5.270      4005888      1001472
        7824          512           9.967      8011776      2002944
        7824         1024          19.465     16023552      4005888
        7824         2048          38.390     32047104      8011776
        8592            1           0.897        17184         4296
        8592            2           0.622        34368         8592
        8592            4           0.695        68736        17184
        8592            8           0.661       137472        34368
        8592           16           0.850       274944        68736
        8592           32           1.180       549888       137472
        8592           64           1.884      1099776       274944
        8592          128           2.978      2199552       549888
        8592          256           5.710      4399104      1099776
        8592          512          10.512      8798208      2199552
        8592         1024          21.086     17596416      4399104
        8592         2048          41.660     35192832      8798208
        9408            1           0.351        18816         4704
        9408            2           0.723        37632         9408
        9408            4           0.582        75264        18816
        9408            8           0.599       150528        37632
        9408           16           0.742       301056        75264
        9408           32           1.011       602112       150528
        9408           64           1.670      1204224       301056
        9408          128           2.777      2408448       602112
        9408          256           5.280      4816896      1204224
        9408          512           9.810      9633792      2408448
        9408         1024          19.319     19267584      4816896
        9408         2048          38.411     38535168      9633792
       10320            1           0.389        20640         5160
       10320            2           0.613        41280        10320
       10320            4           0.570        82560        20640
       10320            8           0.628       165120        41280
       10320           16           0.851       330240        82560
       10320           32           1.140       660480       165120
       10320           64           1.802      1320960       330240
       10320          128           3.317      2641920       660480
       10320          256           6.000      5283840      1320960
       10320          512          11.401     10567680      2641920
       10320         1024          22.339     21135360      5283840
       10320         2048          44.151     42270720     10567680
       11328            1           0.401        22656         5664
       11328            2           0.601        45312        11328
       11328            4           0.810        90624        22656
       11328            8           0.845       181248        45312
       11328           16           0.866       362496        90624
       11328           32           1.233       724992       181248
       11328           64           1.858      1449984       362496
       11328          128           3.267      2899968       724992
       11328          256           6.007      5799936      1449984
       11328          512          11.912     11599872      2899968
       11328         1024          30.168     23199744      5799936
       11328         2048          71.854     46399488     11599872
       12432            1           0.496        24864         6216
       12432            2           0.585        49728        12432
       12432            4           0.677        99456        24864
       12432            8           0.753       198912        49728
       12432           16           0.826       397824        99456
       12432           32           1.225       795648       198912
       12432           64           2.862      1591296       397824
       12432          128           5.322      3182592       795648
       12432          256          11.144      6365184      1591296
       12432          512          22.953     12730368      3182592
       12432         1024          28.690     25460736      6365184
       12432         2048          52.357     50921472     12730368
       13632            1           0.374        27264         6816
       13632            2           0.694        54528        13632
       13632            4           0.701       109056        27264
       13632            8           0.791       218112        54528
       13632           16           0.831       436224       109056
       13632           32           1.319       872448       218112
       13632           64           2.239      1744896       436224
       13632          128           3.813      3489792       872448
       13632          256           7.310      6979584      1744896
       13632          512          14.017     13959168      3489792
       13632         1024          27.804     27918336      6979584
       13632         2048          55.097     55836672     13959168
       14976            1           0.709        29952         7488
       14976            2           0.773        59904        14976
       14976            4           0.610       119808        29952
       14976            8           0.812       239616        59904
       14976           16           1.123       479232       119808
       14976           32           1.516       958464       239616
       14976           64           2.612      1916928       479232
       14976          128           4.569      3833856       958464
       14976          256           8.673      7667712      1916928
       14976          512          16.961     15335424      3833856
       14976         1024          33.314     30670848      7667712
       14976         2048          66.744     61341696     15335424
       16464            1           0.450        32928         8232
       16464            2           0.606        65856        16464
       16464            4           0.572       131712        32928
       16464            8           0.716       263424        65856
       16464           16           0.974       526848       131712
       16464           32           1.695      1053696       263424
       16464           64           2.734      2107392       526848
       16464          128           4.900      4214784      1053696
       16464          256           9.332      8429568      2107392
       16464          512          18.446     16859136      4214784
       16464         1024          36.226     33718272      8429568
       18096            1           0.418        36192         9048
       18096            2           0.570        72384        18096
       18096            4           0.625       144768        36192
       18096            8           0.987       289536        72384
       18096           16           1.065       579072       144768
       18096           32           1.707      1158144       289536
       18096           64           2.802      2316288       579072
       18096          128           5.239      4632576      1158144
       18096          256           9.623      9265152      2316288
       18096          512          18.867     18530304      4632576
       18096         1024          37.042     37060608      9265152
       19872            1           0.813        39744         9936
       19872            2           0.634        79488        19872
       19872            4           0.709       158976        39744
       19872            8           0.992       317952        79488
       19872           16           1.223       635904       158976
       19872           32           1.879      1271808       317952
       19872           64           3.130      2543616       635904
       19872          128           5.699      5087232      1271808
       19872          256          11.239     10174464      2543616
       19872          512          21.900     20348928      5087232
       19872         1024          50.191     40697856     10174464
       21840            1           0.630        43680        10920
       21840            2           0.572        87360        21840
       21840            4           0.798       174720        43680
       21840            8           1.002       349440        87360
       21840           16           1.243       698880       174720
       21840           32           2.007      1397760       349440
       21840           64           3.470      2795520       698880
       21840          128           6.332      5591040      1397760
       21840          256          12.105     11182080      2795520
       21840          512          23.853     22364160      5591040
       21840         1024          47.272     44728320     11182080
       24000            1           1.074        48000        12000
       24000            2           0.749        96000        24000
       24000            4           0.793       192000        48000
       24000            8           0.922       384000        96000
       24000           16           1.334       768000       192000
       24000           32           2.123      1536000       384000
       24000           64           3.711      3072000       768000
       24000          128           6.894      6144000      1536000
       24000          256          13.150     12288000      3072000
       24000          512          25.909     24576000      6144000
       24000         1024          51.249     49152000     12288000
       26400            1           0.496        52800        13200
       26400            2           0.690       105600        26400
       26400            4           0.767       211200        52800
       26400            8           0.944       422400       105600
       26400           16           1.446       844800       211200
       26400           32           2.365      1689600       422400
       26400           64           3.971      3379200       844800
       26400          128           7.521      6758400      1689600
       26400          256          14.637     13516800      3379200
       26400          512          28.852     27033600      6758400
       26400         1024          57.199     54067200     13516800
       29040            1           0.519        58080        14520
       29040            2           0.674       116160        29040
       29040            4           0.954       232320        58080
       29040            8           1.126       464640       116160
       29040           16           1.455       929280       232320
       29040           32           2.501      1858560       464640
       29040           64           4.253      3717120       929280
       29040          128           8.099      7434240      1858560
       29040          256          15.798     14868480      3717120
       29040          512          31.041     29736960      7434240
       29040         1024          61.408     59473920     14868480
       31920            1           0.719        63840        15960
       31920            2           0.673       127680        31920
       31920            4           0.748       255360        63840
       31920            8           1.115       510720       127680
       31920           16           1.549      1021440       255360
       31920           32           2.611      2042880       510720
       31920           64           4.732      4085760      1021440
       31920          128           8.779      8171520      2042880
       31920          256          17.122     16343040      4085760
       31920          512          33.870     32686080      8171520
       35088            1           0.961        70176        17544
       35088            2           0.678       140352        35088
       35088            4           0.727       280704        70176
       35088            8           1.177       561408       140352
       35088           16           1.633      1122816       280704
       35088           32           2.919      2245632       561408
       35088           64           5.098      4491264      1122816
       35088          128           9.583      8982528      2245632
       35088          256          30.132     17965056      4491264
       35088          512          36.965     35930112      8982528
       38592            1           0.627        77184        19296
       38592            2           0.756       154368        38592
       38592            4           0.998       308736        77184
       38592            8           1.143       617472       154368
       38592           16           1.879      1234944       308736
       38592           32           3.154      2469888       617472
       38592           64           5.385      4939776      1234944
       38592          128          10.465      9879552      2469888
       38592          256          20.599     19759104      4939776
       38592          512          40.557     39518208      9879552
       42432            1           1.067        84864        21216
       42432            2           0.743       169728        42432
       42432            4           0.829       339456        84864
       42432            8           1.256       678912       169728
       42432           16           1.977      1357824       339456
       42432           32           3.272      2715648       678912
       42432           64           5.915      5431296      1357824
       42432          128          11.418     10862592      2715648
       42432          256          22.373     21725184      5431296
       42432          512          44.307     43450368     10862592
       46656            1           2.267        93312        23328
       46656            2           1.028       186624        46656
       46656            4           1.363       373248        93312
       46656            8           2.004       746496       186624
       46656           16           3.222      1492992       373248
       46656           32           5.800      2985984       746496
       46656           64          11.737      5971968      1492992
       46656          128          23.695     11943936      2985984
       46656          256          44.033     23887872      5971968
       46656          512          85.470     47775744     11943936
       51312            1           2.253       102624        25656
       51312            2           1.231       205248        51312
       51312            4           1.916       410496       102624
       51312            8           3.139       820992       205248
       51312           16          14.151      1641984       410496
       51312           32           6.031      3283968       820992
       51312           64          11.972      6567936      1641984
       51312          128          26.084     13135872      3283968
       51312          256          42.323     26271744      6567936
       51312          512          84.823     52543488     13135872
       56400            1           1.801       112800        28200
       56400            2           0.609       225600        56400
       56400            4           1.326       451200       112800
       56400            8           2.158       902400       225600
       56400           16           3.967      1804800       451200
       56400           32           7.336      3609600       902400
       56400           64          13.724      7219200      1804800
       56400          128          26.084     14438400      3609600
       56400          256          42.486     28876800      7219200
       56400          512          82.372     57753600     14438400
       62016            1           1.244       124032        31008
       62016            2           0.585       248064        62016
       62016            4           1.410       496128       124032
       62016            8           2.090       992256       248064
       62016           16           3.594      1984512       496128
       62016           32           7.600      3969024       992256
       62016           64          13.423      7938048      1984512
       62016          128          24.913     15876096      3969024
       62016          256          49.521     31752192      7938048
       68208            1           1.508       136416        34104
       68208            2           1.068       272832        68208
       68208            4           1.493       545664       136416
       68208            8           2.355      1091328       272832
       68208           16           4.679      2182656       545664
       68208           32           7.713      4365312      1091328
       68208           64          12.858      8730624      2182656
       68208          128          19.325     17461248      4365312
       68208          256          52.391     34922496      8730624
       75024            1           2.433       150048        37512
       75024            2           0.706       300096        75024
       75024            4           1.621       600192       150048
       75024            8           2.781      1200384       300096
       75024           16           4.500      2400768       600192
       75024           32           8.152      4801536      1200384
       75024           64          14.231      9603072      2400768
       75024          128          19.560     19206144      4801536
       75024          256          41.943     38412288      9603072
       82512            1           1.697       165024        41256
       82512            2           0.704       330048        82512
       82512            4           1.690       660096       165024
       82512            8           2.728      1320192       330048
       82512           16           3.174      2640384       660096
       82512           32           5.739      5280768      1320192
       82512           64          11.016     10561536      2640384
       82512          128          21.439     21123072      5280768
       82512          256          42.310     42246144     10561536
       90720            1           3.285       181440        45360
       90720            2           1.325       362880        90720
       90720            4           1.963       725760       181440
       90720            8           3.523      1451520       362880
       90720           16           6.005      2903040       725760
       90720           32          11.621      5806080      1451520
       90720           64          20.858     11612160      2903040
       90720          128          34.715     23224320      5806080
       90720          256          54.796     46448640     11612160
       99792            1           1.691       199584        49896
       99792            2           0.910       399168        99792
       99792            4           2.043       798336       199584
       99792            8           3.109      1596672       399168
       99792           16           6.030      3193344       798336
       99792           32          10.555      6386688      1596672
       99792           64          22.246     12773376      3193344
       99792          128          41.883     25546752      6386688
       99792          256          68.094     51093504     12773376
      109728            1           4.306       219456        54864
      109728            2           1.559       438912       109728
      109728            4           4.889       877824       219456
      109728            8           4.823      1755648       438912
      109728           16           8.510      3511296       877824
      109728           32          13.248      7022592      1755648
      109728           64          20.793     14045184      3511296
      109728          128          45.155     28090368      7022592
      109728          256          68.646     56180736     14045184
      120672            1           3.117       241344        60336
      120672            2           1.060       482688       120672
      120672            4           1.642       965376       241344
      120672            8           2.615      1930752       482688
      120672           16           4.377      3861504       965376
      120672           32           8.195      7723008      1930752
      120672           64          15.858     15446016      3861504
      120672          128          30.914     30892032      7723008
      120672          256          61.382     61784064     15446016
      132720            1           2.053       265440        66360
      132720            2           1.175       530880       132720
      132720            4           1.701      1061760       265440
      132720            8           2.748      2123520       530880
      132720           16           4.912      4247040      1061760
      132720           32           8.933      8494080      2123520
      132720           64          17.252     16988160      4247040
      132720          128          33.743     33976320      8494080
      145968            1           2.832       291936        72984
      145968            2           1.159       583872       145968
      145968            4           1.942      1167744       291936
      145968            8           3.001      2335488       583872
      145968           16           5.148      4670976      1167744
      145968           32           9.754      9341952      2335488
      145968           64          18.965     18683904      4670976
      145968          128          37.273     37367808      9341952
      160560            1           2.270       321120        80280
      160560            2           1.316       642240       160560
      160560            4           1.999      1284480       321120
      160560            8           3.189      2568960       642240
      160560           16           5.682      5137920      1284480
      160560           32          10.765     10275840      2568960
      160560           64          20.877     20551680      5137920
      160560          128          41.012     41103360     10275840
      176592            1           2.396       353184        88296
      176592            2           1.533       706368       176592
      176592            4           2.153      1412736       353184
      176592            8           3.471      2825472       706368
      176592           16           6.253      5650944      1412736
      176592           32          11.891     11301888      2825472
      176592           64          23.283     22603776      5650944
      176592          128          45.950     45207552     11301888
      194208            1           3.151       388416        97104
      194208            2           1.402       776832       194208
      194208            4           2.483      1553664       388416
      194208            8           4.104      3107328       776832
      194208           16          10.732      6214656      1553664
      194208           32          17.008     12429312      3107328
      194208           64          25.684     24858624      6214656
      194208          128          50.326     49717248     12429312
      213600            1           3.680       427200       106800
      213600            2           2.032       854400       213600
      213600            4           3.165      1708800       427200
      213600            8           5.327      3417600       854400
      213600           16           9.666      6835200      1708800
      213600           32          18.479     13670400      3417600
      213600           64          36.241     27340800      6835200
      213600          128          71.704     54681600     13670400
      234960            1           4.778       469920       117480
      234960            2           2.133       939840       234960
      234960            4           3.463      1879680       469920
      234960            8           6.116      3759360       939840
      234960           16          11.285      7518720      1879680
      234960           32          21.997     15037440      3759360
      234960           64          46.190     30074880      7518720
      234960          128          85.188     60149760     15037440
      258432            1           5.052       516864       129216
      258432            2           2.083      1033728       258432
      258432            4           3.675      2067456       516864
      258432            8           6.728      4134912      1033728
      258432           16          12.577      8269824      2067456
      258432           32          23.888     16539648      4134912
      258432           64          46.984     33079296      8269824
      284256            1           4.127       568512       142128
      284256            2           2.677      1137024       284256
      284256            4           4.250      2274048       568512
      284256            8           7.409      4548096      1137024
      284256           16          13.743      9096192      2274048
      284256           32          29.270     18192384      4548096
      284256           64          51.815     36384768      9096192
      312672            1           4.822       625344       156336
      312672            2           2.882      1250688       312672
      312672            4           4.521      2501376       625344
      312672            8           8.015      5002752      1250688
      312672           16          14.931     10005504      2501376
      312672           32          28.589     20011008      5002752
      312672           64          56.321     40022016     10005504
      343920            1           5.358       687840       171960
      343920            2           2.956      1375680       343920
      343920            4           4.828      2751360       687840
      343920            8           8.922      5502720      1375680
      343920           16          16.773     11005440      2751360
      343920           32          32.069     22010880      5502720
      343920           64          67.374     44021760     11005440
      378288            1           4.942       756576       189144
      378288            2           3.261      1513152       378288
      378288            4           5.103      3026304       756576
      378288            8           9.515      6052608      1513152
      378288           16          17.931     12105216      3026304
      378288           32          34.974     24210432      6052608
      378288           64          68.684     48420864     12105216
      416112            1           5.924       832224       208056
      416112            2           3.588      1664448       416112
      416112            4           5.816      3328896       832224
      416112            8          10.387      6657792      1664448
      416112           16          19.683     13315584      3328896
      416112           32          38.326     26631168      6657792
      416112           64          80.264     53262336     13315584
      457680            1           6.503       915360       228840
      457680            2           3.873      1830720       457680
      457680            4           6.186      3661440       915360
      457680            8          11.362      7322880      1830720
      457680           16          21.581     14645760      3661440
      457680           32          42.212     29291520      7322880
      457680           64          82.268     58583040     14645760
      503424            1           6.804      1006848       251712
      503424            2           4.058      2013696       503424
      503424            4           6.793      4027392      1006848
      503424            8          12.557      8054784      2013696
      503424           16          23.725     16109568      4027392
      503424           32          46.297     32219136      8054784
      553728            1           7.255      1107456       276864
      553728            2           4.601      2214912       553728
      553728            4           7.658      4429824      1107456
      553728            8          13.582      8859648      2214912
      553728           16          25.914     17719296      4429824
      553728           32          50.375     35438592      8859648
      609072            1           8.780      1218144       304536
      609072            2           4.859      2436288       609072
      609072            4           8.286      4872576      1218144
      609072            8          15.118      9745152      2436288
      609072           16          28.546     19490304      4872576
      609072           32          55.772     38980608      9745152
      669936            1           8.836      1339872       334968
      669936            2           5.369      2679744       669936
      669936            4           9.058      5359488      1339872
      669936            8          16.300     10718976      2679744
      669936           16          31.333     21437952      5359488
      669936           32          61.038     42875904     10718976
      736896            1          10.028      1473792       368448
      736896            2           5.814      2947584       736896
      736896            4           9.707      5895168      1473792
      736896            8          18.061     11790336      2947584
      736896           16          34.545     23580672      5895168
      736896           32          67.049     47161344     11790336
      810576            1          11.332      1621152       405288
      810576            2           6.574      3242304       810576
      810576            4          10.782      6484608      1621152
      810576            8          19.563     12969216      3242304
      810576           16          37.757     25938432      6484608
      810576           32          73.585     51876864     12969216
      891600            1          11.807      1783200       445800
      891600            2           6.807      3566400       891600
      891600            4          11.631      7132800      1783200
      891600            8          21.706     14265600      3566400
      891600           16          41.435     28531200      7132800
      891600           32          81.031     57062400     14265600
      980736            1          13.243      1961472       490368
      980736            2           7.775      3922944       980736
      980736            4          12.992      7845888      1961472
      980736            8          23.867     15691776      3922944
      980736           16          45.261     31383552      7845888
     1078800            1          15.119      2157600       539400
     1078800            2           8.055      4315200      1078800
     1078800            4          14.153      8630400      2157600
     1078800            8          25.942     17260800      4315200
     1078800           16          49.720     34521600      8630400
     1186656            1          16.894      2373312       593328
     1186656            2           8.966      4746624      1186656
     1186656            4          15.338      9493248      2373312
     1186656            8          28.594     18986496      4746624
     1186656           16          54.937     37972992      9493248
     1305312            1          18.436      2610624       652656
     1305312            2           9.822      5221248      1305312
     1305312            4          16.896     10442496      2610624
     1305312            8          31.351     20884992      5221248
     1305312           16          60.247     41769984     10442496
     1435824            1          21.163      2871648       717912
     1435824            2          10.493      5743296      1435824
     1435824            4          18.503     11486592      2871648
     1435824            8          34.426     22973184      5743296
     1435824           16          66.022     45946368     11486592
     1579392            1          21.189      3158784       789696
     1579392            2          11.515      6317568      1579392
     1579392            4          20.424     12635136      3158784
     1579392            8          37.728     25270272      6317568
     1579392           16          72.577     50540544     12635136
     1737312            1          25.395      3474624       868656
     1737312            2          12.745      6949248      1737312
     1737312            4          22.316     13898496      3474624
     1737312            8          41.321     27796992      6949248
     1737312           16          79.459     55593984     13898496
     1911024            1          25.758      3822048       955512
     1911024            2          13.945      7644096      1911024
     1911024            4          24.560     15288192      3822048
     1911024            8          45.434     30576384      7644096
     1911024           16          87.165     61152768     15288192
     2102112            1          28.395      4204224      1051056
     2102112            2          15.512      8408448      2102112
     2102112            4          26.970     16816896      4204224
     2102112            8          50.026     33633792      8408448
     2312304            1          30.260      4624608      1156152
     2312304            2          17.363      9249216      2312304
     2312304            4          29.540     18498432      4624608
     2312304            8          54.810     36996864      9249216
     2543520            1          46.616      5087040      1271760
     2543520            2          19.309     10174080      2543520
     2543520            4          39.210     20348160      5087040
     2543520            8          60.208     40696320     10174080
     2797872            1          36.365      5595744      1398936
     2797872            2          21.057     11191488      2797872
     2797872            4          35.654     22382976      5595744
     2797872            8          66.159     44765952     11191488
     3077616            1          39.897      6155232      1538808
     3077616            2          25.012     12310464      3077616
     3077616            4          40.678     24620928      6155232
     3077616            8          76.232     49241856     12310464
     3385344            1          44.335      6770688      1692672
     3385344            2          29.417     13541376      3385344
     3385344            4          45.870     27082752      6770688
     3385344            8          84.331     54165504     13541376
     3723840            1          47.311      7447680      1861920
     3723840            2          31.120     14895360      3723840
     3723840            4          56.354     29790720      7447680
     3723840            8          96.835     59581440     14895360
     4096224            1          51.518      8192448      2048112
     4096224            2          33.533     16384896      4096224
     4096224            4          55.837     32769792      8192448
     4505808            1          58.664      9011616      2252904
     4505808            2          41.460     18023232      4505808
     4505808            4          65.673     36046464      9011616
     4956384            1          66.179      9912768      2478192
     4956384            2          44.381     19825536      4956384
     4956384            4          70.304     39651072      9912768
     5451984            1          64.058     10903968      2725992
     5451984            2          59.497     21807936      5451984
     5451984            4          80.414     43615872     10903968
     5997168            1          67.417     11994336      2998584
     5997168            2          64.339     23988672      5997168
     5997168            4          92.713     47977344     11994336
     6596880            1          78.741     13193760      3298440
     6596880            2          76.424     26387520      6596880
     6596880            4         111.903     52775040     13193760
     7256544            1          74.525     14513088      3628272
     7256544            2          88.823     29026176      7256544
     7256544            4         131.461     58052352     14513088
     7982160            1          81.748     15964320      3991080
     7982160            2         105.319     31928640      7982160
     8780352            1          85.065     17560704      4390176
     8780352            2         123.736     35121408      8780352
     9658368            1          95.326     19316736      4829184
     9658368            2         150.365     38633472      9658368
    10624176            1         102.254     21248352      5312088
    10624176            2         165.301     42496704     10624176
    11686560            1         112.129     23373120      5843280
    11686560            2         179.428     46746240     11686560
    12855216            1         129.131     25710432      6427608
    12855216            2         221.143     51420864     12855216
    14140704            1         148.552     28281408      7070352
    14140704            2         250.397     56562816     14140704
    15554736            1         182.614     31109472      7777368
    17110176            1         222.735     34220352      8555088
    18821184            1         202.621     37642368      9410592
    20703264            1         237.846     41406528     10351632
    22773552            1         260.775     45547104     11386776
    25050864            1         304.697     50101728     12525432
    27555936            1         357.227     55111872     13777968
    30311520            1         417.224     60623040     15155760

META_DATA
FLOPS          4
OPENMP_THREADS 6
ERT_VERSION  1.1.0
HOSTNAME  ('cirrus4.computing.clemson.edu', ['cirrus4'], ['127.0.1.1'])
UNAME  uname_result(system='Linux', node='cirrus4.computing.clemson.edu', release='5.4.0-81-generic', version='#91-Ubuntu SMP Thu Jul 15 19:09:17 UTC 2021', machine='x86_64', processor='x86_64')
TIMESTAMP_DATA  1632245416.7058377
CONFIG  {'ERT_RESULTS': ['Results.cs.clemson.edu'], 'ERT_DRIVER': ['driver1'], 'ERT_KERNEL': ['kernel1'], 'ERT_MPI': ['False'], 'ERT_MPI_CFLAGS': [], 'ERT_MPI_LDFLAGS': [], 'ERT_OPENMP': ['True'], 'ERT_OPENMP_CFLAGS': ['-fopenmp'], 'ERT_OPENMP_LDFLAGS': ['-fopenmp'], 'ERT_FLOPS': ['1,2,4'], 'ERT_ALIGN': ['32'], 'ERT_CC': ['g++'], 'ERT_CFLAGS': ['-O3', '-std=c++11', '-fstrict-aliasing', '-march=native'], 'ERT_LD': ['g++'], 'ERT_LDFLAGS': [], 'ERT_LDLIBS': [], 'ERT_PRECISION': ['FP64'], 'ERT_RUN': ['export', 'OMP_NUM_THREADS=ERT_OPENMP_THREADS;', 'export', 'OMP_PLACES=threads;', 'export', 'OMP_PROC_BIND=spread;', './ERT_CODE'], 'ERT_PROCS_THREADS': ['8'], 'ERT_MPI_PROCS': ['2,4,8'], 'ERT_OPENMP_THREADS': ['1-8'], 'ERT_NUM_EXPERIMENTS': ['5'], 'ERT_MEMORY_MAX': ['31000000'], 'ERT_WORKING_SET_MIN': ['1'], 'ERT_TRIALS_MIN': ['1'], 'ERT_GNUPLOT': ['gnuplot'], 'ERT_GPU': [False], 'ERT_HIP': [False], 'ERT_OCL': [False], 'ERT_SYCL': [False], 'ERT_WSS_MULT': [1.1]}
