fp64
          48            1           1.932           96           24
          48            2           0.850          192           48
          48            4           1.007          384           96
          48            8           0.881          768          192
          48           16           0.973         1536          384
          48           32           1.153         3072          768
          48           64           1.201         6144         1536
          48          128           1.983        12288         3072
          48          256           3.195        24576         6144
          48          512           5.433        49152        12288
          48         1024          10.363        98304        24576
          48         2048          19.614       196608        49152
          48         4096          38.241       393216        98304
          48         8192          76.083       786432       196608
          48        16384         151.450      1572864       393216
          48        32768         311.694      3145728       786432
          48        65536         604.346      6291456      1572864
          48       131072        1206.740     12582912      3145728
          48       262144        2453.906     25165824      6291456
          48       524288        4832.431     50331648     12582912
          96            1           0.643          192           48
          96            2           1.075          384           96
          96            4           0.944          768          192
          96            8           0.964         1536          384
          96           16           0.908         3072          768
          96           32           1.292         6144         1536
          96           64           1.278        12288         3072
          96          128           1.692        24576         6144
          96          256           3.169        49152        12288
          96          512           5.303        98304        24576
          96         1024          10.290       196608        49152
          96         2048          19.637       393216        98304
          96         4096          42.390       786432       196608
          96         8192          50.592      1572864       393216
          96        16384         100.867      3145728       786432
          96        32768         201.210      6291456      1572864
          96        65536         401.955     12582912      3145728
          96       131072         803.405     25165824      6291456
          96       262144        1613.402     50331648     12582912
         144            1           1.059          288           72
         144            2           0.730          576          144
         144            4           0.673         1152          288
         144            8           0.587         2304          576
         144           16           0.654         4608         1152
         144           32           0.849         9216         2304
         144           64           1.029        18432         4608
         144          128           1.448        36864         9216
         144          256           2.229        73728        18432
         144          512           3.587       147456        36864
         144         1024           6.862       294912        73728
         144         2048          13.183       589824       147456
         144         4096          41.687      1179648       294912
         144         8192          51.713      2359296       589824
         144        16384         102.661      4718592      1179648
         144        32768         204.999      9437184      2359296
         144        65536         409.497     18874368      4718592
         144       131072         818.710     37748736      9437184
         192            1           1.012          384           96
         192            2           0.616          768          192
         192            4           0.624         1536          384
         192            8           0.524         3072          768
         192           16           0.571         6144         1536
         192           32           0.867        12288         3072
         192           64           1.289        24576         6144
         192          128           1.500        49152        12288
         192          256           2.174        98304        24576
         192          512           3.800       196608        49152
         192         1024           6.989       393216        98304
         192         2048          13.566       786432       196608
         192         4096          26.626      1572864       393216
         192         8192          63.086      3145728       786432
         192        16384         118.931      6291456      1572864
         192        32768         210.317     12582912      3145728
         192        65536         420.090     25165824      6291456
         192       131072         839.921     50331648     12582912
         240            1           0.608          480          120
         240            2           0.694          960          240
         240            4           0.737         1920          480
         240            8           0.672         3840          960
         240           16           0.599         7680         1920
         240           32           0.849        15360         3840
         240           64           1.110        30720         7680
         240          128           1.306        61440        15360
         240          256           2.275       122880        30720
         240          512           3.692       245760        61440
         240         1024           6.784       491520       122880
         240         2048          13.610       983040       245760
         240         4096          26.750      1966080       491520
         240         8192          53.003      3932160       983040
         240        16384         105.707      7864320      1966080
         240        32768         210.349     15728640      3932160
         240        65536         420.268     31457280      7864320
         288            1           0.909          576          144
         288            2           0.522         1152          288
         288            4           0.736         2304          576
         288            8           0.568         4608         1152
         288           16           0.598         9216         2304
         288           32           0.813        18432         4608
         288           64           0.909        36864         9216
         288          128           1.391        73728        18432
         288          256           2.360       147456        36864
         288          512           3.863       294912        73728
         288         1024           6.916       589824       147456
         288         2048          13.560      1179648       294912
         288         4096          26.744      2359296       589824
         288         8192          52.971      4718592      1179648
         288        16384         105.429      9437184      2359296
         288        32768         162.515     18874368      4718592
         288        65536         286.651     37748736      9437184
         336            1           0.942          672          168
         336            2           0.501         1344          336
         336            4           0.766         2688          672
         336            8           0.731         5376         1344
         336           16           0.672        10752         2688
         336           32           0.792        21504         5376
         336           64           0.952        43008        10752
         336          128           1.214        86016        21504
         336          256           1.756       172032        43008
         336          512           2.593       344064        86016
         336         1024           4.695       688128       172032
         336         2048           9.134      1376256       344064
         336         4096          18.005      2752512       688128
         336         8192          35.498      5505024      1376256
         336        16384          70.335     11010048      2752512
         336        32768         140.369     22020096      5505024
         336        65536         280.179     44040192     11010048
         384            1           0.647          768          192
         384            2           0.574         1536          384
         384            4           0.765         3072          768
         384            8           0.807         6144         1536
         384           16           0.758        12288         3072
         384           32           0.688        24576         6144
         384           64           0.732        49152        12288
         384          128           1.102        98304        24576
         384          256           1.490       196608        49152
         384          512           2.623       393216        98304
         384         1024           4.854       786432       196608
         384         2048           9.645      1572864       393216
         384         4096          18.491      3145728       786432
         384         8192          36.732      6291456      1572864
         384        16384          73.232     12582912      3145728
         384        32768         146.246     25165824      6291456
         384        65536         292.154     50331648     12582912
         432            1           0.846          864          216
         432            2           0.504         1728          432
         432            4           0.714         3456          864
         432            8           0.709         6912         1728
         432           16           0.718        13824         3456
         432           32           0.558        27648         6912
         432           64           0.752        55296        13824
         432          128           1.027       110592        27648
         432          256           1.561       221184        55296
         432          512           2.883       442368       110592
         432         1024           5.095       884736       221184
         432         2048           9.495      1769472       442368
         432         4096          18.731      3538944       884736
         432         8192          36.961      7077888      1769472
         432        16384          73.405     14155776      3538944
         432        32768         146.364     28311552      7077888
         432        65536         292.283     56623104     14155776
         480            1           0.318          960          240
         480            2           0.709         1920          480
         480            4           0.718         3840          960
         480            8           0.820         7680         1920
         480           16           0.921        15360         3840
         480           32           0.572        30720         7680
         480           64           0.873        61440        15360
         480          128           1.245       122880        30720
         480          256           1.715       245760        61440
         480          512           2.786       491520       122880
         480         1024           5.111       983040       245760
         480         2048           9.558      1966080       491520
         480         4096          19.603      3932160       983040
         480         8192          36.800      7864320      1966080
         480        16384          73.252     15728640      3932160
         480        32768         161.571     31457280      7864320
         528            1           0.322         1056          264
         528            2           0.565         2112          528
         528            4           0.785         4224         1056
         528            8           0.734         8448         2112
         528           16           0.716        16896         4224
         528           32           0.845        33792         8448
         528           64           0.981        67584        16896
         528          128           1.112       135168        33792
         528          256           1.860       270336        67584
         528          512           5.201       540672       135168
         528         1024          10.121      1081344       270336
         528         2048          10.721      2162688       540672
         528         4096          18.833      4325376      1081344
         528         8192          36.921      8650752      2162688
         528        16384          73.359     17301504      4325376
         528        32768         146.462     34603008      8650752
         576            1           0.401         1152          288
         576            2           0.548         2304          576
         576            4           0.648         4608         1152
         576            8           0.579         9216         2304
         576           16           0.675        18432         4608
         576           32           0.689        36864         9216
         576           64           0.860        73728        18432
         576          128           0.991       147456        36864
         576          256           1.656       294912        73728
         576          512           2.949       589824       147456
         576         1024           5.064      1179648       294912
         576         2048           9.487      2359296       589824
         576         4096          18.456      4718592      1179648
         576         8192          36.773      9437184      2359296
         576        16384          73.366     18874368      4718592
         576        32768         146.233     37748736      9437184
         624            1           0.347         1248          312
         624            2           0.819         2496          624
         624            4           0.669         4992         1248
         624            8           0.929         9984         2496
         624           16           0.691        19968         4992
         624           32           0.613        39936         9984
         624           64           0.839        79872        19968
         624          128           1.148       159744        39936
         624          256           1.820       319488        79872
         624          512           2.961       638976       159744
         624         1024           5.057      1277952       319488
         624         2048           9.439      2555904       638976
         624         4096          18.459      5111808      1277952
         624         8192          36.987     10223616      2555904
         624        16384          73.629     20447232      5111808
         624        32768         146.383     40894464     10223616
         672            1           0.717         1344          336
         672            2           0.607         2688          672
         672            4           0.673         5376         1344
         672            8           0.749        10752         2688
         672           16           0.543        21504         5376
         672           32           0.770        43008        10752
         672           64           0.768        86016        21504
         672          128           1.397       172032        43008
         672          256           1.600       344064        86016
         672          512           2.878       688128       172032
         672         1024           5.144      1376256       344064
         672         2048           9.664      2752512       688128
         672         4096          18.765      5505024      1376256
         672         8192          37.102     11010048      2752512
         672        16384          73.275     22020096      5505024
         672        32768         146.407     44040192     11010048
         720            1           0.340         1440          360
         720            2           0.660         2880          720
         720            4           0.868         5760         1440
         720            8           0.914        11520         2880
         720           16           0.616        23040         5760
         720           32           0.682        46080        11520
         720           64           0.960        92160        23040
         720          128           1.209       184320        46080
         720          256           1.838       368640        92160
         720          512           2.720       737280       184320
         720         1024           4.977      1474560       368640
         720         2048           9.622      2949120       737280
         720         4096          18.815      5898240      1474560
         720         8192          37.146     11796480      2949120
         720        16384          73.981     23592960      5898240
         720        32768         158.611     47185920     11796480
         768            1           0.391         1536          384
         768            2           0.843         3072          768
         768            4           0.907         6144         1536
         768            8           0.768        12288         3072
         768           16           0.683        24576         6144
         768           32           0.854        49152        12288
         768           64           0.786        98304        24576
         768          128           1.278       196608        49152
         768          256           1.628       393216        98304
         768          512           2.805       786432       196608
         768         1024           4.939      1572864       393216
         768         2048           9.518      3145728       786432
         768         4096          18.615      6291456      1572864
         768         8192          36.849     12582912      3145728
         768        16384          73.370     25165824      6291456
         768        32768         146.428     50331648     12582912
         816            1           0.595         1632          408
         816            2           0.550         3264          816
         816            4           0.696         6528         1632
         816            8           0.743        13056         3264
         816           16           0.789        26112         6528
         816           32           0.853        52224        13056
         816           64           0.779       104448        26112
         816          128           1.062       208896        52224
         816          256           1.588       417792       104448
         816          512           2.961       835584       208896
         816         1024           4.987      1671168       417792
         816         2048           9.509      3342336       835584
         816         4096          18.785      6684672      1671168
         816         8192          36.838     13369344      3342336
         816        16384          73.383     26738688      6684672
         816        32768         146.879     53477376     13369344
         864            1           0.783         1728          432
         864            2           0.457         3456          864
         864            4           0.744         6912         1728
         864            8           0.752        13824         3456
         864           16           0.675        27648         6912
         864           32           0.751        55296        13824
         864           64           1.064       110592        27648
         864          128           1.325       221184        55296
         864          256           1.646       442368       110592
         864          512           2.831       884736       221184
         864         1024           5.146      1769472       442368
         864         2048           9.744      3538944       884736
         864         4096          18.920      7077888      1769472
         864         8192          37.584     14155776      3538944
         864        16384          74.674     28311552      7077888
         864        32768         148.781     56623104     14155776
         912            1           0.317         1824          456
         912            2           0.604         3648          912
         912            4           0.814         7296         1824
         912            8           0.532        14592         3648
         912           16           0.659        29184         7296
         912           32           0.696        58368        14592
         912           64           0.713       116736        29184
         912          128           1.078       233472        58368
         912          256           1.366       466944       116736
         912          512           2.291       933888       233472
         912         1024           3.874      1867776       466944
         912         2048           7.214      3735552       933888
         912         4096          14.009      7471104      1867776
         912         8192          27.844     14942208      3735552
         912        16384          55.003     29884416      7471104
         912        32768         109.156     59768832     14942208
         960            1           0.270         1920          480
         960            2           0.561         3840          960
         960            4           0.836         7680         1920
         960            8           0.746        15360         3840
         960           16           0.815        30720         7680
         960           32           0.592        61440        15360
         960           64           0.769       122880        30720
         960          128           1.028       245760        61440
         960          256           1.445       491520       122880
         960          512           2.189       983040       245760
         960         1024           3.801      1966080       491520
         960         2048           7.188      3932160       983040
         960         4096          13.529      7864320      1966080
         960         8192          26.481     15728640      3932160
         960        16384          52.440     31457280      7864320
        1056            1           0.337         2112          528
        1056            2           0.541         4224         1056
        1056            4           0.667         8448         2112
        1056            8           0.764        16896         4224
        1056           16           0.724        33792         8448
        1056           32           0.873        67584        16896
        1056           64           0.877       135168        33792
        1056          128           1.208       270336        67584
        1056          256           1.354       540672       135168
        1056          512           2.216      1081344       270336
        1056         1024           4.036      2162688       540672
        1056         2048           7.315      4325376      1081344
        1056         4096          14.086      8650752      2162688
        1056         8192          27.713     17301504      4325376
        1056        16384          54.894     34603008      8650752
        1152            1           0.273         2304          576
        1152            2           0.842         4608         1152
        1152            4           0.715         9216         2304
        1152            8           0.823        18432         4608
        1152           16           0.763        36864         9216
        1152           32           0.656        73728        18432
        1152           64           0.789       147456        36864
        1152          128           1.301       294912        73728
        1152          256           2.356       589824       147456
        1152          512           4.339      1179648       294912
        1152         1024           8.433      2359296       589824
        1152         2048          16.409      4718592      1179648
        1152         4096          32.381      9437184      2359296
        1152         8192          72.785     18874368      4718592
        1152        16384         127.867     37748736      9437184
        1248            1           1.342         2496          624
        1248            2           0.604         4992         1248
        1248            4           0.692         9984         2496
        1248            8           0.687        19968         4992
        1248           16           0.669        39936         9984
        1248           32           0.587        79872        19968
        1248           64           0.762       159744        39936
        1248          128           1.350       319488        79872
        1248          256           2.367       638976       159744
        1248          512           4.363      1277952       319488
        1248         1024           8.460      2555904       638976
        1248         2048          16.469      5111808      1277952
        1248         4096          32.229     10223616      2555904
        1248         8192          64.039     20447232      5111808
        1248        16384         127.735     40894464     10223616
        1344            1           0.458         2688          672
        1344            2           0.481         5376         1344
        1344            4           0.774        10752         2688
        1344            8           0.870        21504         5376
        1344           16           0.570        43008        10752
        1344           32           0.587        86016        21504
        1344           64           0.796       172032        43008
        1344          128           1.478       344064        86016
        1344          256           2.368       688128       172032
        1344          512           4.426      1376256       344064
        1344         1024           8.419      2752512       688128
        1344         2048          16.295      5505024      1376256
        1344         4096          32.483     11010048      2752512
        1344         8192          64.165     22020096      5505024
        1344        16384         128.121     44040192     11010048
        1440            1           0.339         2880          720
        1440            2           0.526         5760         1440
        1440            4           0.736        11520         2880
        1440            8           0.647        23040         5760
        1440           16           0.726        46080        11520
        1440           32           0.663        92160        23040
        1440           64           0.779       184320        46080
        1440          128           1.479       368640        92160
        1440          256           2.299       737280       184320
        1440          512           4.219      1474560       368640
        1440         1024           8.197      2949120       737280
        1440         2048          16.205      5898240      1474560
        1440         4096          32.204     11796480      2949120
        1440         8192          64.110     23592960      5898240
        1440        16384         127.658     47185920     11796480
        1584            1           0.346         3168          792
        1584            2           0.600         6336         1584
        1584            4           0.583        12672         3168
        1584            8           0.803        25344         6336
        1584           16           0.552        50688        12672
        1584           32           0.763       101376        25344
        1584           64           0.803       202752        50688
        1584          128           1.396       405504       101376
        1584          256           2.326       811008       202752
        1584          512           4.283      1622016       405504
        1584         1024           8.296      3244032       811008
        1584         2048          16.256      6488064      1622016
        1584         4096          32.214     12976128      3244032
        1584         8192          64.022     25952256      6488064
        1584        16384         127.936     51904512     12976128
        1728            1           0.274         3456          864
        1728            2           0.671         6912         1728
        1728            4           0.612        13824         3456
        1728            8           0.666        27648         6912
        1728           16           0.572        55296        13824
        1728           32           0.589       110592        27648
        1728           64           0.789       221184        55296
        1728          128           1.440       442368       110592
        1728          256           2.223       884736       221184
        1728          512           4.244      1769472       442368
        1728         1024           8.300      3538944       884736
        1728         2048          16.285      7077888      1769472
        1728         4096          32.473     14155776      3538944
        1728         8192          64.125     28311552      7077888
        1728        16384         128.398     56623104     14155776
        1872            1           0.427         3744          936
        1872            2           0.761         7488         1872
        1872            4           0.504        14976         3744
        1872            8           0.805        29952         7488
        1872           16           0.609        59904        14976
        1872           32           0.693       119808        29952
        1872           64           0.819       239616        59904
        1872          128           1.250       479232       119808
        1872          256           2.393       958464       239616
        1872          512           4.337      1916928       479232
        1872         1024           8.392      3833856       958464
        1872         2048          16.508      7667712      1916928
        1872         4096          40.805     15335424      3833856
        1872         8192          65.122     30670848      7667712
        1872        16384         128.899     61341696     15335424
        2016            1           0.355         4032         1008
        2016            2           0.610         8064         2016
        2016            4           0.502        16128         4032
        2016            8           0.800        32256         8064
        2016           16           0.588        64512        16128
        2016           32           0.692       129024        32256
        2016           64           0.775       258048        64512
        2016          128           1.254       516096       129024
        2016          256           2.365      1032192       258048
        2016          512           4.347      2064384       516096
        2016         1024           8.440      4128768      1032192
        2016         2048          16.493      8257536      2064384
        2016         4096          32.555     16515072      4128768
        2016         8192          64.953     33030144      8257536
        2208            1           0.284         4416         1104
        2208            2           0.738         8832         2208
        2208            4           0.658        17664         4416
        2208            8           0.676        35328         8832
        2208           16           0.676        70656        17664
        2208           32           0.696       141312        35328
        2208           64           0.857       282624        70656
        2208          128           1.372       565248       141312
        2208          256           2.413      1130496       282624
        2208          512           4.357      2260992       565248
        2208         1024           8.191      4521984      1130496
        2208         2048          16.297      9043968      2260992
        2208         4096          32.118     18087936      4521984
        2208         8192          63.942     36175872      9043968
        2400            1           0.505         4800         1200
        2400            2           0.806         9600         2400
        2400            4           0.608        19200         4800
        2400            8           0.947        38400         9600
        2400           16           0.543        76800        19200
        2400           32           0.813       153600        38400
        2400           64           0.900       307200        76800
        2400          128           1.353       614400       153600
        2400          256           2.299      1228800       307200
        2400          512           4.238      2457600       614400
        2400         1024           8.325      4915200      1228800
        2400         2048          16.260      9830400      2457600
        2400         4096          32.253     19660800      4915200
        2400         8192          64.009     39321600      9830400
        2640            1           0.707         5280         1320
        2640            2           0.542        10560         2640
        2640            4           0.653        21120         5280
        2640            8           0.645        42240        10560
        2640           16           0.759        84480        21120
        2640           32           0.747       168960        42240
        2640           64           0.868       337920        84480
        2640          128           1.233       675840       168960
        2640          256           2.359      1351680       337920
        2640          512           4.385      2703360       675840
        2640         1024           8.519      5406720      1351680
        2640         2048          16.637     10813440      2703360
        2640         4096          32.810     21626880      5406720
        2640         8192          65.213     43253760     10813440
        2880            1           1.171         5760         1440
        2880            2           0.542        11520         2880
        2880            4           0.782        23040         5760
        2880            8           0.894        46080        11520
        2880           16           0.721        92160        23040
        2880           32           0.705       184320        46080
        2880           64           0.919       368640        92160
        2880          128           1.405       737280       184320
        2880          256           2.553      1474560       368640
        2880          512           4.986      2949120       737280
        2880         1024           9.087      5898240      1474560
        2880         2048          17.979     11796480      2949120
        2880         4096          38.107     23592960      5898240
        2880         8192          79.139     47185920     11796480
        3168            1           1.198         6336         1584
        3168            2           0.706        12672         3168
        3168            4           0.706        25344         6336
        3168            8           0.819        50688        12672
        3168           16           0.646       101376        25344
        3168           32           0.876       202752        50688
        3168           64           1.014       405504       101376
        3168          128           1.596       811008       202752
        3168          256           2.477      1622016       405504
        3168          512           4.631      3244032       811008
        3168         1024           8.928      6488064      1622016
        3168         2048          17.629     12976128      3244032
        3168         4096          34.922     25952256      6488064
        3168         8192          69.541     51904512     12976128
        3456            1           0.358         6912         1728
        3456            2           0.713        13824         3456
        3456            4           0.578        27648         6912
        3456            8           0.808        55296        13824
        3456           16           0.671       110592        27648
        3456           32           0.793       221184        55296
        3456           64           0.827       442368       110592
        3456          128           1.495       884736       221184
        3456          256           2.434      1769472       442368
        3456          512           4.668      3538944       884736
        3456         1024           8.744      7077888      1769472
        3456         2048          27.516     14155776      3538944
        3456         4096          34.700     28311552      7077888
        3456         8192          68.456     56623104     14155776
        3792            1           0.648         7584         1896
        3792            2           0.588        15168         3792
        3792            4           0.562        30336         7584
        3792            8           0.850        60672        15168
        3792           16           0.874       121344        30336
        3792           32           0.725       242688        60672
        3792           64           1.146       485376       121344
        3792          128           1.672       970752       242688
        3792          256           2.862      1941504       485376
        3792          512           5.320      3883008       970752
        3792         1024          10.127      7766016      1941504
        3792         2048          20.217     15532032      3883008
        3792         4096          39.814     31064064      7766016
        4128            1           0.639         8256         2064
        4128            2           0.660        16512         4128
        4128            4           0.670        33024         8256
        4128            8           0.797        66048        16512
        4128           16           0.703       132096        33024
        4128           32           0.844       264192        66048
        4128           64           1.070       528384       132096
        4128          128           1.519      1056768       264192
        4128          256           2.912      2113536       528384
        4128          512           5.563      4227072      1056768
        4128         1024          10.497      8454144      2113536
        4128         2048          20.657     16908288      4227072
        4128         4096          40.816     33816576      8454144
        4512            1           0.331         9024         2256
        4512            2           0.453        18048         4512
        4512            4           0.734        36096         9024
        4512            8           0.618        72192        18048
        4512           16           0.706       144384        36096
        4512           32           0.869       288768        72192
        4512           64           1.107       577536       144384
        4512          128           1.749      1155072       288768
        4512          256           3.013      2310144       577536
        4512          512           5.692      4620288      1155072
        4512         1024          11.016      9240576      2310144
        4512         2048          21.890     18481152      4620288
        4512         4096          43.561     36962304      9240576
        4944            1           0.419         9888         2472
        4944            2           0.703        19776         4944
        4944            4           0.672        39552         9888
        4944            8           0.634        79104        19776
        4944           16           0.753       158208        39552
        4944           32           1.033       316416        79104
        4944           64           1.210       632832       158208
        4944          128           1.850      1265664       316416
        4944          256           3.341      2531328       632832
        4944          512           6.412      5062656      1265664
        4944         1024          12.299     10125312      2531328
        4944         2048          23.786     20250624      5062656
        4944         4096          47.510     40501248     10125312
        5424            1           0.338        10848         2712
        5424            2           0.830        21696         5424
        5424            4           0.668        43392        10848
        5424            8           0.656        86784        21696
        5424           16           0.678       173568        43392
        5424           32           0.871       347136        86784
        5424           64           1.231       694272       173568
        5424          128           1.931      1388544       347136
        5424          256           3.497      2777088       694272
        5424          512           6.282      5554176      1388544
        5424         1024          12.368     11108352      2777088
        5424         2048          24.156     22216704      5554176
        5424         4096          48.018     44433408     11108352
        5952            1           0.350        11904         2976
        5952            2           0.509        23808         5952
        5952            4           0.577        47616        11904
        5952            8           0.624        95232        23808
        5952           16           0.765       190464        47616
        5952           32           1.025       380928        95232
        5952           64           1.310       761856       190464
        5952          128           2.055      1523712       380928
        5952          256           3.587      3047424       761856
        5952          512           9.804      6094848      1523712
        5952         1024          17.335     12189696      3047424
        5952         2048          25.165     24379392      6094848
        5952         4096          51.394     48758784     12189696
        6528            1           0.652        13056         3264
        6528            2           0.589        26112         6528
        6528            4           0.671        52224        13056
        6528            8           0.686       104448        26112
        6528           16           0.857       208896        52224
        6528           32           1.054       417792       104448
        6528           64           1.512       835584       208896
        6528          128           2.462      1671168       417792
        6528          256           4.531      3342336       835584
        6528          512           8.802      6684672      1671168
        6528         1024          17.086     13369344      3342336
        6528         2048          32.677     26738688      6684672
        6528         4096          64.609     53477376     13369344
        7152            1           0.535        14304         3576
        7152            2           0.657        28608         7152
        7152            4           0.668        57216        14304
        7152            8           0.774       114432        28608
        7152           16           0.836       228864        57216
        7152           32           1.039       457728       114432
        7152           64           1.401       915456       228864
        7152          128           2.444      1830912       457728
        7152          256           4.245      3661824       915456
        7152          512           7.851      7323648      1830912
        7152         1024          18.620     14647296      3661824
        7152         2048          32.992     29294592      7323648
        7152         4096          60.195     58589184     14647296
        7824            1           0.687        15648         3912
        7824            2           0.643        31296         7824
        7824            4           0.721        62592        15648
        7824            8           0.851       125184        31296
        7824           16           0.891       250368        62592
        7824           32           1.142       500736       125184
        7824           64           1.685      1001472       250368
        7824          128           2.834      2002944       500736
        7824          256           5.206      4005888      1001472
        7824          512          10.069      8011776      2002944
        7824         1024          19.387     16023552      4005888
        7824         2048          38.633     32047104      8011776
        8592            1           1.370        17184         4296
        8592            2           0.562        34368         8592
        8592            4           0.640        68736        17184
        8592            8           0.747       137472        34368
        8592           16           0.948       274944        68736
        8592           32           1.338       549888       137472
        8592           64           1.723      1099776       274944
        8592          128           3.177      2199552       549888
        8592          256           5.575      4399104      1099776
        8592          512          10.625      8798208      2199552
        8592         1024          20.940     17596416      4399104
        8592         2048          46.617     35192832      8798208
        9408            1           0.648        18816         4704
        9408            2           0.967        37632         9408
        9408            4           0.840        75264        18816
        9408            8           0.956       150528        37632
        9408           16           0.853       301056        75264
        9408           32           1.181       602112       150528
        9408           64           1.780      1204224       301056
        9408          128           2.858      2408448       602112
        9408          256           5.310      4816896      1204224
        9408          512           9.912      9633792      2408448
        9408         1024          19.317     19267584      4816896
        9408         2048          38.349     38535168      9633792
       10320            1           0.409        20640         5160
       10320            2           0.707        41280        10320
       10320            4           0.574        82560        20640
       10320            8           0.903       165120        41280
       10320           16           0.941       330240        82560
       10320           32           1.315       660480       165120
       10320           64           1.922      1320960       330240
       10320          128           3.292      2641920       660480
       10320          256           6.018      5283840      1320960
       10320          512          11.308     10567680      2641920
       10320         1024          22.358     21135360      5283840
       10320         2048          44.124     42270720     10567680
       11328            1           0.458        22656         5664
       11328            2           0.655        45312        11328
       11328            4           0.382        90624        22656
       11328            8           0.932       181248        45312
       11328           16           0.974       362496        90624
       11328           32           1.116       724992       181248
       11328           64           1.900      1449984       362496
       11328          128           3.309      2899968       724992
       11328          256           6.215      5799936      1449984
       11328          512          11.934     11599872      2899968
       11328         1024          23.117     23199744      5799936
       11328         2048          45.902     46399488     11599872
       12432            1           0.692        24864         6216
       12432            2           0.737        49728        12432
       12432            4           0.746        99456        24864
       12432            8           0.760       198912        49728
       12432           16           0.969       397824        99456
       12432           32           1.300       795648       198912
       12432           64           2.222      1591296       397824
       12432          128           3.862      3182592       795648
       12432          256           6.987      6365184      1591296
       12432          512          13.416     12730368      3182592
       12432         1024          26.346     25460736      6365184
       12432         2048          52.467     50921472     12730368
       13632            1           0.859        27264         6816
       13632            2           0.633        54528        13632
       13632            4           0.674       109056        27264
       13632            8           0.771       218112        54528
       13632           16           0.962       436224       109056
       13632           32           1.381       872448       218112
       13632           64           2.170      1744896       436224
       13632          128           3.959      3489792       872448
       13632          256           7.252      6979584      1744896
       13632          512          14.101     13959168      3489792
       13632         1024          27.678     27918336      6979584
       13632         2048          61.983     55836672     13959168
       14976            1           0.891        29952         7488
       14976            2           0.616        59904        14976
       14976            4           0.565       119808        29952
       14976            8           1.030       239616        59904
       14976           16           1.464       479232       119808
       14976           32           2.185       958464       239616
       14976           64           3.968      1916928       479232
       14976          128           7.691      3833856       958464
       14976          256          14.927      7667712      1916928
       14976          512          29.632     15335424      3833856
       14976         1024          57.066     30670848      7667712
       14976         2048          95.954     61341696     15335424
       16464            1           1.259        32928         8232
       16464            2           0.636        65856        16464
       16464            4           1.022       131712        32928
       16464            8           0.968       263424        65856
       16464           16           1.118       526848       131712
       16464           32           1.816      1053696       263424
       16464           64           3.066      2107392       526848
       16464          128           7.665      4214784      1053696
       16464          256           9.447      8429568      2107392
       16464          512          21.085     16859136      4214784
       16464         1024          51.630     33718272      8429568
       18096            1           0.770        36192         9048
       18096            2           0.692        72384        18096
       18096            4           0.984       144768        36192
       18096            8           1.040       289536        72384
       18096           16           1.677       579072       144768
       18096           32           2.746      1158144       289536
       18096           64           4.518      2316288       579072
       18096          128           8.521      4632576      1158144
       18096          256          16.472      9265152      2316288
       18096          512          32.914     18530304      4632576
       18096         1024          65.249     37060608      9265152
       19872            1           1.521        39744         9936
       19872            2           0.595        79488        19872
       19872            4           0.900       158976        39744
       19872            8           1.232       317952        79488
       19872           16           1.996       635904       158976
       19872           32           3.030      1271808       317952
       19872           64           5.470      2543616       635904
       19872          128          10.234      5087232      1271808
       19872          256          20.493     10174464      2543616
       19872          512          37.901     20348928      5087232
       19872         1024          74.315     40697856     10174464
       21840            1           1.467        43680        10920
       21840            2           0.569        87360        21840
       21840            4           0.816       174720        43680
       21840            8           1.003       349440        87360
       21840           16           1.652       698880       174720
       21840           32           2.734      1397760       349440
       21840           64           4.969      2795520       698880
       21840          128          10.098      5591040      1397760
       21840          256          19.590     11182080      2795520
       21840          512          45.138     22364160      5591040
       21840         1024          97.516     44728320     11182080
       24000            1           1.816        48000        12000
       24000            2           0.591        96000        24000
       24000            4           0.764       192000        48000
       24000            8           1.183       384000        96000
       24000           16           1.760       768000       192000
       24000           32           3.088      1536000       384000
       24000           64           5.754      3072000       768000
       24000          128          11.363      6144000      1536000
       24000          256          20.668     12288000      3072000
       24000          512          38.439     24576000      6144000
       24000         1024          84.914     49152000     12288000
       26400            1           0.524        52800        13200
       26400            2           0.516       105600        26400
       26400            4           0.858       211200        52800
       26400            8           0.985       422400       105600
       26400           16           1.416       844800       211200
       26400           32           2.313      1689600       422400
       26400           64           4.066      3379200       844800
       26400          128           7.739      6758400      1689600
       26400          256          14.589     13516800      3379200
       26400          512          28.965     27033600      6758400
       26400         1024          72.367     54067200     13516800
       29040            1           0.567        58080        14520
       29040            2           0.775       116160        29040
       29040            4           0.955       232320        58080
       29040            8           1.122       464640       116160
       29040           16           1.489       929280       232320
       29040           32           2.472      1858560       464640
       29040           64           4.474      3717120       929280
       29040          128           8.261      7434240      1858560
       29040          256          15.857     14868480      3717120
       29040          512          30.948     29736960      7434240
       29040         1024          61.228     59473920     14868480
       31920            1           0.983        63840        15960
       31920            2           0.694       127680        31920
       31920            4           0.907       255360        63840
       31920            8           1.103       510720       127680
       31920           16           1.573      1021440       255360
       31920           32           2.598      2042880       510720
       31920           64           4.586      4085760      1021440
       31920          128           8.848      8171520      2042880
       31920          256          17.264     16343040      4085760
       31920          512          33.631     32686080      8171520
       35088            1           0.671        70176        17544
       35088            2           0.639       140352        35088
       35088            4           0.947       280704        70176
       35088            8           1.224       561408       140352
       35088           16           1.607      1122816       280704
       35088           32           2.907      2245632       561408
       35088           64           5.093      4491264      1122816
       35088          128           9.813      8982528      2245632
       35088          256          18.733     17965056      4491264
       35088          512          37.213     35930112      8982528
       38592            1           1.000        77184        19296
       38592            2           0.698       154368        38592
       38592            4           0.920       308736        77184
       38592            8           1.135       617472       154368
       38592           16           1.810      1234944       308736
       38592           32           3.007      2469888       617472
       38592           64           5.471      4939776      1234944
       38592          128          10.506      9879552      2469888
       38592          256          20.610     19759104      4939776
       38592          512          40.607     39518208      9879552
       42432            1           1.219        84864        21216
       42432            2           0.731       169728        42432
       42432            4           0.927       339456        84864
       42432            8           1.239       678912       169728
       42432           16           2.070      1357824       339456
       42432           32           3.250      2715648       678912
       42432           64           5.983      5431296      1357824
       42432          128          11.562     10862592      2715648
       42432          256          22.471     21725184      5431296
       42432          512          44.356     43450368     10862592
       46656            1           1.887        93312        23328
       46656            2           0.763       186624        46656
       46656            4           0.986       373248        93312
       46656            8           1.473       746496       186624
       46656           16           2.074      1492992       373248
       46656           32           3.638      2985984       746496
       46656           64           6.566      5971968      1492992
       46656          128          12.415     11943936      2985984
       46656          256          24.513     23887872      5971968
       46656          512          48.578     47775744     11943936
       51312            1           1.286       102624        25656
       51312            2           0.809       205248        51312
       51312            4           1.065       410496       102624
       51312            8           1.399       820992       205248
       51312           16           2.269      1641984       410496
       51312           32           3.861      3283968       820992
       51312           64           7.149      6567936      1641984
       51312          128          13.725     13135872      3283968
       51312          256          26.976     26271744      6567936
       51312          512          53.372     52543488     13135872
       56400            1           0.853       112800        28200
       56400            2           0.819       225600        56400
       56400            4           1.014       451200       112800
       56400            8           1.574       902400       225600
       56400           16           2.482      1804800       451200
       56400           32           4.229      3609600       902400
       56400           64           7.671      7219200      1804800
       56400          128          15.023     14438400      3609600
       56400          256          31.153     28876800      7219200
       56400          512          78.740     57753600     14438400
       62016            1           1.868       124032        31008
       62016            2           0.985       248064        62016
       62016            4           1.144       496128       124032
       62016            8           1.532       992256       248064
       62016           16           2.683      1984512       496128
       62016           32           4.498      3969024       992256
       62016           64           8.498      7938048      1984512
       62016          128          16.269     15876096      3969024
       62016          256          31.957     31752192      7938048
       68208            1           1.628       136416        34104
       68208            2           0.756       272832        68208
       68208            4           1.155       545664       136416
       68208            8           1.699      1091328       272832
       68208           16           2.674      2182656       545664
       68208           32           4.863      4365312      1091328
       68208           64           9.246      8730624      2182656
       68208          128          17.786     17461248      4365312
       68208          256          35.175     34922496      8730624
       75024            1           1.407       150048        37512
       75024            2           0.757       300096        75024
       75024            4           1.289       600192       150048
       75024            8           1.826      1200384       300096
       75024           16           2.960      2400768       600192
       75024           32           5.273      4801536      1200384
       75024           64          10.068      9603072      2400768
       75024          128          19.768     19206144      4801536
       75024          256          39.205     38412288      9603072
       82512            1           1.160       165024        41256
       82512            2           0.875       330048        82512
       82512            4           1.323       660096       165024
       82512            8           2.073      1320192       330048
       82512           16           3.156      2640384       660096
       82512           32           5.735      5280768      1320192
       82512           64          10.960     10561536      2640384
       82512          128          21.349     21123072      5280768
       82512          256          42.112     42246144     10561536
       90720            1           2.010       181440        45360
       90720            2           1.061       362880        90720
       90720            4           1.431       725760       181440
       90720            8           2.077      1451520       362880
       90720           16           3.424      2903040       725760
       90720           32           6.258      5806080      1451520
       90720           64          11.875     11612160      2903040
       90720          128          23.691     23224320      5806080
       90720          256          46.532     46448640     11612160
       99792            1           2.112       199584        49896
       99792            2           0.941       399168        99792
       99792            4           1.442       798336       199584
       99792            8           2.238      1596672       399168
       99792           16           3.808      3193344       798336
       99792           32           6.935      6386688      1596672
       99792           64          13.120     12773376      3193344
       99792          128          25.836     25546752      6386688
       99792          256          51.083     51093504     12773376
      109728            1           1.625       219456        54864
      109728            2           1.210       438912       109728
      109728            4           1.483       877824       219456
      109728            8           2.361      1755648       438912
      109728           16           4.103      3511296       877824
      109728           32           7.533      7022592      1755648
      109728           64          14.333     14045184      3511296
      109728          128          28.326     28090368      7022592
      109728          256          56.121     56180736     14045184
      120672            1           1.981       241344        60336
      120672            2           1.312       482688       120672
      120672            4           1.609       965376       241344
      120672            8           2.561      1930752       482688
      120672           16           4.312      3861504       965376
      120672           32           8.109      7723008      1930752
      120672           64          15.642     15446016      3861504
      120672          128          30.729     30892032      7723008
      120672          256          76.667     61784064     15446016
      132720            1           2.093       265440        66360
      132720            2           1.211       530880       132720
      132720            4           1.735      1061760       265440
      132720            8           2.717      2123520       530880
      132720           16           4.763      4247040      1061760
      132720           32           8.855      8494080      2123520
      132720           64          17.379     16988160      4247040
      132720          128          33.915     33976320      8494080
      145968            1           2.162       291936        72984
      145968            2           1.366       583872       145968
      145968            4           1.903      1167744       291936
      145968            8           3.017      2335488       583872
      145968           16           5.339      4670976      1167744
      145968           32           9.709      9341952      2335488
      145968           64          18.907     18683904      4670976
      145968          128          37.275     37367808      9341952
      160560            1           2.312       321120        80280
      160560            2           1.482       642240       160560
      160560            4           1.986      1284480       321120
      160560            8           3.164      2568960       642240
      160560           16           5.608      5137920      1284480
      160560           32          10.788     10275840      2568960
      160560           64          20.765     20551680      5137920
      160560          128          41.083     41103360     10275840
      176592            1           2.978       353184        88296
      176592            2           1.508       706368       176592
      176592            4           2.396      1412736       353184
      176592            8           3.586      2825472       706368
      176592           16           6.249      5650944      1412736
      176592           32          12.011     11301888      2825472
      176592           64          23.200     22603776      5650944
      176592          128          45.779     45207552     11301888
      194208            1           3.708       388416        97104
      194208            2           1.627       776832       194208
      194208            4           2.373      1553664       388416
      194208            8           3.881      3107328       776832
      194208           16           6.879      6214656      1553664
      194208           32          13.084     12429312      3107328
      194208           64          25.226     24858624      6214656
      194208          128          49.970     49717248     12429312
      213600            1           3.873       427200       106800
      213600            2           1.880       854400       213600
      213600            4           2.949      1708800       427200
      213600            8           5.119      3417600       854400
      213600           16           9.584      6835200      1708800
      213600           32          18.251     13670400      3417600
      213600           64          35.910     27340800      6835200
      213600          128          71.016     54681600     13670400
      234960            1           4.170       469920       117480
      234960            2           2.075       939840       234960
      234960            4           3.395      1879680       469920
      234960            8           5.911      3759360       939840
      234960           16          11.331      7518720      1879680
      234960           32          21.417     15037440      3759360
      234960           64          42.276     30074880      7518720
      234960          128          83.886     60149760     15037440
      258432            1           3.611       516864       129216
      258432            2           2.397      1033728       258432
      258432            4           3.711      2067456       516864
      258432            8           6.555      4134912      1033728
      258432           16          12.251      8269824      2067456
      258432           32          23.871     16539648      4134912
      258432           64          47.005     33079296      8269824
      284256            1           4.004       568512       142128
      284256            2           2.582      1137024       284256
      284256            4           4.036      2274048       568512
      284256            8           7.234      4548096      1137024
      284256           16          13.553      9096192      2274048
      284256           32          26.283     18192384      4548096
      284256           64          51.720     36384768      9096192
      312672            1           5.050       625344       156336
      312672            2           2.815      1250688       312672
      312672            4           4.447      2501376       625344
      312672            8           7.833      5002752      1250688
      312672           16          14.817     10005504      2501376
      312672           32          28.725     20011008      5002752
      312672           64          56.510     40022016     10005504
      343920            1           4.870       687840       171960
      343920            2           2.827      1375680       343920
      343920            4           5.024      2751360       687840
      343920            8           8.585      5502720      1375680
      343920           16          16.148     11005440      2751360
      343920           32          31.395     22010880      5502720
      343920           64          62.199     44021760     11005440
      378288            1           6.028       756576       189144
      378288            2           4.191      1513152       378288
      378288            4           6.704      3026304       756576
      378288            8           9.312      6052608      1513152
      378288           16          17.640     12105216      3026304
      378288           32          34.419     24210432      6052608
      378288           64          67.839     48420864     12105216
      416112            1           5.908       832224       208056
      416112            2           3.393      1664448       416112
      416112            4           5.581      3328896       832224
      416112            8          10.270      6657792      1664448
      416112           16          19.575     13315584      3328896
      416112           32          38.417     26631168      6657792
      416112           64          75.363     53262336     13315584
      457680            1           6.506       915360       228840
      457680            2           5.340      1830720       457680
      457680            4           8.447      3661440       915360
      457680            8          12.505      7322880      1830720
      457680           16          21.425     14645760      3661440
      457680           32          41.690     29291520      7322880
      457680           64          82.011     58583040     14645760
      503424            1           6.414      1006848       251712
      503424            2           4.002      2013696       503424
      503424            4           6.829      4027392      1006848
      503424            8          12.262      8054784      2013696
      503424           16          23.403     16109568      4027392
      503424           32          45.664     32219136      8054784
      553728            1           8.056      1107456       276864
      553728            2           4.303      2214912       553728
      553728            4           7.262      4429824      1107456
      553728            8          13.319      8859648      2214912
      553728           16          32.080     17719296      4429824
      553728           32          50.128     35438592      8859648
      609072            1           9.128      1218144       304536
      609072            2           4.694      2436288       609072
      609072            4           8.101      4872576      1218144
      609072            8          14.905      9745152      2436288
      609072           16          28.411     19490304      4872576
      609072           32          55.568     38980608      9745152
      669936            1           8.945      1339872       334968
      669936            2           5.151      2679744       669936
      669936            4           8.810      5359488      1339872
      669936            8          16.263     10718976      2679744
      669936           16          31.102     21437952      5359488
      669936           32          65.223     42875904     10718976
      736896            1          10.757      1473792       368448
      736896            2           5.636      2947584       736896
      736896            4           9.630      5895168      1473792
      736896            8          17.717     11790336      2947584
      736896           16          34.018     23580672      5895168
      736896           32          66.765     47161344     11790336
      810576            1          11.613      1621152       405288
      810576            2           6.299      3242304       810576
      810576            4          10.769      6484608      1621152
      810576            8          19.490     12969216      3242304
      810576           16          37.515     25938432      6484608
      810576           32          93.436     51876864     12969216
      891600            1          12.631      1783200       445800
      891600            2           6.583      3566400       891600
      891600            4          11.408      7132800      1783200
      891600            8          21.363     14265600      3566400
      891600           16          41.150     28531200      7132800
      891600           32          80.837     57062400     14265600
      980736            1          13.764      1961472       490368
      980736            2           7.124      3922944       980736
      980736            4          12.481      7845888      1961472
      980736            8          23.404     15691776      3922944
      980736           16          45.063     31383552      7845888
     1078800            1          19.888      2157600       539400
     1078800            2           7.929      4315200      1078800
     1078800            4          13.765      8630400      2157600
     1078800            8          26.005     17260800      4315200
     1078800           16          49.723     34521600      8630400
     1186656            1          15.606      2373312       593328
     1186656            2           8.869      4746624      1186656
     1186656            4          15.466      9493248      2373312
     1186656            8          28.602     18986496      4746624
     1186656           16          65.635     37972992      9493248
     1305312            1          18.245      2610624       652656
     1305312            2           9.489      5221248      1305312
     1305312            4          16.900     10442496      2610624
     1305312            8          31.377     20884992      5221248
     1305312           16          60.038     41769984     10442496
     1435824            1          19.456      2871648       717912
     1435824            2          10.402      5743296      1435824
     1435824            4          18.536     11486592      2871648
     1435824            8          34.267     22973184      5743296
     1435824           16          66.029     45946368     11486592
     1579392            1          21.335      3158784       789696
     1579392            2          11.358      6317568      1579392
     1579392            4          20.127     12635136      3158784
     1579392            8          37.744     25270272      6317568
     1579392           16          72.695     50540544     12635136
     1737312            1          22.439      3474624       868656
     1737312            2          12.489      6949248      1737312
     1737312            4          22.360     13898496      3474624
     1737312            8          41.627     27796992      6949248
     1737312           16          79.855     55593984     13898496
     1911024            1          25.493      3822048       955512
     1911024            2          13.842      7644096      1911024
     1911024            4          24.335     15288192      3822048
     1911024            8          45.625     30576384      7644096
     1911024           16          87.916     61152768     15288192
     2102112            1          28.488      4204224      1051056
     2102112            2          15.099      8408448      2102112
     2102112            4          26.882     16816896      4204224
     2102112            8          50.031     33633792      8408448
     2312304            1          32.263      4624608      1156152
     2312304            2          16.684      9249216      2312304
     2312304            4          29.448     18498432      4624608
     2312304            8          54.709     36996864      9249216
     2543520            1          43.514      5087040      1271760
     2543520            2          18.635     10174080      2543520
     2543520            4          32.449     20348160      5087040
     2543520            8          60.192     40696320     10174080
     2797872            1          37.520      5595744      1398936
     2797872            2          20.384     11191488      2797872
     2797872            4          35.161     22382976      5595744
     2797872            8          66.163     44765952     11191488
     3077616            1          41.325      6155232      1538808
     3077616            2          24.675     12310464      3077616
     3077616            4          39.066     24620928      6155232
     3077616            8          73.000     49241856     12310464
     3385344            1          57.358      6770688      1692672
     3385344            2          38.963     13541376      3385344
     3385344            4          66.224     27082752      6770688
     3385344            8          80.057     54165504     13541376
     3723840            1          49.308      7447680      1861920
     3723840            2          30.253     14895360      3723840
     3723840            4          49.545     29790720      7447680
     3723840            8          91.427     59581440     14895360
     4096224            1          52.071      8192448      2048112
     4096224            2          33.542     16384896      4096224
     4096224            4          54.272     32769792      8192448
     4505808            1          58.389      9011616      2252904
     4505808            2          41.362     18023232      4505808
     4505808            4          66.849     36046464      9011616
     4956384            1          65.100      9912768      2478192
     4956384            2          50.142     19825536      4956384
     4956384            4          80.108     39651072      9912768
     5451984            1          64.886     10903968      2725992
     5451984            2          51.527     21807936      5451984
     5451984            4          79.946     43615872     10903968
     5997168            1          70.600     11994336      2998584
     5997168            2          62.490     23988672      5997168
     5997168            4          93.076     47977344     11994336
     6596880            1          70.817     13193760      3298440
     6596880            2          76.966     26387520      6596880
     6596880            4         111.009     52775040     13193760
     7256544            1          73.272     14513088      3628272
     7256544            2          88.737     29026176      7256544
     7256544            4         130.958     58052352     14513088
     7982160            1          78.996     15964320      3991080
     7982160            2         105.782     31928640      7982160
     8780352            1          84.312     17560704      4390176
     8780352            2         123.486     35121408      8780352
     9658368            1          91.708     19316736      4829184
     9658368            2         140.765     38633472      9658368
    10624176            1         101.506     21248352      5312088
    10624176            2         159.746     42496704     10624176
    11686560            1         113.803     23373120      5843280
    11686560            2         177.850     46746240     11686560
    12855216            1         123.043     25710432      6427608
    12855216            2         197.983     51420864     12855216
    14140704            1         137.827     28281408      7070352
    14140704            2         223.780     56562816     14140704
    15554736            1         149.921     31109472      7777368
    17110176            1         174.976     34220352      8555088
    18821184            1         204.241     37642368      9410592
    20703264            1         229.303     41406528     10351632
    22773552            1         262.898     45547104     11386776
    25050864            1         302.391     50101728     12525432
    27555936            1         342.299     55111872     13777968
    30311520            1         403.236     60623040     15155760

META_DATA
FLOPS          4
OPENMP_THREADS 6
ERT_VERSION  1.1.0
HOSTNAME  ('cirrus4.computing.clemson.edu', ['cirrus4'], ['127.0.1.1'])
UNAME  uname_result(system='Linux', node='cirrus4.computing.clemson.edu', release='5.4.0-81-generic', version='#91-Ubuntu SMP Thu Jul 15 19:09:17 UTC 2021', machine='x86_64', processor='x86_64')
TIMESTAMP_DATA  1632245416.8241508
CONFIG  {'ERT_RESULTS': ['Results.cs.clemson.edu'], 'ERT_DRIVER': ['driver1'], 'ERT_KERNEL': ['kernel1'], 'ERT_MPI': ['False'], 'ERT_MPI_CFLAGS': [], 'ERT_MPI_LDFLAGS': [], 'ERT_OPENMP': ['True'], 'ERT_OPENMP_CFLAGS': ['-fopenmp'], 'ERT_OPENMP_LDFLAGS': ['-fopenmp'], 'ERT_FLOPS': ['1,2,4'], 'ERT_ALIGN': ['32'], 'ERT_CC': ['g++'], 'ERT_CFLAGS': ['-O3', '-std=c++11', '-fstrict-aliasing', '-march=native'], 'ERT_LD': ['g++'], 'ERT_LDFLAGS': [], 'ERT_LDLIBS': [], 'ERT_PRECISION': ['FP64'], 'ERT_RUN': ['export', 'OMP_NUM_THREADS=ERT_OPENMP_THREADS;', 'export', 'OMP_PLACES=threads;', 'export', 'OMP_PROC_BIND=spread;', './ERT_CODE'], 'ERT_PROCS_THREADS': ['8'], 'ERT_MPI_PROCS': ['2,4,8'], 'ERT_OPENMP_THREADS': ['1-8'], 'ERT_NUM_EXPERIMENTS': ['5'], 'ERT_MEMORY_MAX': ['31000000'], 'ERT_WORKING_SET_MIN': ['1'], 'ERT_TRIALS_MIN': ['1'], 'ERT_GNUPLOT': ['gnuplot'], 'ERT_GPU': [False], 'ERT_HIP': [False], 'ERT_OCL': [False], 'ERT_SYCL': [False], 'ERT_WSS_MULT': [1.1]}
