fp64
 32 524288 1006.427 1256.264 2902.839 11.559177756672003 26.709697961574957 33.34015482494011 0.7224486097920002 1.6693561225984348 2.0837596765587567
 64 262144 481.215 647.592 1072.743 31.279096670870846 51.81415459116234 69.72856623338842 1.9549435419294279 3.2383846619476464 4.358035389586776
 96 262144 538.6 792.029 1058.133 47.566466597299204 63.54773373197194 93.44903082064613 2.9729041623312003 3.971733358248246 5.840564426290383
 128 131072 269.691 356.694 593.277 56.55778329515555 94.07063757730717 124.41806363579062 3.534861455947222 5.879414848581698 7.7761289772369135
 160 131072 267.243 289.73 595.875 70.38899097965177 144.76595450937077 156.94719786860648 4.399311936228235 9.047872156835673 9.809199866787905
 192 131072 276.841 294.67 406.871 123.704191254722 170.80682797705907 181.80705892552044 7.731511953420125 10.675426748566192 11.362941182845027
 224 131072 291.788 336.609 399.539 146.97002295145157 174.44648241728535 201.24287496401496 9.185626434465723 10.902905151080335 12.577679685250935
 256 65536 135.227 153.993 197.982 169.48223575880635 217.89582643366907 248.13411522846772 10.592639734925397 13.618489152104317 15.508382201779233
 288 65536 144.98 164.35 198.629 190.04644840380809 229.68503802859752 260.3720237274107 11.877903025238005 14.355314876787345 16.27325148296317
 320 65536 144.743 176.598 198.286 211.52799491643384 237.50574751695942 289.7759477142245 13.220499682277115 14.844109219809964 18.110996732139032
 352 65536 145.373 199.057 209.019 220.73277548930955 231.77956062836273 317.372166770996 13.795798468081847 14.48622253927267 19.83576042318725
 384 65536 147.196 154.037 198.153 254.00396663184512 326.7503781558976 341.936248267616 15.87524791449032 20.4218986347436 21.371015516726
 416 65536 145.655 176.608 199.578 273.2062251350349 308.7399891284653 374.35001888023066 17.075389070939682 19.296249320529082 23.396876180014416
 448 65536 146.159 199.907 218.594 268.62702544443124 293.7378681086705 401.75600544612377 16.789189090276952 18.358616756791907 25.109750340382735
 480 32768 71.436 100.096 110.021 285.9206878686796 314.2710997442455 440.3561229632117 17.870042991792474 19.641943734015342 27.52225768520073
 512 32768 71.872 82.838 89.825 373.55337600890624 405.0608657862334 466.86375779162955 23.34708600055664 25.31630411163959 29.178984861976847
 544 32768 71.363 90.051 95.96 371.5254689453939 395.90436530410545 499.5807911662906 23.22034180908712 24.74402283150659 31.223799447893164
 576 32768 71.459 105.483 105.894 356.4766275709672 357.86558971587834 528.2572664045116 22.27978922318545 22.366599357242396 33.016079150281975
 608 32768 74.666 119.472 124.987 318.80025922695967 333.5165394402036 533.6550504915224 19.92501620168498 20.844783715012724 33.35344065572015
 640 32768 86.954 87.504 90.488 463.52046680222793 479.3271164746754 482.3589484095039 28.970029175139246 29.957944779667212 30.147434275593994
 704 32768 115.09 116.989 121.762 378.9141439858083 394.3733513407243 400.8805630376227 23.68213399911302 24.64833445879527 25.05503518985142
 768 32768 94.366 98.485 101.828 494.2810229013631 511.0590242168858 533.3663395714558 30.892563931335193 31.941189013555363 33.33539622321599
 832 32768 112.106 133.073 146.609 371.9140844013669 409.7446664612656 486.37853460118106 23.24463027508543 25.6090416538291 30.398658412573816
 896 32768 109.208 109.307 131.669 445.9687246048804 537.2048999606612 537.6918907039777 27.873045287805024 33.57530624754133 33.60574316899861
 960 16384 53.923 69.294 75.679 415.6672260468557 453.9683089444974 583.3740704337666 25.979201627928482 28.373019309031086 36.460879402110415
 1056 16384 60.131 73.259 92.22 375.22238126219906 472.3379789513916 575.4603781743194 23.45139882888744 29.521123684461976 35.966273635894964
 1152 16384 66.242 73.318 81.355 464.00019666892007 514.8631441119508 569.8610549198393 29.000012291807504 32.17894650699692 35.616315932489954
 1248 16384 67.569 92.799 100.877 405.3893751796743 440.6778521320272 605.2252364249878 25.336835948729643 27.5423657582517 37.826577276561736
 1344 16384 71.475 88.384 96.438 456.6684501959808 498.2824040550326 616.1621825813222 28.5417781372488 31.142650253439538 38.51013641133264
 1472 16384 76.178 99.741 102.902 468.74206526598124 483.59747746663857 633.1814434613668 29.296379079123827 30.22484234166491 39.57384021633543
 1600 16384 81.336 104.941 110.476 474.57185271009087 499.60263386093135 644.5952591718304 29.66074079438068 31.22516461630821 40.2872036982394
 1760 16384 85.98 120.011 122.684 470.08314042580946 480.5532826157602 670.7569202140033 29.38019627661309 30.034580163485014 41.92230751337521
 1920 8192 39.95 52.119 62.739 501.3991297279204 603.5664536925113 787.4162703379222 31.337445607995026 37.72290335578196 49.21351689612014
 2112 8192 53.604 63.228 68.797 502.9726296204776 547.2734864300626 645.5303335571972 31.43578935127985 34.20459290187891 40.345645847324825
 2304 8192 48.149 66.715 138.613 272.33185920512506 565.8208199055684 783.9983384909343 17.020741200320316 35.36380124409803 48.999896155683395
 2528 8192 56.353 75.794 81.553 507.8752712959671 546.4647861308283 734.987525065214 31.742204455997943 34.15404913317677 45.93672031657587
 2752 8192 59.097 79.363 112.934 399.24883560309564 568.1333618940816 762.9620454506997 24.953052225193478 35.5083351183801 47.685127840668734
 3008 8192 62.711 91.969 116.576 422.75487235794674 535.8661288042709 785.8760345075026 26.42217952237167 33.491633050266934 49.11725215671891
 3296 8192 67.331 94.894 109.175 494.6339729791619 569.0735346808017 802.0327041036074 30.91462331119762 35.567095917550105 50.127044006475465
 3616 8192 71.298 100.365 103.452 572.6766423075436 590.2908782942261 830.942579034475 35.792290144221475 36.89317989338913 51.93391118965469
 3968 4096 37.828 51.244 53.8 604.1980669144981 634.3348684724066 859.306756899651 37.76237918215613 39.64592927952541 53.706672306228185
 4352 4096 49.785 78.54 81.964 434.9663754819189 453.92900432900433 716.1109571155971 27.18539846761993 28.37056277056277 44.75693481972482
 4768 4096 44.689 66.417 66.872 584.092834071061 588.0942529774004 874.0284186265077 36.505802129441314 36.755890811087525 54.62677616415673
 5216 4096 57.569 87.689 88.252 484.1756787381589 487.2842887933492 742.2305754833329 30.260979921134933 30.455268049584326 46.38941096770831
 5728 4096 59.022 100.117 102.935 455.85831835624424 468.68939340971065 795.0217884856495 28.491144897265265 29.293087088106915 49.68886178035309
 6272 4096 56.304 82.053 85.533 600.7064407889353 626.1833692857057 912.5501562944019 37.54415254930846 39.136460580356605 57.034384768400116
 6880 4096 62.402 96.454 152.046 370.68360890783055 584.3299396603563 903.1915643729368 23.16772555673941 36.52062122877227 56.44947277330855
 7552 4096 66.698 98.057 104.663 591.0969874740834 630.9185881681063 927.5538097094367 36.943561717130216 39.432411760506646 57.97211310683979
 8288 2048 37.282 58.133 60.249 563.4557917973741 583.9651832866014 910.5640255351107 35.21598698733588 36.497823955412585 56.910251595944416
 9088 2048 39.809 61.449 78.518 474.0880817137472 605.7779296652509 935.0761888015273 29.6305051071092 37.86112060407818 58.44226180009546
 9984 2048 48.295 76.167 78.347 521.9659208393429 536.905273937532 846.7639300134589 32.62287005245893 33.55657962109575 52.92274562584118
 10976 2048 53.01 82.265 93.064 483.08364136508214 546.4984622865131 848.0983965289569 30.192727585317634 34.15615389290707 53.006149783059804
 12064 2048 52.153 77.288 85.231 579.7672677781559 639.3507918434944 947.4842099208099 36.23545423613474 39.9594244902184 59.21776312005062
 13248 2048 62.297 95.912 103.666 523.4484594756236 565.7666194011176 871.0500987206445 32.715528717226476 35.36041371256985 54.440631170040284
 14560 2048 67.965 105.643 115.72 515.3625993778085 564.5216436488929 877.4775251967924 32.21016246111303 35.28260272805581 54.842345324799524
 16000 1024 36.733 57.265 63.235 518.1940381118052 572.2168864053086 892.0589116053685 32.387127381987824 35.76355540033179 55.75368197533553
 17600 1024 40.736 63.627 69.178 521.0442626268467 566.5016423845223 884.8389630793403 32.56526641417792 35.40635264903264 55.302435192458766
 19360 1024 44.014 68.023 76.8 516.2666666666668 582.8804963027212 900.8333712000727 32.26666666666667 36.430031018920076 56.30208570000455
 21280 1024 48.561 74.269 82.774 526.5112233309976 586.8052619531702 897.4576306089249 32.90695145818735 36.67532887207314 56.091101913057805
 23392 1024 63.083 81.978 95.283 502.7845051058426 584.386249969504 759.4251383098458 31.42403156911516 36.524140623094 47.46407114436536
 25728 1024 57.903 89.718 98.219 536.463861371018 587.2951247241357 909.9864255738046 33.52899133568862 36.70594529525848 56.874151598362786
 28288 1024 63.482 99.803 125.627 461.15742634943126 580.4817891245755 912.6023754765131 28.822339146839454 36.28011182028597 57.03764846728207
 31104 512 35.002 52.913 53.274 597.8619213875436 601.9408462948613 909.9621735900805 37.366370086721474 37.62130289342883 56.87263584938003
 34208 512 38.57 58.318 66.895 523.6414081769938 600.6548921430776 908.192688618097 32.72758801106211 37.54093075894235 56.76204303863106
 37600 512 42.18 64.981 68.595 561.3003863255339 592.5178128991552 912.8117591275486 35.081274145345866 37.0323633061972 57.05073494547179
 41344 512 48.576 71.806 72.606 583.0958323003609 589.5921789265522 871.5467720685111 36.44348951877256 36.84951118290951 54.471673254281946
 45472 512 52.509 77.278 78.606 592.3635345902348 602.5431299981884 886.7685158734693 37.02272091188968 37.658945624886776 55.42303224209183
 50016 512 56.069 84.933 87.036 588.4505721770302 603.0210165659989 913.4527813943533 36.778160761064385 37.68881353537493 57.090798837147084
 55008 512 61.156 94.745 96.389 584.3840272230234 594.5241648635812 921.0574923147361 36.52400170143896 37.157760303973824 57.56609326967101
 60480 512 66.801 102.23 105.672 586.0731319554849 605.8057321725521 927.1046840616158 36.629570747217805 37.862858260784506 57.94404275385099
 66528 256 37.057 57.28 61.795 551.2150821263856 594.663687150838 919.1876298675013 34.4509426328991 37.16648044692737 57.44922686671883
 73152 256 41.589 63.463 65.611 570.8467177759826 590.167877345855 900.570439298853 35.67791986099891 36.88549233411594 56.28565245617831
 80448 256 44.212 70.302 80.699 510.40751434342434 585.8919518648117 931.6334026961006 31.90046964646402 36.618246991550734 58.227087668506286
 88480 256 48.954 77.571 97.591 464.2001823938684 584.0038158590196 925.3944519344692 29.012511399616773 36.500238491188725 57.837153245904325
 97312 256 54.82 79.412 94.459 527.4642331593602 627.4082506422203 908.8607077708866 32.966514572460014 39.21301566513877 56.803794235680414
 107040 256 60.692 104.118 105.938 517.3259831222035 526.3689275629574 902.9934752520926 32.33287394513772 32.89805797268484 56.43709220325579
 117728 256 74.824 122.028 135.761 443.9915439632884 493.9582390926672 805.5802416337003 27.749471497705525 30.8723899432917 50.34876510210627
 129472 128 44.461 70.6 71.084 466.2769680940859 469.47354107648727 745.4810283169519 29.142310505880367 29.342096317280454 46.59256426980949
 142400 128 56.579 79.677 82.618 441.2404076593478 457.52726633783897 644.3097262235104 27.577525478709237 28.595454146114935 40.2693578889694
 156640 128 77.367 87.002 91.307 439.17596679334554 460.9071055837797 518.3067716209753 27.448497924584096 28.80669409898623 32.394173226310954
 172288 128 76.647 96.208 104.792 420.88831208489194 458.4413770164643 575.4397171448328 26.305519505305746 28.652586063529018 35.96498232155205
 189504 128 84.137 107.206 117.186 413.9831037837284 452.52153797362087 576.5956000332791 25.873943986483024 28.282596123351304 36.03722500207994
 208448 128 101.441 115.866 122.767 434.6663842889376 460.5551930678542 526.0465492256582 27.1666490180586 28.784699566740887 32.877909326603636
 229280 128 101.585 136.001 165.913 353.7738453285758 431.5827089506694 577.7986907515874 22.11086533303599 26.97391930941684 36.11241817197421
 252192 64 56.355 72.511 85.445 377.7936216279478 445.18177931624166 572.8076656907107 23.612101351746738 27.823861207265104 35.80047910566942
 277408 64 61.612 82.766 91.938 386.21923470164677 429.0194524321581 576.3199376744789 24.138702168852923 26.813715777009882 36.01999610465493
 305120 64 79.85 85.171 101.63 384.2896782446128 458.55232414789066 489.10907952410776 24.0181048902883 28.659520259243166 30.569317470256735
 335616 64 91.676 104.996 112.983 380.2239983006293 409.1474722846585 468.59426676556564 23.763999893789332 25.571717017791155 29.287141672847852
 369152 64 82.181 105.321 119.949 393.92955339352557 448.64230305447154 574.9681313198915 24.620597087095348 28.04014394090447 35.93550820749322
 406048 64 89.638 121.876 128.906 403.1941414674259 426.4510157865371 579.8226644949685 25.199633841714117 26.653188486658568 36.23891653093553
 446624 64 103.886 131.199 146.807 389.40835246275725 435.73405285101256 550.2942841191306 24.338022028922328 27.233378303188285 34.39339275744566
 491264 32 55.439 70.313 81.334 386.56522487520596 447.1562300001423 567.1259582604304 24.160326554700372 27.947264375008892 35.4453723912769
 540384 32 60.996 78.896 91.988 375.96834369700395 438.3565199756642 566.9974424552429 23.498021481062747 27.39728249847901 35.43734015345268
 594400 32 73.548 83.458 101.557 374.5837313036029 455.8172973232045 517.2350029912437 23.411483206475182 28.488581082700282 32.32718768695273
 653824 32 76.561 96.037 135.426 308.9859849659593 435.7147349459063 546.5541986128708 19.311624060372456 27.232170934119143 34.159637413304424
 719200 32 86.469 105.069 125.979 365.3688313131554 438.0816415879089 532.3156275659486 22.835551957072212 27.380102599244307 33.26972672287179
 791104 32 91.205 112.23 207.26 244.28570877159126 451.13299474293865 555.130266980977 15.267856798224454 28.195812171433666 34.69564168631106
 870208 32 97.531 144.008 152.103 366.15525006081407 386.7376256874618 571.0318975505223 22.88470312880088 24.17110160546636 35.689493596907646
 957216 32 106.879 150.817 165.238 370.749004466285 406.1997254951365 573.1885964501913 23.17181277914281 25.38748284344603 35.82428727813696
 1052928 16 60.22 72.096 92.388 364.6977529549292 467.3448735019973 559.5100631019595 22.793609559683073 29.209054593874832 34.96937894387247
 1158208 16 71.888 89.067 102.643 361.08313280009355 416.12107739117744 515.5610950367238 22.567695800005847 26.00756733694859 32.22256843979524
 1274016 16 74.927 97.464 114.93 354.72471939441397 418.29303127308543 544.1097601665621 22.170294962150873 26.14331445456784 34.00686001041013
 1401408 16 80.126 110.018 128.26 349.6417901138313 407.61562653383993 559.6817013204204 21.852611882114456 25.475976658364996 34.980106332526276
 1541536 16 90.52 121.389 121.948 404.5097254567521 406.3725049221923 544.9530711444985 25.281857841047007 25.39828155763702 34.059566946531156
 1695680 16 108.49 120.949 135.055 401.7752767391063 448.6333909333686 500.15448428426583 25.110954796194143 28.03958693333554 31.259655267766615
 1865248 16 106.199 155.707 170.641 349.78660462608633 383.3349560392275 562.038587933973 21.861662789130396 23.95843475245172 35.12741174587331
 2051744 8 63.635 84.828 94.068 348.98056724922395 386.9937284858772 515.8781173882297 21.811285453076497 24.187108030367327 32.24238233676436
 2256896 8 72.336 98.775 103.837 347.75981586525035 365.5817362692989 499.20283123202836 21.734988491578147 22.848858516831182 31.200176952001772
 2482560 8 73.869 96.265 120.157 330.5754970580158 412.6209941307848 537.7216423668928 20.660968566125987 25.78881213317405 33.6076026479308
 2730816 8 92.947 118.17 123.439 353.96475992190483 369.7474485910129 470.0857047564741 22.122797495119052 23.109215536938308 29.380356547279632
 3003872 8 90.215 132.309 141.689 339.20736260401304 363.2553492203856 532.7490106966691 21.200460162750815 22.7034593262741 33.29681316854182
 3304256 8 102.081 147.402 161.759 326.83248536402925 358.66606965984187 517.9033904448429 20.42703033525183 22.416629353740117 32.36896190280268
 3634656 8 117.586 166.716 189.065 307.58996112448096 348.8237241776434 494.5698977769463 19.22437257028006 21.80148276110271 30.910618611059142
 3998112 4 77.735 97.464 119.4 267.8802010050251 328.17138635803985 411.46068051714155 16.74251256281407 20.51071164737749 25.716292532321347
 4397920 4 92.711 122.621 146.719 239.80098010482624 286.92768775332115 379.49498980703476 14.98756125655164 17.932980484582572 23.718436862939672
 4837696 4 113.706 152.732 169.854 227.85196698340926 253.39528062226645 340.36522259159585 14.240747936463078 15.837205038891653 21.27282641197474
 5321440 4 140.689 175.463 192.794 220.81351079390436 242.62391501342165 302.59309540902274 13.800844424619022 15.163994688338853 18.91206846306392
 5853568 4 170.139 203.022 215.52 217.28166295471416 230.65748539567142 275.23697682483146 13.580103934669635 14.416092837229463 17.202311051551966
 6438912 4 197.586 208.124 240.708 213.9991026471908 247.50291172570198 260.70316722844734 13.374943915449425 15.468931982856374 16.29394795177796
 7082784 4 223.222 230.574 266.694 212.4617426713762 245.7444117723594 253.8382059116037 13.278858916961012 15.359025735772462 15.86488786947523
 7791040 2 165.398 169.532 197.631 157.68862172432463 183.82464667437415 188.41920700371224 9.85553885777029 11.489040417148384 11.776200437732015
 8570144 2 184.27 191.774 230.634 148.63626351708768 178.75507628771368 186.03449286373254 9.28976646981798 11.172192267982105 11.627155803983284
 9427136 2 199.998 211.012 245.054 153.8785084103912 178.70331545125393 188.54460544605448 9.61740677564945 11.16895721570337 11.784037840378405
 10369824 2 223.738 249.336 273.639 151.58400666571652 166.3590335932236 185.3922713173444 9.474000416607282 10.397439599576474 11.587016957334026
 11406784 2 247.735 282.002 318.282 143.35443411817195 161.7972071120063 184.17718933537853 8.959652132385747 10.112325444500394 11.511074333461158
 12547456 2 272.244 301.174 371.723 135.019420374849 166.64726702836236 184.35603355813166 8.438713773428063 10.415454189272648 11.522252097383229
 13802176 2 303.249 338.87 401.087 137.64770236881273 162.92001062354294 182.05733242319016 8.602981398050796 10.182500663971433 11.378583276449385
 15182368 2 344.425 417.721 442.454 137.2560130544644 145.38285602112413 176.32132394570658 8.578500815904025 9.086428501320258 11.020082746606661
 16700576 1 221.091 291.117 302.297 110.4911792045571 114.73446071510767 151.07422735434733 6.905698700284819 7.17090379469423 9.442139209646708
 18370624 1 271.245 317.796 343.571 106.93931676422048 115.61268234968342 135.45410237976736 6.68370729776378 7.225792646855214 8.46588139873546
 20207680 1 302.225 366.817 384.752 105.04262485964983 110.17853589119369 133.72606501778475 6.565164053728115 6.886158493199606 8.357879063611547
 22228448 1 380.05 423.365 432.088 102.88852270833719 105.00843480212112 116.97643994211289 6.4305326692710745 6.56302717513257 7.311027496382056
 24451264 1 424.612 496.495 632.101 77.3650540024458 98.49550952174745 115.16991512251184 4.835315875152863 6.155969345109216 7.19811969515699
 26896384 1 459.708 571.206 624.265 86.16976444298496 94.17402478265284 117.01507913719142 5.38561027768656 5.885876548915802 7.313442446074464
 29586016 1 531.265 648.003 822.477 71.94369204245226 91.31444144548712 111.37950363754436 4.496480752653266 5.707152590342945 6.9612189773465225
 
META_DATA
 FLOPS          1
 OPENMP_THREADS 4
 ERT_VERSION  1.1.0
 HOSTNAME  ('cirrus4.computing.clemson.edu', ['cirrus4'], ['127.0.1.1'])
 UNAME  uname_result(system='Linux', node='cirrus4.computing.clemson.edu', release='5.4.0-81-generic', version='#91-Ubuntu SMP Thu Jul 15 19:09:17 UTC 2021', machine='x86_64', processor='x86_64')
 TIMESTAMP_DATA  1632245391.28087
 CONFIG  {'ERT_RESULTS': ['Results.cs.clemson.edu'], 'ERT_DRIVER': ['driver1'], 'ERT_KERNEL': ['kernel1'], 'ERT_MPI': ['False'], 'ERT_MPI_CFLAGS': [], 'ERT_MPI_LDFLAGS': [], 'ERT_OPENMP': ['True'], 'ERT_OPENMP_CFLAGS': ['-fopenmp'], 'ERT_OPENMP_LDFLAGS': ['-fopenmp'], 'ERT_FLOPS': ['1,2,4'], 'ERT_ALIGN': ['32'], 'ERT_CC': ['g++'], 'ERT_CFLAGS': ['-O3', '-std=c++11', '-fstrict-aliasing', '-march=native'], 'ERT_LD': ['g++'], 'ERT_LDFLAGS': [], 'ERT_LDLIBS': [], 'ERT_PRECISION': ['FP64'], 'ERT_RUN': ['export', 'OMP_NUM_THREADS=ERT_OPENMP_THREADS;', 'export', 'OMP_PLACES=threads;', 'export', 'OMP_PROC_BIND=spread;', './ERT_CODE'], 'ERT_PROCS_THREADS': ['8'], 'ERT_MPI_PROCS': ['2,4,8'], 'ERT_OPENMP_THREADS': ['1-8'], 'ERT_NUM_EXPERIMENTS': ['5'], 'ERT_MEMORY_MAX': ['31000000'], 'ERT_WORKING_SET_MIN': ['1'], 'ERT_TRIALS_MIN': ['1'], 'ERT_GNUPLOT': ['gnuplot'], 'ERT_GPU': [False], 'ERT_HIP': [False], 'ERT_OCL': [False], 'ERT_SYCL': [False], 'ERT_WSS_MULT': [1.1]}
 TIMESTAMP_DATA  1632245391.4372513
 TIMESTAMP_DATA  1632245391.5940213
 TIMESTAMP_DATA  1632245391.745903
 TIMESTAMP_DATA  1632245391.8855963
 