fp64
          24            1           1.172           48            6
          24            2           0.229           96           12
          24            4           0.355          192           24
          24            8           0.337          384           48
          24           16           0.315          768           96
          24           32           0.349         1536          192
          24           64           0.304         3072          384
          24          128           0.535         6144          768
          24          256           0.826        12288         1536
          24          512           1.571        24576         3072
          24         1024           2.595        49152         6144
          24         2048           4.861        98304        12288
          24         4096           9.351       196608        24576
          24         8192          18.334       393216        49152
          24        16384          36.476       786432        98304
          24        32768          72.779      1572864       196608
          24        65536         145.178      3145728       393216
          24       131072         290.266      6291456       786432
          24       262144         586.425     12582912      1572864
          24       524288        1160.237     25165824      3145728
          24      1048576        2320.340     50331648      6291456
          48            1           0.431           96           12
          48            2           0.363          192           24
          48            4           0.451          384           48
          48            8           0.433          768           96
          48           16           0.529         1536          192
          48           32           0.374         3072          384
          48           64           0.507         6144          768
          48          128           0.549        12288         1536
          48          256           0.784        24576         3072
          48          512           1.507        49152         6144
          48         1024           2.588        98304        12288
          48         2048           4.900       196608        24576
          48         4096           9.575       393216        49152
          48         8192          19.073       786432        98304
          48        16384          37.769      1572864       196608
          48        32768          75.258      3145728       393216
          48        65536         150.292      6291456       786432
          48       131072         278.395     12582912      1572864
          48       262144         505.506     25165824      3145728
          48       524288        1010.746     50331648      6291456
          72            1           0.697          144           18
          72            2           0.277          288           36
          72            4           0.317          576           72
          72            8           0.274         1152          144
          72           16           0.275         2304          288
          72           32           0.240         4608          576
          72           64           0.454         9216         1152
          72          128           0.500        18432         2304
          72          256           0.726        36864         4608
          72          512           1.162        73728         9216
          72         1024           2.227       147456        18432
          72         2048           4.149       294912        36864
          72         4096           8.083       589824        73728
          72         8192          15.900      1179648       147456
          72        16384          31.451      2359296       294912
          72        32768          62.640      4718592       589824
          72        65536         125.253      9437184      1179648
          72       131072         250.292     18874368      2359296
          72       262144         506.280     37748736      4718592
          96            1           0.608          192           24
          96            2           0.289          384           48
          96            4           0.465          768           96
          96            8           0.320         1536          192
          96           16           0.218         3072          384
          96           32           0.378         6144          768
          96           64           0.297        12288         1536
          96          128           0.478        24576         3072
          96          256           0.917        49152         6144
          96          512           1.297        98304        12288
          96         1024           2.190       196608        24576
          96         2048           4.227       393216        49152
          96         4096           8.368       786432        98304
          96         8192          16.594      1572864       196608
          96        16384          33.136      3145728       393216
          96        32768          66.008      6291456       786432
          96        65536         130.675     12582912      1572864
          96       131072         261.355     25165824      3145728
          96       262144         527.430     50331648      6291456
         120            1           0.814          240           30
         120            2           0.249          480           60
         120            4           0.306          960          120
         120            8           0.280         1920          240
         120           16           0.370         3840          480
         120           32           0.322         7680          960
         120           64           0.378        15360         1920
         120          128           0.470        30720         3840
         120          256           0.756        61440         7680
         120          512           1.243       122880        15360
         120         1024           2.368       245760        30720
         120         2048           4.250       491520        61440
         120         4096           8.473       983040       122880
         120         8192          16.653      1966080       245760
         120        16384          33.302      3932160       491520
         120        32768          66.314      7864320       983040
         120        65536         132.273     15728640      1966080
         120       131072         264.407     31457280      3932160
         144            1           0.275          288           36
         144            2           0.263          576           72
         144            4           0.345         1152          144
         144            8           0.278         2304          288
         144           16           0.324         4608          576
         144           32           0.382         9216         1152
         144           64           0.558        18432         2304
         144          128           0.455        36864         4608
         144          256           0.912        73728         9216
         144          512           1.198       147456        18432
         144         1024           2.403       294912        36864
         144         2048           4.270       589824        73728
         144         4096           8.573      1179648       147456
         144         8192          16.747      2359296       294912
         144        16384          33.347      4718592       589824
         144        32768          66.589      9437184      1179648
         144        65536         146.985     18874368      2359296
         144       131072         265.833     37748736      4718592
         168            1           0.275          336           42
         168            2           0.424          672           84
         168            4           0.367         1344          168
         168            8           0.264         2688          336
         168           16           0.395         5376          672
         168           32           0.287        10752         1344
         168           64           0.327        21504         2688
         168          128           0.522        43008         5376
         168          256           0.841        86016        10752
         168          512           1.198       172032        21504
         168         1024           2.408       344064        43008
         168         2048           4.331       688128        86016
         168         4096           8.413      1376256       172032
         168         8192          16.801      2752512       344064
         168        16384          33.414      5505024       688128
         168        32768          66.696     11010048      1376256
         168        65536         133.381     22020096      2752512
         168       131072         265.924     44040192      5505024
         192            1           0.295          384           48
         192            2           0.424          768           96
         192            4           0.332         1536          192
         192            8           0.229         3072          384
         192           16           0.417         6144          768
         192           32           0.357        12288         1536
         192           64           0.331        24576         3072
         192          128           0.503        49152         6144
         192          256           0.821        98304        12288
         192          512           1.410       196608        24576
         192         1024           2.338       393216        49152
         192         2048           4.582       786432        98304
         192         4096           8.891      1572864       196608
         192         8192          17.653      3145728       393216
         192        16384          34.863      6291456       786432
         192        32768          69.717     12582912      1572864
         192        65536         148.189     25165824      3145728
         192       131072         278.073     50331648      6291456
         216            1           0.309          432           54
         216            2           0.318          864          108
         216            4           0.246         1728          216
         216            8           0.229         3456          432
         216           16           0.343         6912          864
         216           32           0.469        13824         1728
         216           64           0.412        27648         3456
         216          128           0.439        55296         6912
         216          256           0.766       110592        13824
         216          512           1.190       221184        27648
         216         1024           2.178       442368        55296
         216         2048          19.131       884736       110592
         216         4096          17.813      1769472       221184
         216         8192          17.966      3538944       442368
         216        16384          37.495      7077888       884736
         216        32768          69.938     14155776      1769472
         216        65536         139.799     28311552      3538944
         216       131072         286.020     56623104      7077888
         240            1           0.267          480           60
         240            2           0.221          960          120
         240            4           0.306         1920          240
         240            8           0.395         3840          480
         240           16           0.342         7680          960
         240           32           0.272        15360         1920
         240           64           0.425        30720         3840
         240          128           0.493        61440         7680
         240          256           0.711       122880        15360
         240          512           1.262       245760        30720
         240         1024           2.326       491520        61440
         240         2048           4.184       983040       122880
         240         4096          18.512      1966080       245760
         240         8192          27.169      3932160       491520
         240        16384          35.161      7864320       983040
         240        32768          75.003     15728640      1966080
         240        65536         139.680     31457280      3932160
         264            1           0.226          528           66
         264            2           0.223         1056          132
         264            4           0.319         2112          264
         264            8           0.346         4224          528
         264           16           0.276         8448         1056
         264           32           0.329        16896         2112
         264           64           0.390        33792         4224
         264          128           0.492        67584         8448
         264          256           0.730       135168        16896
         264          512           1.340       270336        33792
         264         1024           2.394       540672        67584
         264         2048           4.594      1081344       135168
         264         4096           9.040      2162688       270336
         264         8192          17.817      4325376       540672
         264        16384          35.338      8650752      1081344
         264        32768          70.248     17301504      2162688
         264        65536         140.241     34603008      4325376
         288            1           0.424          576           72
         288            2           0.261         1152          144
         288            4           0.290         2304          288
         288            8           0.382         4608          576
         288           16           0.343         9216         1152
         288           32           0.322        18432         2304
         288           64           0.417        36864         4608
         288          128           0.561        73728         9216
         288          256           0.771       147456        18432
         288          512           1.299       294912        36864
         288         1024           2.601       589824        73728
         288         2048           4.729      1179648       147456
         288         4096           9.037      2359296       294912
         288         8192          17.863      4718592       589824
         288        16384          35.107      9437184      1179648
         288        32768          69.945     18874368      2359296
         288        65536         140.324     37748736      4718592
         312            1           0.508          624           78
         312            2           0.286         1248          156
         312            4           0.289         2496          312
         312            8           0.331         4992          624
         312           16           0.235         9984         1248
         312           32           0.342        19968         2496
         312           64           0.421        39936         4992
         312          128           0.534        79872         9984
         312          256           0.742       159744        19968
         312          512           1.336       319488        39936
         312         1024           2.470       638976        79872
         312         2048           4.643      1277952       159744
         312         4096           8.987      2555904       319488
         312         8192          17.917      5111808       638976
         312        16384          35.619     10223616      1277952
         312        32768          71.163     20447232      2555904
         312        65536         141.743     40894464      5111808
         336            1           0.263          672           84
         336            2           0.339         1344          168
         336            4           0.350         2688          336
         336            8           0.430         5376          672
         336           16           0.389        10752         1344
         336           32           0.316        21504         2688
         336           64           0.424        43008         5376
         336          128           0.522        86016        10752
         336          256           0.767       172032        21504
         336          512           1.401       344064        43008
         336         1024          14.485       688128        86016
         336         2048          15.504      1376256       172032
         336         4096          25.194      2752512       344064
         336         8192          27.862      5505024       688128
         336        16384          35.303     11010048      1376256
         336        32768          70.283     22020096      2752512
         336        65536         147.107     44040192      5505024
         360            1           0.279          720           90
         360            2           0.229         1440          180
         360            4           0.336         2880          360
         360            8           0.347         5760          720
         360           16           0.464        11520         1440
         360           32           0.279        23040         2880
         360           64           0.444        46080         5760
         360          128           0.626        92160        11520
         360          256           1.063       184320        23040
         360          512           1.359       368640        46080
         360         1024           2.398       737280        92160
         360         2048           4.721      1474560       184320
         360         4096           9.073      2949120       368640
         360         8192          18.011      5898240       737280
         360        16384          44.082     11796480      1474560
         360        32768          73.969     23592960      2949120
         360        65536         141.611     47185920      5898240
         384            1           0.244          768           96
         384            2           0.437         1536          192
         384            4           0.340         3072          384
         384            8           0.257         6144          768
         384           16           0.424        12288         1536
         384           32           0.351        24576         3072
         384           64           0.322        49152         6144
         384          128           0.626        98304        12288
         384          256           0.995       196608        24576
         384          512           1.323       393216        49152
         384         1024           2.459       786432        98304
         384         2048           4.815      1572864       196608
         384         4096           9.077      3145728       393216
         384         8192          18.010      6291456       786432
         384        16384          35.450     12582912      1572864
         384        32768          70.937     25165824      3145728
         384        65536         140.524     50331648      6291456
         408            1           0.242          816          102
         408            2           0.214         1632          204
         408            4           0.316         3264          408
         408            8           0.332         6528          816
         408           16           0.330        13056         1632
         408           32           0.394        26112         3264
         408           64           0.421        52224         6528
         408          128           0.589       104448        13056
         408          256           0.822       208896        26112
         408          512           1.367       417792        52224
         408         1024           2.496       835584       104448
         408         2048           4.748      1671168       208896
         408         4096           9.121      3342336       417792
         408         8192          18.014      6684672       835584
         408        16384          35.727     13369344      1671168
         408        32768          71.365     26738688      3342336
         408        65536         142.595     53477376      6684672
         432            1           0.322          864          108
         432            2           0.379         1728          216
         432            4           0.329         3456          432
         432            8           0.389         6912          864
         432           16           0.254        13824         1728
         432           32           0.385        27648         3456
         432           64           0.407        55296         6912
         432          128           0.561       110592        13824
         432          256           0.746       221184        27648
         432          512           1.302       442368        55296
         432         1024           2.499       884736       110592
         432         2048           4.678      1769472       221184
         432         4096           9.058      3538944       442368
         432         8192          17.944      7077888       884736
         432        16384          35.581     14155776      1769472
         432        32768          70.948     28311552      3538944
         432        65536         141.703     56623104      7077888
         456            1           0.292          912          114
         456            2           0.288         1824          228
         456            4           0.293         3648          456
         456            8           0.252         7296          912
         456           16           0.334        14592         1824
         456           32           0.392        29184         3648
         456           64           0.440        58368         7296
         456          128           0.488       116736        14592
         456          256           0.911       233472        29184
         456          512           1.654       466944        58368
         456         1024           2.527       933888       116736
         456         2048           4.949      1867776       233472
         456         4096           9.486      3735552       466944
         456         8192          18.887      7471104       933888
         456        16384          37.597     14942208      1867776
         456        32768          75.045     29884416      3735552
         456        65536         149.578     59768832      7471104
         480            1           0.315          960          120
         480            2           0.363         1920          240
         480            4           0.291         3840          480
         480            8           0.376         7680          960
         480           16           0.426        15360         1920
         480           32           0.274        30720         3840
         480           64           0.459        61440         7680
         480          128           0.498       122880        15360
         480          256           0.831       245760        30720
         480          512           1.473       491520        61440
         480         1024           2.425       983040       122880
         480         2048           4.695      1966080       245760
         480         4096           9.209      3932160       491520
         480         8192          18.035      7864320       983040
         480        16384          35.911     15728640      1966080
         480        32768          71.541     31457280      3932160
         528            1           0.305         1056          132
         528            2           0.315         2112          264
         528            4           0.339         4224          528
         528            8           0.362         8448         1056
         528           16           0.314        16896         2112
         528           32           0.434        33792         4224
         528           64           0.377        67584         8448
         528          128           0.661       135168        16896
         528          256           0.919       270336        33792
         528          512           1.427       540672        67584
         528         1024           2.630      1081344       135168
         528         2048           5.016      2162688       270336
         528         4096           9.753      4325376       540672
         528         8192          18.932      8650752      1081344
         528        16384          37.654     17301504      2162688
         528        32768          75.033     34603008      4325376
         576            1           0.310         1152          144
         576            2           0.325         2304          288
         576            4           0.327         4608          576
         576            8           0.368         9216         1152
         576           16           0.286        18432         2304
         576           32           0.338        36864         4608
         576           64           0.458        73728         9216
         576          128           0.532       147456        18432
         576          256           0.920       294912        36864
         576          512           1.632       589824        73728
         576         1024           3.021      1179648       147456
         576         2048           5.818      2359296       294912
         576         4096          11.490      4718592       589824
         576         8192          22.969      9437184      1179648
         576        16384          45.708     18874368      2359296
         576        32768          91.117     37748736      4718592
         624            1           0.325         1248          156
         624            2           0.348         2496          312
         624            4           0.502         4992          624
         624            8           0.412         9984         1248
         624           16           0.412        19968         2496
         624           32           0.513        39936         4992
         624           64           0.623        79872         9984
         624          128           1.169       159744        19968
         624          256           2.001       319488        39936
         624          512           3.818       638976        79872
         624         1024           7.440      1277952       159744
         624         2048          17.766      2555904       319488
         624         4096          21.596      5111808       638976
         624         8192          28.241     10223616      1277952
         624        16384          56.271     20447232      2555904
         624        32768         112.285     40894464      5111808
         672            1           0.227         1344          168
         672            2           0.224         2688          336
         672            4           0.243         5376          672
         672            8           0.446        10752         1344
         672           16           0.300        21504         2688
         672           32           0.353        43008         5376
         672           64           0.444        86016        10752
         672          128           0.607       172032        21504
         672          256           1.025       344064        43008
         672          512           1.884       688128        86016
         672         1024           3.655      1376256       172032
         672         2048           7.005      2752512       344064
         672         4096          13.839      5505024       688128
         672         8192          27.637     11010048      1376256
         672        16384          54.723     22020096      2752512
         672        32768         109.182     44040192      5505024
         720            1           0.282         1440          180
         720            2           0.280         2880          360
         720            4           0.366         5760          720
         720            8           0.327        11520         1440
         720           16           0.337        23040         2880
         720           32           0.396        46080         5760
         720           64           0.448        92160        11520
         720          128           0.602       184320        23040
         720          256           1.029       368640        46080
         720          512           1.869       737280        92160
         720         1024           3.604      1474560       184320
         720         2048           6.887      2949120       368640
         720         4096          13.648      5898240       737280
         720         8192          27.057     11796480      1474560
         720        16384          53.955     23592960      2949120
         720        32768         107.461     47185920      5898240
         792            1           0.239         1584          198
         792            2           0.210         3168          396
         792            4           0.402         6336          792
         792            8           0.312        12672         1584
         792           16           0.351        25344         3168
         792           32           0.294        50688         6336
         792           64           0.473       101376        12672
         792          128           0.655       202752        25344
         792          256           1.127       405504        50688
         792          512           2.049       811008       101376
         792         1024           4.016      1622016       202752
         792         2048           7.645      3244032       405504
         792         4096          15.381      6488064       811008
         792         8192          30.251     12976128      1622016
         792        16384          60.263     25952256      3244032
         792        32768         120.093     51904512      6488064
         864            1           0.288         1728          216
         864            2           0.376         3456          432
         864            4           0.420         6912          864
         864            8           0.337        13824         1728
         864           16           0.354        27648         3456
         864           32           0.355        55296         6912
         864           64           0.493       110592        13824
         864          128           0.691       221184        27648
         864          256           1.224       442368        55296
         864          512           2.239       884736       110592
         864         1024           4.302      1769472       221184
         864         2048          19.463      3538944       442368
         864         4096          40.538      7077888       884736
         864         8192          33.247     14155776      1769472
         864        16384          72.508     28311552      3538944
         864        32768         132.403     56623104      7077888
         936            1           7.976         1872          234
         936            2           0.275         3744          468
         936            4           0.461         7488          936
         936            8           0.486        14976         1872
         936           16           0.309        29952         3744
         936           32           0.432        59904         7488
         936           64           0.503       119808        14976
         936          128           0.836       239616        29952
         936          256           1.446       479232        59904
         936          512           2.540       958464       119808
         936         1024           4.949      1916928       239616
         936         2048          16.743      3833856       479232
         936         4096          17.151      7667712       958464
         936         8192          33.933     15335424      1916928
         936        16384          67.623     30670848      3833856
         936        32768         134.914     61341696      7667712
        1008            1           0.305         2016          252
        1008            2           0.307         4032          504
        1008            4           0.353         8064         1008
        1008            8           0.461        16128         2016
        1008           16           0.311        32256         4032
        1008           32           0.365        64512         8064
        1008           64           0.494       129024        16128
        1008          128           0.738       258048        32256
        1008          256           1.339       516096        64512
        1008          512           2.491      1032192       129024
        1008         1024           4.643      2064384       258048
        1008         2048           9.168      4128768       516096
        1008         4096          18.029      8257536      1032192
        1008         8192          35.861     16515072      2064384
        1008        16384          71.554     33030144      4128768
        1104            1           0.325         2208          276
        1104            2           0.405         4416          552
        1104            4           0.290         8832         1104
        1104            8           0.363        17664         2208
        1104           16           0.312        35328         4416
        1104           32           0.389        70656         8832
        1104           64           0.570       141312        17664
        1104          128           0.802       282624        35328
        1104          256           1.360       565248        70656
        1104          512           2.603      1130496       141312
        1104         1024           4.983      2260992       282624
        1104         2048           9.728      4521984       565248
        1104         4096          19.196      9043968      1130496
        1104         8192          38.233     18087936      2260992
        1104        16384          76.262     36175872      4521984
        1200            1           0.302         2400          300
        1200            2           0.383         4800          600
        1200            4           0.328         9600         1200
        1200            8           0.293        19200         2400
        1200           16           0.356        38400         4800
        1200           32           0.378        76800         9600
        1200           64           0.539       153600        19200
        1200          128           0.819       307200        38400
        1200          256           1.479       614400        76800
        1200          512           2.755      1228800       153600
        1200         1024           5.309      2457600       307200
        1200         2048          10.388      4915200       614400
        1200         4096          20.514      9830400      1228800
        1200         8192          40.831     19660800      2457600
        1200        16384          81.386     39321600      4915200
        1320            1           0.331         2640          330
        1320            2           0.362         5280          660
        1320            4           0.409        10560         1320
        1320            8           0.337        21120         2640
        1320           16           0.360        42240         5280
        1320           32           0.398        84480        10560
        1320           64           0.579       168960        21120
        1320          128           0.907       337920        42240
        1320          256           1.559       675840        84480
        1320          512           2.881      1351680       168960
        1320         1024           5.594      2703360       337920
        1320         2048          10.952      5406720       675840
        1320         4096          21.721     10813440      1351680
        1320         8192          43.099     21626880      2703360
        1320        16384          86.026     43253760      5406720
        1440            1           0.311         2880          360
        1440            2           0.365         5760          720
        1440            4           0.378        11520         1440
        1440            8           0.279        23040         2880
        1440           16           0.380        46080         5760
        1440           32           0.450        92160        11520
        1440           64           0.495       184320        23040
        1440          128           0.816       368640        46080
        1440          256           1.507       737280        92160
        1440          512           2.836      1474560       184320
        1440         1024           5.346      2949120       368640
        1440         2048          10.276      5898240       737280
        1440         4096          20.396     11796480      1474560
        1440         8192          40.305     23592960      2949120
        1440        16384          80.190     47185920      5898240
        1584            1           0.232         3168          396
        1584            2           0.295         6336          792
        1584            4           0.330        12672         1584
        1584            8           0.393        25344         3168
        1584           16           0.305        50688         6336
        1584           32           0.429       101376        12672
        1584           64           0.581       202752        25344
        1584          128           0.998       405504        50688
        1584          256           1.775       811008       101376
        1584          512           3.311      1622016       202752
        1584         1024           6.399      3244032       405504
        1584         2048          12.690      6488064       811008
        1584         4096          25.153     12976128      1622016
        1584         8192          49.868     25952256      3244032
        1584        16384          99.545     51904512      6488064
        1728            1           0.940         3456          432
        1728            2           0.372         6912          864
        1728            4           0.282        13824         1728
        1728            8           0.329        27648         3456
        1728           16           0.394        55296         6912
        1728           32           0.417       110592        13824
        1728           64           0.560       221184        27648
        1728          128           0.936       442368        55296
        1728          256           1.688       884736       110592
        1728          512           3.197      1769472       221184
        1728         1024           6.227      3538944       442368
        1728         2048          12.241      7077888       884736
        1728         4096          24.174     14155776      1769472
        1728         8192          48.235     28311552      3538944
        1728        16384          96.076     56623104      7077888
        1896            1           0.294         3792          474
        1896            2           0.236         7584          948
        1896            4           0.321        15168         1896
        1896            8           0.290        30336         3792
        1896           16           0.395        60672         7584
        1896           32           0.483       121344        15168
        1896           64           0.674       242688        30336
        1896          128           1.100       485376        60672
        1896          256           1.976       970752       121344
        1896          512           3.763      1941504       242688
        1896         1024           7.227      3883008       485376
        1896         2048          14.268      7766016       970752
        1896         4096          28.355     15532032      1941504
        1896         8192          56.385     31064064      3883008
        2064            1           0.370         4128          516
        2064            2           0.275         8256         1032
        2064            4           0.431        16512         2064
        2064            8           0.325        33024         4128
        2064           16           0.448        66048         8256
        2064           32           0.493       132096        16512
        2064           64           0.691       264192        33024
        2064          128           1.158       528384        66048
        2064          256           2.108      1056768       132096
        2064          512           3.880      2113536       264192
        2064         1024           7.643      4227072       528384
        2064         2048          14.972      8454144      1056768
        2064         4096          29.753     16908288      2113536
        2064         8192          59.080     33816576      4227072
        2256            1           0.322         4512          564
        2256            2           0.436         9024         1128
        2256            4           0.410        18048         2256
        2256            8           0.354        36096         4512
        2256           16           0.361        72192         9024
        2256           32           0.441       144384        18048
        2256           64           0.708       288768        36096
        2256          128           1.193       577536        72192
        2256          256           2.166      1155072       144384
        2256          512           4.098      2310144       288768
        2256         1024           8.009      4620288       577536
        2256         2048          15.887      9240576      1155072
        2256         4096          31.522     18481152      2310144
        2256         8192          62.686     36962304      4620288
        2472            1           0.319         4944          618
        2472            2           0.371         9888         1236
        2472            4           0.405        19776         2472
        2472            8           0.407        39552         4944
        2472           16           0.426        79104         9888
        2472           32           0.505       158208        19776
        2472           64           0.756       316416        39552
        2472          128           1.329       632832        79104
        2472          256           2.326      1265664       158208
        2472          512           4.457      2531328       316416
        2472         1024           8.576      5062656       632832
        2472         2048          17.050     10125312      1265664
        2472         4096          33.768     20250624      2531328
        2472         8192          67.335     40501248      5062656
        2712            1           0.279         5424          678
        2712            2           0.499        10848         1356
        2712            4           0.557        21696         2712
        2712            8           0.410        43392         5424
        2712           16           0.437        86784        10848
        2712           32           0.614       173568        21696
        2712           64           0.779       347136        43392
        2712          128           1.448       694272        86784
        2712          256           2.485      1388544       173568
        2712          512           4.867      2777088       347136
        2712         1024           9.486      5554176       694272
        2712         2048          18.622     11108352      1388544
        2712         4096          37.231     22216704      2777088
        2712         8192          73.813     44433408      5554176
        2976            1           0.261         5952          744
        2976            2           0.311        11904         1488
        2976            4           0.377        23808         2976
        2976            8           0.543        47616         5952
        2976           16           0.471        95232        11904
        2976           32           0.514       190464        23808
        2976           64           0.815       380928        47616
        2976          128           1.375       761856        95232
        2976          256           2.678      1523712       190464
        2976          512           4.963      3047424       380928
        2976         1024           9.816      6094848       761856
        2976         2048          19.258     12189696      1523712
        2976         4096          38.040     24379392      3047424
        2976         8192          75.953     48758784      6094848
        3264            1           0.275         6528          816
        3264            2           0.281        13056         1632
        3264            4           0.361        26112         3264
        3264            8           0.367        52224         6528
        3264           16           0.492       104448        13056
        3264           32           0.684       208896        26112
        3264           64           1.107       417792        52224
        3264          128           1.828       835584       104448
        3264          256           3.377      1671168       208896
        3264          512           6.527      3342336       417792
        3264         1024          12.553      6684672       835584
        3264         2048          25.212     13369344      1671168
        3264         4096          49.924     26738688      3342336
        3264         8192         106.641     53477376      6684672
        3576            1           0.316         7152          894
        3576            2           0.324        14304         1788
        3576            4           0.403        28608         3576
        3576            8           0.359        57216         7152
        3576           16           0.501       114432        14304
        3576           32           0.673       228864        28608
        3576           64           0.970       457728        57216
        3576          128           1.819       915456       114432
        3576          256           3.190      1830912       228864
        3576          512           6.297      3661824       457728
        3576         1024          12.542      7323648       915456
        3576         2048          24.876     14647296      1830912
        3576         4096          49.553     29294592      3661824
        3576         8192          98.954     58589184      7323648
        3912            1           0.285         7824          978
        3912            2           0.368        15648         1956
        3912            4           0.437        31296         3912
        3912            8           0.519        62592         7824
        3912           16           0.516       125184        15648
        3912           32           0.713       250368        31296
        3912           64           1.223       500736        62592
        3912          128           2.198      1001472       125184
        3912          256           3.986      2002944       250368
        3912          512           7.487      4005888       500736
        3912         1024          14.555      8011776      1001472
        3912         2048          29.136     16023552      2002944
        3912         4096          57.563     32047104      4005888
        4296            1           0.394         8592         1074
        4296            2           0.374        17184         2148
        4296            4           0.498        34368         4296
        4296            8           0.508        68736         8592
        4296           16           0.526       137472        17184
        4296           32           0.750       274944        34368
        4296           64           1.227       549888        68736
        4296          128           2.184      1099776       137472
        4296          256           4.147      2199552       274944
        4296          512           8.013      4399104       549888
        4296         1024          15.325      8798208      1099776
        4296         2048          30.246     17596416      2199552
        4296         4096          61.275     35192832      4399104
        4704            1           0.317         9408         1176
        4704            2           0.330        18816         2352
        4704            4           0.366        37632         4704
        4704            8           0.384        75264         9408
        4704           16           0.544       150528        18816
        4704           32           0.698       301056        37632
        4704           64           1.231       602112        75264
        4704          128           2.124      1204224       150528
        4704          256           3.870      2408448       301056
        4704          512           7.600      4816896       602112
        4704         1024          15.162      9633792      1204224
        4704         2048          30.156     19267584      2408448
        4704         4096          60.055     38535168      4816896
        5160            1           0.368        10320         1290
        5160            2           0.414        20640         2580
        5160            4           0.376        41280         5160
        5160            8           0.406        82560        10320
        5160           16           0.530       165120        20640
        5160           32           0.822       330240        41280
        5160           64           1.359       660480        82560
        5160          128           2.319      1320960       165120
        5160          256           4.304      2641920       330240
        5160          512           8.542      5283840       660480
        5160         1024          16.845     10567680      1320960
        5160         2048          33.559     21135360      2641920
        5160         4096          67.161     42270720      5283840
        5664            1           0.411        11328         1416
        5664            2           0.417        22656         2832
        5664            4           0.376        45312         5664
        5664            8           0.537        90624        11328
        5664           16           0.538       181248        22656
        5664           32           0.814       362496        45312
        5664           64           1.385       724992        90624
        5664          128           2.341      1449984       181248
        5664          256           4.568      2899968       362496
        5664          512           8.869      5799936       724992
        5664         1024          17.496     11599872      1449984
        5664         2048          34.844     23199744      2899968
        5664         4096          69.401     46399488      5799936
        6216            1           0.345        12432         1554
        6216            2           0.387        24864         3108
        6216            4           0.344        49728         6216
        6216            8           0.477        99456        12432
        6216           16           0.591       198912        24864
        6216           32           0.872       397824        49728
        6216           64           1.390       795648        99456
        6216          128           2.676      1591296       198912
        6216          256           5.057      3182592       397824
        6216          512           9.849      6365184       795648
        6216         1024          19.404     12730368      1591296
        6216         2048          38.666     25460736      3182592
        6216         4096          77.549     50921472      6365184
        6816            1           0.371        13632         1704
        6816            2           0.374        27264         3408
        6816            4           0.428        54528         6816
        6816            8           0.504       109056        13632
        6816           16           0.578       218112        27264
        6816           32           0.928       436224        54528
        6816           64           1.587       872448       109056
        6816          128           2.797      1744896       218112
        6816          256           5.483      3489792       436224
        6816          512          10.536      6979584       872448
        6816         1024          20.707     13959168      1744896
        6816         2048          41.296     27918336      3489792
        6816         4096          82.391     55836672      6979584
        7488            1           0.425        14976         1872
        7488            2           0.409        29952         3744
        7488            4           0.426        59904         7488
        7488            8           0.469       119808        14976
        7488           16           0.607       239616        29952
        7488           32           1.123       479232        59904
        7488           64           1.788       958464       119808
        7488          128           3.415      1916928       239616
        7488          256           6.259      3833856       479232
        7488          512          12.402      7667712       958464
        7488         1024          24.951     15335424      1916928
        7488         2048          49.387     30670848      3833856
        7488         4096          98.144     61341696      7667712
        8232            1           0.412        16464         2058
        8232            2           0.431        32928         4116
        8232            4           0.437        65856         8232
        8232            8           0.597       131712        16464
        8232           16           0.762       263424        32928
        8232           32           1.199       526848        65856
        8232           64           1.945      1053696       131712
        8232          128           3.580      2107392       263424
        8232          256           6.979      4214784       526848
        8232          512          13.673      8429568      1053696
        8232         1024          26.758     16859136      2107392
        8232         2048          53.001     33718272      4214784
        9048            1           0.425        18096         2262
        9048            2           0.394        36192         4524
        9048            4           0.487        72384         9048
        9048            8           0.617       144768        18096
        9048           16           0.700       289536        36192
        9048           32           1.151       579072        72384
        9048           64           2.047      1158144       144768
        9048          128           3.623      2316288       289536
        9048          256           6.955      4632576       579072
        9048          512          13.570      9265152      1158144
        9048         1024          26.954     18530304      2316288
        9048         2048          53.680     37060608      4632576
        9936            1           0.442        19872         2484
        9936            2           0.417        39744         4968
        9936            4           0.516        79488         9936
        9936            8           0.642       158976        19872
        9936           16           0.812       317952        39744
        9936           32           1.312       635904        79488
        9936           64           2.219      1271808       158976
        9936          128           4.098      2543616       317952
        9936          256           8.023      5087232       635904
        9936          512          15.930     10174464      1271808
        9936         1024          31.748     20348928      2543616
        9936         2048          63.199     40697856      5087232
       10920            1           0.698        21840         2730
       10920            2           0.333        43680         5460
       10920            4           0.495        87360        10920
       10920            8           0.576       174720        21840
       10920           16           0.859       349440        43680
       10920           32           1.385       698880        87360
       10920           64           2.466      1397760       174720
       10920          128           4.617      2795520       349440
       10920          256           8.800      5591040       698880
       10920          512          17.514     11182080      1397760
       10920         1024          34.905     22364160      2795520
       10920         2048          69.517     44728320      5591040
       12000            1           0.410        24000         3000
       12000            2           0.391        48000         6000
       12000            4           0.412        96000        12000
       12000            8           0.625       192000        24000
       12000           16           0.891       384000        48000
       12000           32           1.523       768000        96000
       12000           64           2.551      1536000       192000
       12000          128           4.989      3072000       384000
       12000          256           9.565      6144000       768000
       12000          512          18.820     12288000      1536000
       12000         1024          37.352     24576000      3072000
       12000         2048          74.603     49152000      6144000
       13200            1           0.541        26400         3300
       13200            2           0.453        52800         6600
       13200            4           0.493       105600        13200
       13200            8           0.678       211200        26400
       13200           16           0.960       422400        52800
       13200           32           1.637       844800       105600
       13200           64           2.816      1689600       211200
       13200          128           5.421      3379200       422400
       13200          256          10.612      6758400       844800
       13200          512          20.754     13516800      1689600
       13200         1024          41.496     27033600      3379200
       13200         2048          82.495     54067200      6758400
       14520            1           0.538        29040         3630
       14520            2           0.464        58080         7260
       14520            4           0.556       116160        14520
       14520            8           0.795       232320        29040
       14520           16           0.990       464640        58080
       14520           32           1.769       929280       116160
       14520           64           3.126      1858560       232320
       14520          128           5.743      3717120       464640
       14520          256          11.222      7434240       929280
       14520          512          21.975     14868480      1858560
       14520         1024          44.024     29736960      3717120
       14520         2048          87.608     59473920      7434240
       15960            1           0.741        31920         3990
       15960            2           0.414        63840         7980
       15960            4           0.577       127680        15960
       15960            8           0.719       255360        31920
       15960           16           1.123       510720        63840
       15960           32           1.776      1021440       127680
       15960           64           3.331      2042880       255360
       15960          128           6.463      4085760       510720
       15960          256          12.530      8171520      1021440
       15960          512          24.888     16343040      2042880
       15960         1024          49.257     32686080      4085760
       17544            1           0.575        35088         4386
       17544            2           0.553        70176         8772
       17544            4           0.724       140352        17544
       17544            8           0.750       280704        35088
       17544           16           1.243       561408        70176
       17544           32           1.972      1122816       140352
       17544           64           3.663      2245632       280704
       17544          128           6.993      4491264       561408
       17544          256          13.702      8982528      1122816
       17544          512          26.921     17965056      2245632
       17544         1024          53.728     35930112      4491264
       19296            1           0.682        38592         4824
       19296            2           0.532        77184         9648
       19296            4           0.748       154368        19296
       19296            8           0.825       308736        38592
       19296           16           1.328       617472        77184
       19296           32           2.158      1234944       154368
       19296           64           4.063      2469888       308736
       19296          128           7.551      4939776       617472
       19296          256          15.064      9879552      1234944
       19296          512          29.396     19759104      2469888
       19296         1024          58.370     39518208      4939776
       21216            1           0.677        42432         5304
       21216            2           0.530        84864        10608
       21216            4           0.792       169728        21216
       21216            8           0.864       339456        42432
       21216           16           1.362       678912        84864
       21216           32           2.370      1357824       169728
       21216           64           4.219      2715648       339456
       21216          128           8.361      5431296       678912
       21216          256          16.203     10862592      1357824
       21216          512          32.086     21725184      2715648
       21216         1024          64.045     43450368      5431296
       23328            1           0.730        46656         5832
       23328            2           0.482        93312        11664
       23328            4           0.660       186624        23328
       23328            8           1.067       373248        46656
       23328           16           1.491       746496        93312
       23328           32           2.508      1492992       186624
       23328           64           4.661      2985984       373248
       23328          128           8.915      5971968       746496
       23328          256          17.762     11943936      1492992
       23328          512          35.370     23887872      2985984
       23328         1024          77.514     47775744      5971968
       25656            1           0.758        51312         6414
       25656            2           0.625       102624        12828
       25656            4           0.785       205248        25656
       25656            8           1.263       410496        51312
       25656           16           2.246       820992       102624
       25656           32          18.691      1641984       205248
       25656           64           8.057      3283968       410496
       25656          128          22.024      6567936       820992
       25656          256          19.588     13135872      1641984
       25656          512          38.200     26271744      3283968
       25656         1024          76.174     52543488      6567936
       28200            1           0.793        56400         7050
       28200            2           0.590       112800        14100
       28200            4           0.708       225600        28200
       28200            8           1.000       451200        56400
       28200           16           1.832       902400       112800
       28200           32           2.950      1804800       225600
       28200           64           5.698      3609600       451200
       28200          128          10.914      7219200       902400
       28200          256          21.413     14438400      1804800
       28200          512          42.374     28876800      3609600
       28200         1024          84.830     57753600      7219200
       31008            1           1.149        62016         7752
       31008            2           0.657       124032        15504
       31008            4           0.836       248064        31008
       31008            8           1.295       496128        62016
       31008           16           1.869       992256       124032
       31008           32           3.273      1984512       248064
       31008           64           6.167      3969024       496128
       31008          128          11.801      7938048       992256
       31008          256          23.301     15876096      1984512
       31008          512          46.395     31752192      3969024
       34104            1           1.355        68208         8526
       34104            2           0.721       136416        17052
       34104            4           1.097       272832        34104
       34104            8           1.677       545664        68208
       34104           16           2.950      1091328       136416
       34104           32           5.794      2182656       272832
       34104           64          19.515      4365312       545664
       34104          128          12.851      8730624      1091328
       34104          256          25.312     17461248      2182656
       34104          512          50.318     34922496      4365312
       37512            1           1.157        75024         9378
       37512            2           0.646       150048        18756
       37512            4           0.945       300096        37512
       37512            8           1.273       600192        75024
       37512           16           2.176      1200384       150048
       37512           32           3.920      2400768       300096
       37512           64           7.354      4801536       600192
       37512          128          14.240      9603072      1200384
       37512          256          28.176     19206144      2400768
       37512          512          55.635     38412288      4801536
       41256            1           1.273        82512        10314
       41256            2           0.746       165024        20628
       41256            4           0.936       330048        41256
       41256            8           1.409       660096        82512
       41256           16           2.438      1320192       165024
       41256           32           4.332      2640384       330048
       41256           64           8.036      5280768       660096
       41256          128          15.507     10561536      1320192
       41256          256          30.721     21123072      2640384
       41256          512          61.048     42246144      5280768
       45360            1           1.326        90720        11340
       45360            2           0.783       181440        22680
       45360            4           0.969       362880        45360
       45360            8           1.494       725760        90720
       45360           16           2.550      1451520       181440
       45360           32           4.691      2903040       362880
       45360           64           8.813      5806080       725760
       45360          128          17.053     11612160      1451520
       45360          256          33.850     23224320      2903040
       45360          512          67.177     46448640      5806080
       49896            1           1.162        99792        12474
       49896            2           0.831       199584        24948
       49896            4           1.246       399168        49896
       49896            8           1.594       798336        99792
       49896           16           2.742      1596672       199584
       49896           32           5.085      3193344       399168
       49896           64           9.782      6386688       798336
       49896          128          18.879     12773376      1596672
       49896          256          37.282     25546752      3193344
       49896          512          74.238     51093504      6386688
       54864            1           1.223       109728        13716
       54864            2           0.906       219456        27432
       54864            4           1.190       438912        54864
       54864            8           1.852       877824       109728
       54864           16           3.117      1755648       219456
       54864           32           5.670      3511296       438912
       54864           64          10.820      7022592       877824
       54864          128          21.137     14045184      1755648
       54864          256          41.777     28090368      3511296
       54864          512          82.847     56180736      7022592
       60336            1           1.550       120672        15084
       60336            2           0.871       241344        30168
       60336            4           1.247       482688        60336
       60336            8           1.983       965376       120672
       60336           16           3.323      1930752       241344
       60336           32           6.185      3861504       482688
       60336           64          11.834      7723008       965376
       60336          128          23.001     15446016      1930752
       60336          256          45.629     30892032      3861504
       60336          512          97.421     61784064      7723008
       66360            1           2.001       132720        16590
       66360            2           1.014       265440        33180
       66360            4           1.349       530880        66360
       66360            8           2.105      1061760       132720
       66360           16           3.576      2123520       265440
       66360           32           6.724      4247040       530880
       66360           64          12.766      8494080      1061760
       66360          128          25.240     16988160      2123520
       66360          256          50.194     33976320      4247040
       72984            1           1.875       145968        18246
       72984            2           1.040       291936        36492
       72984            4           1.414       583872        72984
       72984            8           2.278      1167744       145968
       72984           16           3.959      2335488       291936
       72984           32           7.377      4670976       583872
       72984           64          14.122      9341952      1167744
       72984          128          27.568     18683904      2335488
       72984          256          54.829     37367808      4670976
       80280            1           2.165       160560        20070
       80280            2           1.042       321120        40140
       80280            4           1.566       642240        80280
       80280            8           2.468      1284480       160560
       80280           16           4.415      2568960       321120
       80280           32           8.073      5137920       642240
       80280           64          15.518     10275840      1284480
       80280          128          30.421     20551680      2568960
       80280          256          60.242     41103360      5137920
       88296            1           1.868       176592        22074
       88296            2           1.231       353184        44148
       88296            4           1.803       706368        88296
       88296            8           2.810      1412736       176592
       88296           16           4.866      2825472       353184
       88296           32           8.997      5650944       706368
       88296           64          17.435     11301888      1412736
       88296          128          33.867     22603776      2825472
       88296          256          66.773     45207552      5650944
       97104            1           2.543       194208        24276
       97104            2           1.338       388416        48552
       97104            4           2.057       776832        97104
       97104            8           3.160      1553664       194208
       97104           16           5.477      3107328       388416
       97104           32           9.970      6214656       776832
       97104           64          19.223     12429312      1553664
       97104          128          37.308     24858624      3107328
       97104          256          73.078     49717248      6214656
      106800            1          11.911       213600        26700
      106800            2           1.816       427200        53400
      106800            4           2.910       854400       106800
      106800            8          14.120      1708800       213600
      106800           16           6.816      3417600       427200
      106800           32          12.831      6835200       854400
      106800           64          25.114     13670400      1708800
      106800          128          49.462     27340800      3417600
      106800          256          98.135     54681600      6835200
      117480            1           2.648       234960        29370
      117480            2           1.908       469920        58740
      117480            4           3.034       939840       117480
      117480            8          20.946      1879680       234960
      117480           16          21.042      3759360       469920
      117480           32          41.142      7518720       939840
      117480           64          33.266     15037440      1879680
      117480          128          64.108     30074880      3759360
      117480          256         127.236     60149760      7518720
      129216            1           3.022       258432        32304
      129216            2           2.381       516864        64608
      129216            4           3.830      1033728       129216
      129216            8          16.654      2067456       258432
      129216           16          20.122      4134912       516864
      129216           32          19.463      8269824      1033728
      129216           64          38.229     16539648      2067456
      129216          128          75.537     33079296      4134912
      142128            1           3.237       284256        35532
      142128            2           2.520       568512        71064
      142128            4           4.165      1137024       142128
      142128            8          17.419      2274048       284256
      142128           16          12.688      4548096       568512
      142128           32          21.555      9096192      1137024
      142128           64          42.197     18192384      2274048
      142128          128          83.989     36384768      4548096
      156336            1           3.833       312672        39084
      156336            2          16.579       625344        78168
      156336            4          13.477      1250688       156336
      156336            8           7.991      2501376       312672
      156336           16          22.899      5002752       625344
      156336           32          23.341     10005504      1250688
      156336           64          45.742     20011008      2501376
      156336          128          90.636     40022016      5002752
      171960            1           3.595       343920        42990
      171960            2           2.363       687840        85980
      171960            4           3.955      1375680       171960
      171960            8           7.126      2751360       343920
      171960           16          13.322      5502720       687840
      171960           32          25.593     11005440      1375680
      171960           64          50.731     22010880      2751360
      171960          128         100.519     44021760      5502720
      189144            1           3.606       378288        47286
      189144            2          12.585       756576        94572
      189144            4          14.716      1513152       189144
      189144            8          18.864      3026304       378288
      189144           16          14.712      6052608       756576
      189144           32          28.329     12105216      1513152
      189144           64          55.803     24210432      3026304
      189144          128         110.878     48420864      6052608
      208056            1           4.274       416112        52014
      208056            2           2.990       832224       104028
      208056            4           4.689      1664448       208056
      208056            8           8.629      3328896       416112
      208056           16          16.110      6657792       832224
      208056           32          31.457     13315584      1664448
      208056           64          61.794     26631168      3328896
      208056          128         122.607     53262336      6657792
      228840            1           4.852       457680        57210
      228840            2           3.234       915360       114420
      228840            4           5.291      1830720       228840
      228840            8           9.352      3661440       457680
      228840           16          17.617      7322880       915360
      228840           32          34.448     14645760      1830720
      228840           64          67.907     29291520      3661440
      228840          128         141.827     58583040      7322880
      251712            1           5.011       503424        62928
      251712            2           3.347      1006848       125856
      251712            4           5.692      2013696       251712
      251712            8          10.273      4027392       503424
      251712           16          19.286      8054784      1006848
      251712           32          37.759     16109568      2013696
      251712           64          74.399     32219136      4027392
      276864            1           5.825       553728        69216
      276864            2           3.716      1107456       138432
      276864            4           6.109      2214912       276864
      276864            8          11.257      4429824       553728
      276864           16          21.316      8859648      1107456
      276864           32          41.536     17719296      2214912
      276864           64          81.799     35438592      4429824
      304536            1           5.759       609072        76134
      304536            2           4.141      1218144       152268
      304536            4           6.730      2436288       304536
      304536            8          12.521      4872576       609072
      304536           16          23.346      9745152      1218144
      304536           32          45.524     19490304      2436288
      304536           64          89.988     38980608      4872576
      334968            1           6.676       669936        83742
      334968            2           4.411      1339872       167484
      334968            4           7.393      2679744       334968
      334968            8          13.645      5359488       669936
      334968           16          25.830     10718976      1339872
      334968           32          50.105     21437952      2679744
      334968           64          98.947     42875904      5359488
      368448            1           7.533       736896        92112
      368448            2           4.935      1473792       184224
      368448            4           8.094      2947584       368448
      368448            8          14.876      5895168       736896
      368448           16          28.187     11790336      1473792
      368448           32          68.607     23580672      2947584
      368448           64         107.875     47161344      5895168
      405288            1           8.612       810576       101322
      405288            2           5.200      1621152       202644
      405288            4           8.917      3242304       405288
      405288            8          16.516      6484608       810576
      405288           16          31.145     12969216      1621152
      405288           32          60.321     25938432      3242304
      405288           64         119.244     51876864      6484608
      445800            1          10.728       891600       111450
      445800            2           5.891      1783200       222900
      445800            4           9.862      3566400       445800
      445800            8          18.038      7132800       891600
      445800           16          34.289     14265600      1783200
      445800           32          66.415     28531200      3566400
      445800           64         131.657     57062400      7132800
      490368            1          11.636       980736       122592
      490368            2          26.190      1961472       245184
      490368            4          22.506      3922944       490368
      490368            8          19.816      7845888       980736
      490368           16          37.376     15691776      1961472
      490368           32          73.066     31383552      3922944
      539400            1          14.455      1078800       134850
      539400            2          10.302      2157600       269700
      539400            4          20.943      4315200       539400
      539400            8          21.772      8630400      1078800
      539400           16          41.060     17260800      2157600
      539400           32          80.258     34521600      4315200
      593328            1          13.714      1186656       148332
      593328            2           7.723      2373312       296664
      593328            4          13.012      4746624       593328
      593328            8          23.811      9493248      1186656
      593328           16          45.191     18986496      2373312
      593328           32         113.980     37972992      4746624
      652656            1          30.582      1305312       163164
      652656            2           9.446      2610624       326328
      652656            4          14.120      5221248       652656
      652656            8          29.549     10442496      1305312
      652656           16          49.092     20884992      2610624
      652656           32         111.416     41769984      5221248
      717912            1          15.463      1435824       179478
      717912            2          11.609      2871648       358956
      717912            4          29.161      5743296       717912
      717912            8          28.450     11486592      1435824
      717912           16          54.202     22973184      2871648
      717912           32         105.721     45946368      5743296
      789696            1          18.671      1579392       197424
      789696            2          10.016      3158784       394848
      789696            4          17.127      6317568       789696
      789696            8          31.526     12635136      1579392
      789696           16          60.081     25270272      3158784
      789696           32         117.314     50540544      6317568
      868656            1          19.718      1737312       217164
      868656            2          34.584      3474624       434328
      868656            4          33.243      6949248       868656
      868656            8          43.130     13898496      1737312
      868656           16          88.984     27796992      3474624
      868656           32         176.780     55593984      6949248
      955512            1          23.150      1911024       238878
      955512            2          19.939      3822048       477756
      955512            4          29.488      7644096       955512
      955512            8          50.161     15288192      1911024
      955512           16          99.245     30576384      3822048
      955512           32         148.408     61152768      7644096
     1051056            1          43.212      2102112       262764
     1051056            2          25.297      4204224       525528
     1051056            4          32.797      8408448      1051056
     1051056            8          41.878     16816896      2102112
     1051056           16          80.567     33633792      4204224
     1156152            1          25.689      2312304       289038
     1156152            2          14.568      4624608       578076
     1156152            4          24.921      9249216      1156152
     1156152            8          46.010     18498432      2312304
     1156152           16          87.963     36996864      4624608
     1271760            1          27.725      2543520       317940
     1271760            2          16.226      5087040       635880
     1271760            4          39.612     10174080      1271760
     1271760            8          51.307     20348160      2543520
     1271760           16          96.414     40696320      5087040
     1398936            1          30.475      2797872       349734
     1398936            2          17.853      5595744       699468
     1398936            4          30.401     11191488      1398936
     1398936            8          55.536     22382976      2797872
     1398936           16         106.414     44765952      5595744
     1538808            1          42.931      3077616       384702
     1538808            2          20.733      6155232       769404
     1538808            4          33.081     12310464      1538808
     1538808            8          60.994     24620928      3077616
     1538808           16         116.954     49241856      6155232
     1692672            1          36.798      3385344       423168
     1692672            2          21.771      6770688       846336
     1692672            4          36.410     13541376      1692672
     1692672            8          67.149     27082752      3385344
     1692672           16         128.509     54165504      6770688
     1861920            1          41.413      3723840       465480
     1861920            2          25.237      7447680       930960
     1861920            4          40.518     14895360      1861920
     1861920            8          74.938     29790720      3723840
     1861920           16         144.754     59581440      7447680
     2048112            1          42.377      4096224       512028
     2048112            2          32.316      8192448      1024056
     2048112            4          49.733     16384896      2048112
     2048112            8          91.739     32769792      4096224
     2252904            1          45.274      4505808       563226
     2252904            2          34.743      9011616      1126452
     2252904            4          52.795     18023232      2252904
     2252904            8          96.128     36046464      4505808
     2478192            1          48.892      4956384       619548
     2478192            2          40.673      9912768      1239096
     2478192            4          60.237     19825536      2478192
     2478192            8         108.828     39651072      4956384
     2725992            1          53.112      5451984       681498
     2725992            2          48.881     10903968      1362996
     2725992            4          71.930     21807936      2725992
     2725992            8         126.659     43615872      5451984
     2998584            1          69.415      5997168       749646
     2998584            2          60.723     11994336      1499292
     2998584            4          82.780     23988672      2998584
     2998584            8         146.797     47977344      5997168
     3298440            1          59.645      6596880       824610
     3298440            2          66.482     13193760      1649220
     3298440            4          97.616     26387520      3298440
     3298440            8         170.834     52775040      6596880
     3628272            1          63.168      7256544       907068
     3628272            2          78.733     14513088      1814136
     3628272            4         116.079     29026176      3628272
     3628272            8         200.356     58052352      7256544
     3991080            1          74.193      7982160       997770
     3991080            2          96.972     15964320      1995540
     3991080            4         142.048     31928640      3991080
     4390176            1         111.106      8780352      1097544
     4390176            2         110.209     17560704      2195088
     4390176            4         162.208     35121408      4390176
     4829184            1         123.641      9658368      1207296
     4829184            2         129.387     19316736      2414592
     4829184            4         191.528     38633472      4829184
     5312088            1          90.723     10624176      1328022
     5312088            2         144.177     21248352      2656044
     5312088            4         216.950     42496704      5312088
     5843280            1         130.368     11686560      1460820
     5843280            2         163.310     23373120      2921640
     5843280            4         244.083     46746240      5843280
     6427608            1         107.173     12855216      1606902
     6427608            2         181.510     25710432      3213804
     6427608            4         270.765     51420864      6427608
     7070352            1         119.423     14140704      1767588
     7070352            2         198.762     28281408      3535176
     7070352            4         298.543     56562816      7070352
     7777368            1         133.395     15554736      1944342
     7777368            2         219.648     31109472      3888684
     8555088            1         151.274     17110176      2138772
     8555088            2         242.177     34220352      4277544
     9410592            1         164.621     18821184      2352648
     9410592            2         269.568     37642368      4705296
    10351632            1         170.126     20703264      2587908
    10351632            2         295.174     41406528      5175816
    11386776            1         202.391     22773552      2846694
    11386776            2         345.589     45547104      5693388
    12525432            1         227.762     25050864      3131358
    12525432            2         365.625     50101728      6262716
    13777968            1         255.880     27555936      3444492
    13777968            2         442.176     55111872      6888984
    15155760            1         267.752     30311520      3788940
    15155760            2         496.706     60623040      7577880
    16671336            1         309.230     33342672      4167834
    18338448            1         364.116     36676896      4584612
    20172288            1         410.830     40344576      5043072
    22189512            1         457.804     44379024      5547378
    24408456            1         618.100     48816912      6102114
    26849280            1         627.541     53698560      6712320
    29534208            1         654.927     59068416      7383552

META_DATA
FLOPS          2
OPENMP_THREADS 3
ERT_VERSION  1.1.0
HOSTNAME  ('cirrus4.computing.clemson.edu', ['cirrus4'], ['127.0.1.1'])
UNAME  uname_result(system='Linux', node='cirrus4.computing.clemson.edu', release='5.4.0-81-generic', version='#91-Ubuntu SMP Thu Jul 15 19:09:17 UTC 2021', machine='x86_64', processor='x86_64')
TIMESTAMP_DATA  1632245403.038477
CONFIG  {'ERT_RESULTS': ['Results.cs.clemson.edu'], 'ERT_DRIVER': ['driver1'], 'ERT_KERNEL': ['kernel1'], 'ERT_MPI': ['False'], 'ERT_MPI_CFLAGS': [], 'ERT_MPI_LDFLAGS': [], 'ERT_OPENMP': ['True'], 'ERT_OPENMP_CFLAGS': ['-fopenmp'], 'ERT_OPENMP_LDFLAGS': ['-fopenmp'], 'ERT_FLOPS': ['1,2,4'], 'ERT_ALIGN': ['32'], 'ERT_CC': ['g++'], 'ERT_CFLAGS': ['-O3', '-std=c++11', '-fstrict-aliasing', '-march=native'], 'ERT_LD': ['g++'], 'ERT_LDFLAGS': [], 'ERT_LDLIBS': [], 'ERT_PRECISION': ['FP64'], 'ERT_RUN': ['export', 'OMP_NUM_THREADS=ERT_OPENMP_THREADS;', 'export', 'OMP_PLACES=threads;', 'export', 'OMP_PROC_BIND=spread;', './ERT_CODE'], 'ERT_PROCS_THREADS': ['8'], 'ERT_MPI_PROCS': ['2,4,8'], 'ERT_OPENMP_THREADS': ['1-8'], 'ERT_NUM_EXPERIMENTS': ['5'], 'ERT_MEMORY_MAX': ['31000000'], 'ERT_WORKING_SET_MIN': ['1'], 'ERT_TRIALS_MIN': ['1'], 'ERT_GNUPLOT': ['gnuplot'], 'ERT_GPU': [False], 'ERT_HIP': [False], 'ERT_OCL': [False], 'ERT_SYCL': [False], 'ERT_WSS_MULT': [1.1]}
