fp64
          24            1           0.782           48            6
          24            2           0.366           96           12
          24            4           0.389          192           24
          24            8           0.406          384           48
          24           16           0.414          768           96
          24           32           0.474         1536          192
          24           64           0.529         3072          384
          24          128           0.740         6144          768
          24          256           1.111        12288         1536
          24          512           1.872        24576         3072
          24         1024           3.388        49152         6144
          24         2048           6.264        98304        12288
          24         4096          12.389       196608        24576
          24         8192          24.510       393216        49152
          24        16384          48.635       786432        98304
          24        32768          96.990      1572864       196608
          24        65536         193.615      3145728       393216
          24       131072         397.898      6291456       786432
          24       262144         773.288     12582912      1572864
          24       524288        1546.205     25165824      3145728
          24      1048576        2997.940     50331648      6291456
          48            1           0.250           96           12
          48            2           0.318          192           24
          48            4           0.420          384           48
          48            8           0.323          768           96
          48           16           0.336         1536          192
          48           32           0.343         3072          384
          48           64           0.416         6144          768
          48          128           0.589        12288         1536
          48          256           0.903        24576         3072
          48          512           1.652        49152         6144
          48         1024           3.103        98304        12288
          48         2048           6.065       196608        24576
          48         4096          11.902       393216        49152
          48         8192          23.408       786432        98304
          48        16384          46.510      1572864       196608
          48        32768          92.615      3145728       393216
          48        65536         184.862      6291456       786432
          48       131072         369.435     12582912      1572864
          48       262144         738.757     25165824      3145728
          48       524288        1483.595     50331648      6291456
          72            1           0.253          144           18
          72            2           0.289          288           36
          72            4           0.339          576           72
          72            8           0.363         1152          144
          72           16           0.326         2304          288
          72           32           0.323         4608          576
          72           64           0.504         9216         1152
          72          128           0.628        18432         2304
          72          256           0.987        36864         4608
          72          512           1.694        73728         9216
          72         1024           3.118       147456        18432
          72         2048           5.902       294912        36864
          72         4096          11.732       589824        73728
          72         8192          23.110      1179648       147456
          72        16384          45.935      2359296       294912
          72        32768          91.602      4718592       589824
          72        65536         183.034      9437184      1179648
          72       131072         365.699     18874368      2359296
          72       262144         731.033     37748736      4718592
          96            1           0.457          192           24
          96            2           0.320          384           48
          96            4           0.409          768           96
          96            8           0.459         1536          192
          96           16           0.316         3072          384
          96           32           0.434         6144          768
          96           64           0.394        12288         1536
          96          128           0.605        24576         3072
          96          256           0.949        49152         6144
          96          512           1.734        98304        12288
          96         1024           3.357       196608        24576
          96         2048           6.224       393216        49152
          96         4096          12.211       786432        98304
          96         8192          24.085      1572864       196608
          96        16384          48.426      3145728       393216
          96        32768          96.602      6291456       786432
          96        65536         192.890     12582912      1572864
          96       131072         385.597     25165824      3145728
          96       262144         770.986     50331648      6291456
         120            1           0.262          240           30
         120            2           0.282          480           60
         120            4           0.422          960          120
         120            8           0.280         1920          240
         120           16           0.295         3840          480
         120           32           0.433         7680          960
         120           64           0.408        15360         1920
         120          128           0.527        30720         3840
         120          256           0.794        61440         7680
         120          512           1.200       122880        15360
         120         1024           2.264       245760        30720
         120         2048           4.339       491520        61440
         120         4096           8.375       983040       122880
         120         8192          16.312      1966080       245760
         120        16384          32.469      3932160       491520
         120        32768          64.578      7864320       983040
         120        65536         128.975     15728640      1966080
         120       131072         257.845     31457280      3932160
         144            1           0.269          288           36
         144            2           0.271          576           72
         144            4           0.358         1152          144
         144            8           0.337         2304          288
         144           16           0.383         4608          576
         144           32           0.300         9216         1152
         144           64           0.337        18432         2304
         144          128           0.487        36864         4608
         144          256           0.848        73728         9216
         144          512           1.171       147456        18432
         144         1024           2.247       294912        36864
         144         2048           4.290       589824        73728
         144         4096           8.319      1179648       147456
         144         8192          16.400      2359296       294912
         144        16384          32.587      4718592       589824
         144        32768          70.680      9437184      1179648
         144        65536         129.563     18874368      2359296
         144       131072         258.973     37748736      4718592
         168            1           0.287          336           42
         168            2           0.288          672           84
         168            4           0.300         1344          168
         168            8           0.360         2688          336
         168           16           0.225         5376          672
         168           32           0.412        10752         1344
         168           64           0.335        21504         2688
         168          128           0.647        43008         5376
         168          256           0.720        86016        10752
         168          512           1.170       172032        21504
         168         1024           2.287       344064        43008
         168         2048           4.282       688128        86016
         168         4096           8.355      1376256       172032
         168         8192          16.519      2752512       344064
         168        16384          32.613      5505024       688128
         168        32768          64.889     11010048      1376256
         168        65536         129.584     22020096      2752512
         168       131072         258.858     44040192      5505024
         192            1           0.580          384           48
         192            2           0.342          768           96
         192            4           0.510         1536          192
         192            8           0.348         3072          384
         192           16           0.340         6144          768
         192           32           0.355        12288         1536
         192           64           0.340        24576         3072
         192          128           0.626        49152         6144
         192          256           0.771        98304        12288
         192          512           1.258       196608        24576
         192         1024           2.366       393216        49152
         192         2048           4.487       786432        98304
         192         4096           8.714      1572864       196608
         192         8192          17.109      3145728       393216
         192        16384          34.121      6291456       786432
         192        32768          68.187     12582912      1572864
         192        65536         146.656     25165824      3145728
         192       131072         278.870     50331648      6291456
         216            1           0.546          432           54
         216            2           0.358          864          108
         216            4           0.449         1728          216
         216            8           0.344         3456          432
         216           16           0.345         6912          864
         216           32           0.294        13824         1728
         216           64           0.411        27648         3456
         216          128           0.484        55296         6912
         216          256           0.900       110592        13824
         216          512           1.376       221184        27648
         216         1024           2.280       442368        55296
         216         2048           4.528       884736       110592
         216         4096          18.479      1769472       221184
         216         8192          27.218      3538944       442368
         216        16384          35.275      7077888       884736
         216        32768          79.453     14155776      1769472
         216        65536         140.713     28311552      3538944
         216       131072         299.212     56623104      7077888
         240            1           0.456          480           60
         240            2           0.320          960          120
         240            4           0.276         1920          240
         240            8           0.354         3840          480
         240           16           0.390         7680          960
         240           32           0.352        15360         1920
         240           64           0.518        30720         3840
         240          128           0.644        61440         7680
         240          256           0.875       122880        15360
         240          512           1.450       245760        30720
         240         1024           2.600       491520        61440
         240         2048          14.109       983040       122880
         240         4096           9.806      1966080       245760
         240         8192          34.797      3932160       491520
         240        16384          41.603      7864320       983040
         240        32768          86.600     15728640      1966080
         240        65536         175.686     31457280      3932160
         264            1           0.484          528           66
         264            2           0.386         1056          132
         264            4           0.273         2112          264
         264            8           0.381         4224          528
         264           16           0.377         8448         1056
         264           32           0.338        16896         2112
         264           64           0.488        33792         4224
         264          128           0.682        67584         8448
         264          256           0.944       135168        16896
         264          512           1.666       270336        33792
         264         1024           3.023       540672        67584
         264         2048          14.659      1081344       135168
         264         4096          20.815      2162688       270336
         264         8192          25.715      4325376       540672
         264        16384          50.305      8650752      1081344
         264        32768          99.690     17301504      2162688
         264        65536         200.112     34603008      4325376
         288            1           0.342          576           72
         288            2           0.344         1152          144
         288            4           0.350         2304          288
         288            8           0.337         4608          576
         288           16           0.414         9216         1152
         288           32           0.471        18432         2304
         288           64           0.431        36864         4608
         288          128           0.706        73728         9216
         288          256           0.933       147456        18432
         288          512           1.386       294912        36864
         288         1024           2.563       589824        73728
         288         2048          14.132      1179648       147456
         288         4096           9.502      2359296       294912
         288         8192          27.252      4718592       589824
         288        16384          38.439      9437184      1179648
         288        32768          76.152     18874368      2359296
         288        65536         152.520     37748736      4718592
         312            1           0.287          624           78
         312            2           0.412         1248          156
         312            4           0.415         2496          312
         312            8           0.486         4992          624
         312           16           0.632         9984         1248
         312           32           0.531        19968         2496
         312           64           0.797        39936         4992
         312          128           0.899        79872         9984
         312          256           2.145       159744        19968
         312          512           3.540       319488        39936
         312         1024           7.245       638976        79872
         312         2048           7.687      1277952       159744
         312         4096          19.667      2555904       319488
         312         8192          20.422      5111808       638976
         312        16384          40.905     10223616      1277952
         312        32768          83.473     20447232      2555904
         312        65536         164.133     40894464      5111808
         336            1           0.384          672           84
         336            2           0.312         1344          168
         336            4           0.444         2688          336
         336            8           0.484         5376          672
         336           16           0.318        10752         1344
         336           32           0.637        21504         2688
         336           64          10.705        43008         5376
         336          128           1.532        86016        10752
         336          256           2.597       172032        21504
         336          512           5.028       344064        43008
         336         1024           9.940       688128        86016
         336         2048          12.486      1376256       172032
         336         4096          18.410      2752512       344064
         336         8192          32.112      5505024       688128
         336        16384          48.174     11010048      1376256
         336        32768          94.991     22020096      2752512
         336        65536         190.420     44040192      5505024
         360            1           0.796          720           90
         360            2           0.226         1440          180
         360            4           0.349         2880          360
         360            8           0.445         5760          720
         360           16           0.394        11520         1440
         360           32           0.406        23040         2880
         360           64           0.635        46080         5760
         360          128           0.638        92160        11520
         360          256           1.084       184320        23040
         360          512           2.263       368640        46080
         360         1024          19.160       737280        92160
         360         2048          15.520      1474560       184320
         360         4096          12.231      2949120       368640
         360         8192          36.966      5898240       737280
         360        16384          53.984     11796480      1474560
         360        32768         111.089     23592960      2949120
         360        65536         223.850     47185920      5898240
         384            1           1.000          768           96
         384            2           0.261         1536          192
         384            4           0.425         3072          384
         384            8           0.414         6144          768
         384           16           0.399        12288         1536
         384           32           0.442        24576         3072
         384           64           0.404        49152         6144
         384          128           0.648        98304        12288
         384          256           0.951       196608        24576
         384          512           1.547       393216        49152
         384         1024           2.970       786432        98304
         384         2048          14.916      1572864       196608
         384         4096          20.677      3145728       393216
         384         8192          21.956      6291456       786432
         384        16384          41.781     12582912      1572864
         384        32768          80.620     25165824      3145728
         384        65536         164.105     50331648      6291456
         408            1           0.293          816          102
         408            2           0.250         1632          204
         408            4           0.333         3264          408
         408            8           0.512         6528          816
         408           16           0.477        13056         1632
         408           32           0.429        26112         3264
         408           64           0.523        52224         6528
         408          128           0.842       104448        13056
         408          256           1.424       208896        26112
         408          512           2.423       417792        52224
         408         1024           4.803       835584       104448
         408         2048           7.928      1671168       208896
         408         4096          21.184      3342336       417792
         408         8192          23.375      6684672       835584
         408        16384          45.379     13369344      1671168
         408        32768          92.557     26738688      3342336
         408        65536         185.787     53477376      6684672
         432            1           0.448          864          108
         432            2           0.295         1728          216
         432            4           0.339         3456          432
         432            8           0.381         6912          864
         432           16           0.357        13824         1728
         432           32           0.348        27648         3456
         432           64           0.428        55296         6912
         432          128           0.694       110592        13824
         432          256           1.016       221184        27648
         432          512           1.811       442368        55296
         432         1024           3.560       884736       110592
         432         2048          15.311      1769472       221184
         432         4096          23.090      3538944       442368
         432         8192          26.983      7077888       884736
         432        16384          54.589     14155776      1769472
         432        32768         108.047     28311552      3538944
         432        65536         223.723     56623104      7077888
         456            1           9.558          912          114
         456            2           0.340         1824          228
         456            4           0.369         3648          456
         456            8           0.517         7296          912
         456           16           0.458        14592         1824
         456           32           0.415        29184         3648
         456           64           0.489        58368         7296
         456          128           0.760       116736        14592
         456          256           1.229       233472        29184
         456          512           1.904       466944        58368
         456         1024           3.730       933888       116736
         456         2048          15.651      1867776       233472
         456         4096          24.308      3735552       466944
         456         8192          31.995      7471104       933888
         456        16384          60.282     14942208      1867776
         456        32768         121.571     29884416      3735552
         456        65536         250.917     59768832      7471104
         480            1           0.552          960          120
         480            2           0.438         1920          240
         480            4           0.497         3840          480
         480            8           0.445         7680          960
         480           16           0.344        15360         1920
         480           32           0.380        30720         3840
         480           64           0.434        61440         7680
         480          128           0.562       122880        15360
         480          256           1.116       245760        30720
         480          512           1.731       491520        61440
         480         1024           3.166       983040       122880
         480         2048          14.914      1966080       245760
         480         4096          20.470      3932160       491520
         480         8192          17.925      7864320       983040
         480        16384          35.902     15728640      1966080
         480        32768          71.534     31457280      3932160
         528            1           0.520         1056          132
         528            2           0.301         2112          264
         528            4           0.324         4224          528
         528            8           0.491         8448         1056
         528           16           0.350        16896         2112
         528           32           0.257        33792         4224
         528           64           0.393        67584         8448
         528          128           9.831       135168        16896
         528          256           2.033       270336        33792
         528          512           3.557       540672        67584
         528         1024          13.042      1081344       135168
         528         2048          13.337      2162688       270336
         528         4096          22.390      4325376       540672
         528         8192          30.475      8650752      1081344
         528        16384          37.845     17301504      2162688
         528        32768          76.026     34603008      4325376
         576            1           0.280         1152          144
         576            2           0.262         2304          288
         576            4           0.386         4608          576
         576            8           0.294         9216         1152
         576           16           0.363        18432         2304
         576           32          10.105        36864         4608
         576           64           0.397        73728         9216
         576          128           0.625       147456        18432
         576          256           1.034       294912        36864
         576          512           1.856       589824        73728
         576         1024          15.442      1179648       147456
         576         2048          18.392      2359296       294912
         576         4096          31.972      4718592       589824
         576         8192          23.195      9437184      1179648
         576        16384          45.658     18874368      2359296
         576        32768          91.169     37748736      4718592
         624            1           0.284         1248          156
         624            2           0.299         2496          312
         624            4           0.405         4992          624
         624            8           0.498         9984         1248
         624           16           9.912        19968         2496
         624           32           0.551        39936         4992
         624           64           0.850        79872         9984
         624          128           1.260       159744        19968
         624          256           2.028       319488        39936
         624          512           3.853       638976        79872
         624         1024           7.481      1277952       159744
         624         2048          24.196      2555904       319488
         624         4096          23.667      5111808       638976
         624         8192          37.788     10223616      1277952
         624        16384          56.346     20447232      2555904
         624        32768         112.784     40894464      5111808
         672            1           0.332         1344          168
         672            2           0.448         2688          336
         672            4           0.504         5376          672
         672            8           0.381        10752         1344
         672           16           0.369        21504         2688
         672           32           0.402        43008         5376
         672           64           0.416        86016        10752
         672          128           0.654       172032        21504
         672          256           1.121       344064        43008
         672          512           2.099       688128        86016
         672         1024           4.059      1376256       172032
         672         2048          17.593      2752512       344064
         672         4096          13.771      5505024       688128
         672         8192          27.562     11010048      1376256
         672        16384          54.657     22020096      2752512
         672        32768         109.065     44040192      5505024
         720            1           0.315         1440          180
         720            2           8.373         2880          360
         720            4           0.303         5760          720
         720            8           0.358        11520         1440
         720           16           0.399        23040         2880
         720           32           0.490        46080         5760
         720           64           0.621        92160        11520
         720          128           0.802       184320        23040
         720          256           1.101       368640        46080
         720          512           2.096       737280        92160
         720         1024           4.124      1474560       184320
         720         2048          33.478      2949120       368640
         720         4096          34.852      5898240       737280
         720         8192          27.101     11796480      1474560
         720        16384          53.966     23592960      2949120
         720        32768         107.535     47185920      5898240
         792            1           8.394         1584          198
         792            2           0.353         3168          396
         792            4           0.331         6336          792
         792            8           0.402        12672         1584
         792           16           0.384        25344         3168
         792           32           0.438        50688         6336
         792           64           0.737       101376        12672
         792          128           1.273       202752        25344
         792          256           2.201       405504        50688
         792          512           4.141       811008       101376
         792         1024          17.923      1622016       202752
         792         2048          20.109      3244032       405504
         792         4096          25.788      6488064       811008
         792         8192          30.210     12976128      1622016
         792        16384          60.160     25952256      3244032
         792        32768         120.320     51904512      6488064
         864            1           0.319         1728          216
         864            2           0.378         3456          432
         864            4           0.327         6912          864
         864            8           0.392        13824         1728
         864           16           0.344        27648         3456
         864           32           0.577        55296         6912
         864           64          10.024       110592        13824
         864          128           1.220       221184        27648
         864          256           2.139       442368        55296
         864          512           4.024       884736       110592
         864         1024           4.454      1769472       221184
         864         2048           8.643      3538944       442368
         864         4096          21.009      7077888       884736
         864         8192          33.349     14155776      1769472
         864        16384          66.642     28311552      3538944
         864        32768         133.127     56623104      7077888
         936            1           0.384         1872          234
         936            2           0.365         3744          468
         936            4           0.316         7488          936
         936            8           0.386        14976         1872
         936           16           0.408        29952         3744
         936           32           0.545        59904         7488
         936           64           0.781       119808        14976
         936          128           1.465       239616        29952
         936          256           2.816       479232        59904
         936          512           5.425       958464       119808
         936         1024           5.490      1916928       239616
         936         2048           9.901      3833856       479232
         936         4096          22.275      7667712       958464
         936         8192          34.462     15335424      1916928
         936        16384          68.628     30670848      3833856
         936        32768         136.895     61341696      7667712
        1008            1           0.378         2016          252
        1008            2           0.397         4032          504
        1008            4           0.361         8064         1008
        1008            8           0.424        16128         2016
        1008           16           0.642        32256         4032
        1008           32           0.641        64512         8064
        1008           64           9.838       129024        16128
        1008          128           1.690       258048        32256
        1008          256           3.005       516096        64512
        1008          512           4.641      1032192       129024
        1008         1024           5.153      2064384       258048
        1008         2048          10.061      4128768       516096
        1008         4096          22.467      8257536      1032192
        1008         8192          36.292     16515072      2064384
        1008        16384          72.258     33030144      4128768
        1104            1           0.358         2208          276
        1104            2           0.312         4416          552
        1104            4           0.329         8832         1104
        1104            8           0.361        17664         2208
        1104           16           0.314        35328         4416
        1104           32           0.404        70656         8832
        1104           64           0.516       141312        17664
        1104          128           0.814       282624        35328
        1104          256           1.394       565248        70656
        1104          512           2.589      1130496       141312
        1104         1024           4.999      2260992       282624
        1104         2048           9.786      4521984       565248
        1104         4096          19.392      9043968      1130496
        1104         8192          38.507     18087936      2260992
        1104        16384          76.700     36175872      4521984
        1200            1           0.340         2400          300
        1200            2           0.226         4800          600
        1200            4           0.307         9600         1200
        1200            8           0.403        19200         2400
        1200           16           0.449        38400         4800
        1200           32           0.464        76800         9600
        1200           64           0.497       153600        19200
        1200          128           0.862       307200        38400
        1200          256           1.513       614400        76800
        1200          512           2.803      1228800       153600
        1200         1024           5.342      2457600       307200
        1200         2048          10.460      4915200       614400
        1200         4096          20.791      9830400      1228800
        1200         8192          41.069     19660800      2457600
        1200        16384          81.967     39321600      4915200
        1320            1           0.351         2640          330
        1320            2           0.308         5280          660
        1320            4           0.322        10560         1320
        1320            8           0.334        21120         2640
        1320           16           0.310        42240         5280
        1320           32           0.436        84480        10560
        1320           64           0.553       168960        21120
        1320          128           0.849       337920        42240
        1320          256           1.530       675840        84480
        1320          512           2.995      1351680       168960
        1320         1024           5.598      2703360       337920
        1320         2048          10.942      5406720       675840
        1320         4096          21.801     10813440      1351680
        1320         8192          43.266     21626880      2703360
        1320        16384          86.309     43253760      5406720
        1440            1           0.381         2880          360
        1440            2           0.266         5760          720
        1440            4           0.331        11520         1440
        1440            8           0.359        23040         2880
        1440           16           0.380        46080         5760
        1440           32           0.456        92160        11520
        1440           64           0.547       184320        23040
        1440          128           0.833       368640        46080
        1440          256           1.470       737280        92160
        1440          512           2.839      1474560       184320
        1440         1024           5.355      2949120       368640
        1440         2048          11.197      5898240       737280
        1440         4096          21.164     11796480      1474560
        1440         8192          41.637     23592960      2949120
        1440        16384          83.254     47185920      5898240
        1584            1           0.347         3168          396
        1584            2           0.315         6336          792
        1584            4           0.417        12672         1584
        1584            8           0.368        25344         3168
        1584           16           0.377        50688         6336
        1584           32           0.392       101376        12672
        1584           64           0.627       202752        25344
        1584          128           0.964       405504        50688
        1584          256           1.754       811008       101376
        1584          512           3.307      1622016       202752
        1584         1024           6.468      3244032       405504
        1584         2048          12.742      6488064       811008
        1584         4096          25.236     12976128      1622016
        1584         8192          50.170     25952256      3244032
        1584        16384         100.079     51904512      6488064
        1728            1           0.298         3456          432
        1728            2           0.329         6912          864
        1728            4           0.451        13824         1728
        1728            8           0.348        27648         3456
        1728           16           0.510        55296         6912
        1728           32           0.533       110592        13824
        1728           64           0.809       221184        27648
        1728          128           1.292       442368        55296
        1728          256           2.382       884736       110592
        1728          512           4.378      1769472       221184
        1728         1024          18.285      3538944       442368
        1728         2048          28.387      7077888       884736
        1728         4096          24.202     14155776      1769472
        1728         8192          48.488     28311552      3538944
        1728        16384          96.712     56623104      7077888
        1896            1           0.461         3792          474
        1896            2           8.966         7584          948
        1896            4           0.468        15168         1896
        1896            8           0.495        30336         3792
        1896           16           0.653        60672         7584
        1896           32           1.051       121344        15168
        1896           64           1.565       242688        30336
        1896          128           2.796       485376        60672
        1896          256           5.289       970752       121344
        1896          512           5.954      1941504       242688
        1896         1024           9.786      3883008       485376
        1896         2048          25.522      7766016       970752
        1896         4096          28.302     15532032      1941504
        1896         8192          56.574     31064064      3883008
        2064            1           0.384         4128          516
        2064            2           0.321         8256         1032
        2064            4           0.449        16512         2064
        2064            8           0.436        33024         4128
        2064           16           0.443        66048         8256
        2064           32           0.737       132096        16512
        2064           64           0.842       264192        33024
        2064          128           1.553       528384        66048
        2064          256           2.809      1056768       132096
        2064          512          15.126      2113536       264192
        2064         1024           7.926      4227072       528384
        2064         2048          16.717      8454144      1056768
        2064         4096          33.287     16908288      2113536
        2064         8192          66.286     33816576      4227072
        2256            1           0.374         4512          564
        2256            2           0.231         9024         1128
        2256            4           0.447        18048         2256
        2256            8           0.497        36096         4512
        2256           16           0.415        72192         9024
        2256           32           0.466       144384        18048
        2256           64           0.686       288768        36096
        2256          128           1.165       577536        72192
        2256          256           2.187      1155072       144384
        2256          512           4.100      2310144       288768
        2256         1024           8.018      4620288       577536
        2256         2048          15.841      9240576      1155072
        2256         4096          31.436     18481152      2310144
        2256         8192          62.702     36962304      4620288
        2472            1           0.363         4944          618
        2472            2           0.314         9888         1236
        2472            4           0.345        19776         2472
        2472            8           9.349        39552         4944
        2472           16           0.464        79104         9888
        2472           32           0.604       158208        19776
        2472           64           1.054       316416        39552
        2472          128           1.827       632832        79104
        2472          256          13.160      1265664       158208
        2472          512          15.830      2531328       316416
        2472         1024           8.692      5062656       632832
        2472         2048          17.124     10125312      1265664
        2472         4096          34.071     20250624      2531328
        2472         8192          67.861     40501248      5062656
        2712            1           0.980         5424          678
        2712            2           0.461        10848         1356
        2712            4           0.345        21696         2712
        2712            8           0.504        43392         5424
        2712           16           0.454        86784        10848
        2712           32           0.606       173568        21696
        2712           64           0.863       347136        43392
        2712          128           1.305       694272        86784
        2712          256           2.616      1388544       173568
        2712          512           5.390      2777088       347136
        2712         1024           9.759      5554176       694272
        2712         2048          21.487     11108352      1388544
        2712         4096          43.285     22216704      2777088
        2712         8192          83.754     44433408      5554176
        2976            1           0.468         5952          744
        2976            2           0.252        11904         1488
        2976            4           0.365        23808         2976
        2976            8           0.399        47616         5952
        2976           16           0.882        95232        11904
        2976           32          10.625       190464        23808
        2976           64           2.042       380928        47616
        2976          128           3.898       761856        95232
        2976          256           7.419      1523712       190464
        2976          512          21.351      3047424       380928
        2976         1024          35.591      6094848       761856
        2976         2048          29.128     12189696      1523712
        2976         4096          38.156     24379392      3047424
        2976         8192          92.234     48758784      6094848
        3264            1           0.568         6528          816
        3264            2           0.286        13056         1632
        3264            4           0.455        26112         3264
        3264            8           0.467        52224         6528
        3264           16           0.644       104448        13056
        3264           32           0.939       208896        26112
        3264           64           1.583       417792        52224
        3264          128           2.792       835584       104448
        3264          256           4.697      1671168       208896
        3264          512           7.471      3342336       417792
        3264         1024          12.739      6684672       835584
        3264         2048          25.192     13369344      1671168
        3264         4096          49.995     26738688      3342336
        3264         8192          99.708     53477376      6684672
        3576            1           0.408         7152          894
        3576            2           0.278        14304         1788
        3576            4           0.384        28608         3576
        3576            8           0.408        57216         7152
        3576           16           0.420       114432        14304
        3576           32           0.633       228864        28608
        3576           64           1.123       457728        57216
        3576          128           2.004       915456       114432
        3576          256           3.837      1830912       228864
        3576          512          35.612      3661824       457728
        3576         1024          34.980      7323648       915456
        3576         2048          24.956     14647296      1830912
        3576         4096          49.710     29294592      3661824
        3576         8192          99.088     58589184      7323648
        3912            1           0.510         7824          978
        3912            2           0.446        15648         1956
        3912            4           0.313        31296         3912
        3912            8           0.462        62592         7824
        3912           16           0.662       125184        15648
        3912           32           0.945       250368        31296
        3912           64          11.067       500736        62592
        3912          128           2.952      1001472       125184
        3912          256          18.573      2002944       250368
        3912          512          15.106      4005888       500736
        3912         1024          26.788      8011776      1001472
        3912         2048          28.995     16023552      2002944
        3912         4096          57.739     32047104      4005888
        4296            1           0.354         8592         1074
        4296            2           0.322        17184         2148
        4296            4           0.498        34368         4296
        4296            8           0.397        68736         8592
        4296           16           0.492       137472        17184
        4296           32           0.788       274944        34368
        4296           64           1.226       549888        68736
        4296          128           2.165      1099776       137472
        4296          256           4.114      2199552       274944
        4296          512           7.934      4399104       549888
        4296         1024          15.527      8798208      1099776
        4296         2048          30.473     17596416      2199552
        4296         4096          60.741     35192832      4399104
        4704            1           0.607         9408         1176
        4704            2           0.343        18816         2352
        4704            4           0.370        37632         4704
        4704            8           0.458        75264         9408
        4704           16           0.446       150528        18816
        4704           32           0.798       301056        37632
        4704           64           1.244       602112        75264
        4704          128           2.136      1204224       150528
        4704          256           3.986      2408448       301056
        4704          512           7.764      4816896       602112
        4704         1024          15.240      9633792      1204224
        4704         2048          30.121     19267584      2408448
        4704         4096          60.230     38535168      4816896
        5160            1           0.426        10320         1290
        5160            2           0.471        20640         2580
        5160            4           0.425        41280         5160
        5160            8           0.440        82560        10320
        5160           16           0.499       165120        20640
        5160           32           0.781       330240        41280
        5160           64           1.325       660480        82560
        5160          128           2.356      1320960       165120
        5160          256           4.413      2641920       330240
        5160          512           8.603      5283840       660480
        5160         1024          16.895     10567680      1320960
        5160         2048          33.625     21135360      2641920
        5160         4096          67.187     42270720      5283840
        5664            1           0.529        11328         1416
        5664            2           0.432        22656         2832
        5664            4           0.473        45312         5664
        5664            8           0.455        90624        11328
        5664           16           0.545       181248        22656
        5664           32           0.874       362496        45312
        5664           64           1.389       724992        90624
        5664          128           2.414      1449984       181248
        5664          256           4.611      2899968       362496
        5664          512           8.864      5799936       724992
        5664         1024          17.653     11599872      1449984
        5664         2048          34.799     23199744      2899968
        5664         4096          69.453     46399488      5799936
        6216            1           1.143        12432         1554
        6216            2           1.446        24864         3108
        6216            4           0.449        49728         6216
        6216            8           0.519        99456        12432
        6216           16           0.664       198912        24864
        6216           32           1.204       397824        49728
        6216           64           2.152       795648        99456
        6216          128          14.088      1591296       198912
        6216          256           8.449      3182592       397824
        6216          512          21.173      6365184       795648
        6216         1024          19.510     12730368      1591296
        6216         2048          38.719     25460736      3182592
        6216         4096          77.161     50921472      6365184
        6816            1           0.463        13632         1704
        6816            2           0.423        27264         3408
        6816            4           0.417        54528         6816
        6816            8           0.543       109056        13632
        6816           16           0.689       218112        27264
        6816           32           1.022       436224        54528
        6816           64           1.629       872448       109056
        6816          128           2.965      1744896       218112
        6816          256           5.468      3489792       436224
        6816          512          10.535      6979584       872448
        6816         1024          20.961     13959168      1744896
        6816         2048          41.670     27918336      3489792
        6816         4096          82.618     55836672      6979584
        7488            1           0.734        14976         1872
        7488            2           0.351        29952         3744
        7488            4           0.425        59904         7488
        7488            8           0.478       119808        14976
        7488           16           0.683       239616        29952
        7488           32           1.097       479232        59904
        7488           64           1.874       958464       119808
        7488          128           3.394      1916928       239616
        7488          256           6.389      3833856       479232
        7488          512          12.415      7667712       958464
        7488         1024          24.578     15335424      1916928
        7488         2048          48.692     30670848      3833856
        7488         4096          97.640     61341696      7667712
        8232            1           0.712        16464         2058
        8232            2           0.353        32928         4116
        8232            4           0.362        65856         8232
        8232            8           0.555       131712        16464
        8232           16           0.758       263424        32928
        8232           32           1.250       526848        65856
        8232           64           2.094      1053696       131712
        8232          128           3.575      2107392       263424
        8232          256           6.967      4214784       526848
        8232          512          13.432      8429568      1053696
        8232         1024          27.060     16859136      2107392
        8232         2048          53.038     33718272      4214784
        9048            1           0.456        18096         2262
        9048            2           0.312        36192         4524
        9048            4           0.547        72384         9048
        9048            8           0.552       144768        18096
        9048           16           0.731       289536        36192
        9048           32           1.132       579072        72384
        9048           64           2.005      1158144       144768
        9048          128           3.686      2316288       289536
        9048          256           7.026      4632576       579072
        9048          512          13.663      9265152      1158144
        9048         1024          27.034     18530304      2316288
        9048         2048          53.740     37060608      4632576
        9936            1           0.448        19872         2484
        9936            2           0.443        39744         4968
        9936            4           0.508        79488         9936
        9936            8           0.651       158976        19872
        9936           16           0.898       317952        39744
        9936           32           1.269       635904        79488
        9936           64           2.386      1271808       158976
        9936          128           4.290      2543616       317952
        9936          256           8.181      5087232       635904
        9936          512          15.938     10174464      1271808
        9936         1024          31.473     20348928      2543616
        9936         2048          62.632     40697856      5087232
       10920            1           0.494        21840         2730
       10920            2           0.387        43680         5460
       10920            4           0.548        87360        10920
       10920            8           0.619       174720        21840
       10920           16           0.858       349440        43680
       10920           32           1.371       698880        87360
       10920           64           2.505      1397760       174720
       10920          128           4.651      2795520       349440
       10920          256           8.947      5591040       698880
       10920          512          17.651     11182080      1397760
       10920         1024          34.928     22364160      2795520
       10920         2048          69.483     44728320      5591040
       12000            1           0.487        24000         3000
       12000            2           0.403        48000         6000
       12000            4           0.631        96000        12000
       12000            8           0.733       192000        24000
       12000           16           0.930       384000        48000
       12000           32           1.487       768000        96000
       12000           64           2.658      1536000       192000
       12000          128           4.988      3072000       384000
       12000          256           9.478      6144000       768000
       12000          512          18.736     12288000      1536000
       12000         1024          37.027     24576000      3072000
       12000         2048          73.996     49152000      6144000
       13200            1           0.546        26400         3300
       13200            2           0.512        52800         6600
       13200            4           0.499       105600        13200
       13200            8           0.594       211200        26400
       13200           16           1.049       422400        52800
       13200           32           1.710       844800       105600
       13200           64           2.914      1689600       211200
       13200          128           5.452      3379200       422400
       13200          256          10.480      6758400       844800
       13200          512          20.610     13516800      1689600
       13200         1024          41.161     27033600      3379200
       13200         2048          81.852     54067200      6758400
       14520            1           0.576        29040         3630
       14520            2           0.424        58080         7260
       14520            4           0.550       116160        14520
       14520            8           0.703       232320        29040
       14520           16           0.996       464640        58080
       14520           32           1.737       929280       116160
       14520           64           3.128      1858560       232320
       14520          128           5.956      3717120       464640
       14520          256          11.362      7434240       929280
       14520          512          22.535     14868480      1858560
       14520         1024          44.724     29736960      3717120
       14520         2048         100.187     59473920      7434240
       15960            1           0.713        31920         3990
       15960            2           0.435        63840         7980
       15960            4           0.610       127680        15960
       15960            8           0.747       255360        31920
       15960           16           1.073       510720        63840
       15960           32           1.928      1021440       127680
       15960           64           3.339      2042880       255360
       15960          128           6.381      4085760       510720
       15960          256          12.399      8171520      1021440
       15960          512          24.774     16343040      2042880
       15960         1024          49.171     32686080      4085760
       17544            1           0.850        35088         4386
       17544            2           0.443        70176         8772
       17544            4           0.629       140352        17544
       17544            8           0.832       280704        35088
       17544           16           1.214       561408        70176
       17544           32           2.063      1122816       140352
       17544           64           3.710      2245632       280704
       17544          128           7.114      4491264       561408
       17544          256          13.657      8982528      1122816
       17544          512          26.881     17965056      2245632
       17544         1024          53.393     35930112      4491264
       19296            1           0.778        38592         4824
       19296            2           0.498        77184         9648
       19296            4           0.624       154368        19296
       19296            8           0.897       308736        38592
       19296           16           1.273       617472        77184
       19296           32           2.215      1234944       154368
       19296           64           4.012      2469888       308736
       19296          128           7.803      4939776       617472
       19296          256          14.884      9879552      1234944
       19296          512          29.358     19759104      2469888
       19296         1024          58.203     39518208      4939776
       21216            1           0.951        42432         5304
       21216            2           0.572        84864        10608
       21216            4           0.654       169728        21216
       21216            8           0.932       339456        42432
       21216           16           1.368       678912        84864
       21216           32           2.340      1357824       169728
       21216           64           4.350      2715648       339456
       21216          128           8.345      5431296       678912
       21216          256          16.254     10862592      1357824
       21216          512          32.072     21725184      2715648
       21216         1024          63.925     43450368      5431296
       23328            1           0.776        46656         5832
       23328            2           0.532        93312        11664
       23328            4           0.703       186624        23328
       23328            8           1.030       373248        46656
       23328           16           1.695       746496        93312
       23328           32          12.801      1492992       186624
       23328           64           7.745      2985984       373248
       23328          128          49.164      5971968       746496
       23328          256          29.424     11943936      1492992
       23328          512          34.874     23887872      2985984
       23328         1024          69.448     47775744      5971968
       25656            1           0.806        51312         6414
       25656            2           0.555       102624        12828
       25656            4           0.794       205248        25656
       25656            8           1.038       410496        51312
       25656           16           1.606       820992       102624
       25656           32           2.791      1641984       205248
       25656           64           5.100      3283968       410496
       25656          128           9.814      6567936       820992
       25656          256          19.267     13135872      1641984
       25656          512          38.226     26271744      3283968
       25656         1024          75.935     52543488      6567936
       28200            1           1.220        56400         7050
       28200            2           0.604       112800        14100
       28200            4           0.769       225600        28200
       28200            8           1.106       451200        56400
       28200           16           1.724       902400       112800
       28200           32           3.062      1804800       225600
       28200           64           5.819      3609600       451200
       28200          128          10.829      7219200       902400
       28200          256          21.506     14438400      1804800
       28200          512          42.753     28876800      3609600
       28200         1024          84.526     57753600      7219200
       31008            1           1.635        62016         7752
       31008            2           0.661       124032        15504
       31008            4           0.871       248064        31008
       31008            8           1.172       496128        62016
       31008           16           1.842       992256       124032
       31008           32           3.349      1984512       248064
       31008           64           6.140      3969024       496128
       31008          128          11.917      7938048       992256
       31008          256          23.428     15876096      1984512
       31008          512          46.506     31752192      3969024
       34104            1           1.003        68208         8526
       34104            2           0.593       136416        17052
       34104            4           0.847       272832        34104
       34104            8           1.242       545664        68208
       34104           16           2.103      1091328       136416
       34104           32           3.640      2182656       272832
       34104           64           6.760      4365312       545664
       34104          128          13.103      8730624      1091328
       34104          256          26.179     17461248      2182656
       34104          512          51.195     34922496      4365312
       37512            1           1.191        75024         9378
       37512            2           0.743       150048        18756
       37512            4           0.863       300096        37512
       37512            8           1.345       600192        75024
       37512           16           2.150      1200384       150048
       37512           32           3.941      2400768       300096
       37512           64           7.321      4801536       600192
       37512          128          14.280      9603072      1200384
       37512          256          28.204     19206144      2400768
       37512          512          55.864     38412288      4801536
       41256            1           1.429        82512        10314
       41256            2           0.688       165024        20628
       41256            4           0.928       330048        41256
       41256            8           1.413       660096        82512
       41256           16           2.350      1320192       165024
       41256           32           4.314      2640384       330048
       41256           64           8.065      5280768       660096
       41256          128          15.582     10561536      1320192
       41256          256          30.698     21123072      2640384
       41256          512          61.019     42246144      5280768
       45360            1           1.078        90720        11340
       45360            2           0.780       181440        22680
       45360            4           1.008       362880        45360
       45360            8           1.574       725760        90720
       45360           16           2.583      1451520       181440
       45360           32           4.647      2903040       362880
       45360           64           8.796      5806080       725760
       45360          128          17.035     11612160      1451520
       45360          256          33.708     23224320      2903040
       45360          512          66.741     46448640      5806080
       49896            1           1.582        99792        12474
       49896            2           0.818       199584        24948
       49896            4           1.063       399168        49896
       49896            8           1.728       798336        99792
       49896           16           2.898      1596672       199584
       49896           32           5.124      3193344       399168
       49896           64           9.697      6386688       798336
       49896          128          18.918     12773376      1596672
       49896          256          37.295     25546752      3193344
       49896          512          74.130     51093504      6386688
       54864            1           1.286       109728        13716
       54864            2           0.875       219456        27432
       54864            4           1.163       438912        54864
       54864            8           1.787       877824       109728
       54864           16           3.162      1755648       219456
       54864           32           5.490      3511296       438912
       54864           64          10.615      7022592       877824
       54864          128          20.503     14045184      1755648
       54864          256          40.668     28090368      3511296
       54864          512          80.755     56180736      7022592
       60336            1           1.598       120672        15084
       60336            2           0.840       241344        30168
       60336            4           1.220       482688        60336
       60336            8           1.914       965376       120672
       60336           16           3.316      1930752       241344
       60336           32           6.032      3861504       482688
       60336           64          11.632      7723008       965376
       60336          128          22.622     15446016      1930752
       60336          256          44.669     30892032      3861504
       60336          512          88.889     61784064      7723008
       66360            1           1.785       132720        16590
       66360            2           0.963       265440        33180
       66360            4           1.345       530880        66360
       66360            8           2.059      1061760       132720
       66360           16           3.582      2123520       265440
       66360           32           6.597      4247040       530880
       66360           64          12.692      8494080      1061760
       66360          128          24.927     16988160      2123520
       66360          256          49.115     33976320      4247040
       72984            1           1.623       145968        18246
       72984            2           1.057       291936        36492
       72984            4           1.396       583872        72984
       72984            8           2.271      1167744       145968
       72984           16           3.962      2335488       291936
       72984           32           7.262      4670976       583872
       72984           64          13.893      9341952      1167744
       72984          128          27.143     18683904      2335488
       72984          256          54.026     37367808      4670976
       80280            1           2.340       160560        20070
       80280            2           1.097       321120        40140
       80280            4           1.599       642240        80280
       80280            8           2.456      1284480       160560
       80280           16           4.332      2568960       321120
       80280           32           8.112      5137920       642240
       80280           64          15.366     10275840      1284480
       80280          128          30.057     20551680      2568960
       80280          256          59.507     41103360      5137920
       88296            1           1.891       176592        22074
       88296            2           1.268       353184        44148
       88296            4           1.757       706368        88296
       88296            8           2.787      1412736       176592
       88296           16           4.746      2825472       353184
       88296           32           8.809      5650944       706368
       88296           64          16.870     11301888      1412736
       88296          128          33.176     22603776      2825472
       88296          256          65.504     45207552      5650944
       97104            1           1.985       194208        24276
       97104            2           1.314       388416        48552
       97104            4           2.025       776832        97104
       97104            8           3.104      1553664       194208
       97104           16           5.422      3107328       388416
       97104           32           9.684      6214656       776832
       97104           64          18.539     12429312      1553664
       97104          128          36.353     24858624      3107328
       97104          256          71.945     49717248      6214656
      106800            1           2.902       213600        26700
      106800            2           1.509       427200        53400
      106800            4           2.307       854400       106800
      106800            8           4.040      1708800       213600
      106800           16           7.588      3417600       427200
      106800           32          14.561      6835200       854400
      106800           64          28.499     13670400      1708800
      106800          128          56.426     27340800      3417600
      106800          256         112.081     54681600      6835200
      117480            1           2.572       234960        29370
      117480            2           2.216       469920        58740
      117480            4           3.496       939840       117480
      117480            8          15.743      1879680       234960
      117480           16          19.070      3759360       469920
      117480           32          17.772      7518720       939840
      117480           64          34.760     15037440      1879680
      117480          128          68.743     30074880      3759360
      117480          256         136.918     60149760      7518720
      129216            1           2.830       258432        32304
      129216            2           2.211       516864        64608
      129216            4           3.570      1033728       129216
      129216            8           5.990      2067456       258432
      129216           16          32.129      4134912       516864
      129216           32          37.895      8269824      1033728
      129216           64          46.309     16539648      2067456
      129216          128          89.527     33079296      4134912
      142128            1          12.995       284256        35532
      142128            2           2.947       568512        71064
      142128            4          14.020      1137024       142128
      142128            8          16.968      2274048       284256
      142128           16          14.644      4548096       568512
      142128           32          31.550      9096192      1137024
      142128           64          50.421     18192384      2274048
      142128          128         100.156     36384768      4548096
      156336            1          10.649       312672        39084
      156336            2           3.556       625344        78168
      156336            4           5.873      1250688       156336
      156336            8          23.619      2501376       312672
      156336           16          23.776      5002752       625344
      156336           32          28.973     10005504      1250688
      156336           64          53.094     20011008      2501376
      156336          128         103.228     40022016      5002752
      171960            1           3.685       343920        42990
      171960            2           2.541       687840        85980
      171960            4           4.011      1375680       171960
      171960            8           8.512      2751360       343920
      171960           16          19.799      5502720       687840
      171960           32          39.349     11005440      1375680
      171960           64          68.000     22010880      2751360
      171960          128         124.656     44021760      5502720
      189144            1           5.533       378288        47286
      189144            2           8.122       756576        94572
      189144            4          11.868      1513152       189144
      189144            8          20.012      3026304       378288
      189144           16          25.184      6052608       756576
      189144           32          28.062     12105216      1513152
      189144           64          55.181     24210432      3026304
      189144          128         109.639     48420864      6052608
      208056            1           6.208       416112        52014
      208056            2           3.649       832224       104028
      208056            4           4.763      1664448       208056
      208056            8           8.441      3328896       416112
      208056           16          15.941      6657792       832224
      208056           32          30.999     13315584      1664448
      208056           64          61.173     26631168      3328896
      208056          128         120.728     53262336      6657792
      228840            1           5.343       457680        57210
      228840            2           3.129       915360       114420
      228840            4           5.294      1830720       228840
      228840            8           9.328      3661440       457680
      228840           16          17.647      7322880       915360
      228840           32          34.205     14645760      1830720
      228840           64          80.507     29291520      3661440
      228840          128         193.558     58583040      7322880
      251712            1           5.989       503424        62928
      251712            2           5.606      1006848       125856
      251712            4           8.632      2013696       251712
      251712            8          12.396      4027392       503424
      251712           16          23.312      8054784      1006848
      251712           32          57.201     16109568      2013696
      251712           64         110.851     32219136      4027392
      276864            1          16.753       553728        69216
      276864            2          12.540      1107456       138432
      276864            4          16.534      2214912       276864
      276864            8          23.231      4429824       553728
      276864           16          25.761      8859648      1107456
      276864           32          46.548     17719296      2214912
      276864           64          92.785     35438592      4429824
      304536            1           8.739       609072        76134
      304536            2           4.007      1218144       152268
      304536            4           8.082      2436288       304536
      304536            8          16.735      4872576       609072
      304536           16          25.402      9745152      1218144
      304536           32          53.643     19490304      2436288
      304536           64         103.581     38980608      4872576
      334968            1          10.986       669936        83742
      334968            2           4.720      1339872       167484
      334968            4           7.426      2679744       334968
      334968            8          16.760      5359488       669936
      334968           16          29.018     10718976      1339872
      334968           32          57.330     21437952      2679744
      334968           64         113.705     42875904      5359488
      368448            1           8.945       736896        92112
      368448            2           4.786      1473792       184224
      368448            4          10.594      2947584       368448
      368448            8          18.000      5895168       736896
      368448           16          31.086     11790336      1473792
      368448           32          64.279     23580672      2947584
      368448           64         123.015     47161344      5895168
      405288            1           8.772       810576       101322
      405288            2           6.727      1621152       202644
      405288            4          12.279      3242304       405288
      405288            8          17.422      6484608       810576
      405288           16          37.627     12969216      1621152
      405288           32          67.664     25938432      3242304
      405288           64         136.205     51876864      6484608
      445800            1          10.445       891600       111450
      445800            2           7.234      1783200       222900
      445800            4          12.324      3566400       445800
      445800            8          19.458      7132800       891600
      445800           16          40.520     14265600      1783200
      445800           32          76.175     28531200      3566400
      445800           64         149.885     57062400      7132800
      490368            1          14.039       980736       122592
      490368            2           7.160      1961472       245184
      490368            4          11.190      3922944       490368
      490368            8          24.552      7845888       980736
      490368           16          42.851     15691776      1961472
      490368           32          82.661     31383552      3922944
      539400            1          15.808      1078800       134850
      539400            2           6.931      2157600       269700
      539400            4          13.779      4315200       539400
      539400            8          26.628      8630400      1078800
      539400           16          49.066     17260800      2157600
      539400           32          92.283     34521600      4315200
      593328            1          16.024      1186656       148332
      593328            2           9.050      2373312       296664
      593328            4          13.401      4746624       593328
      593328            8          29.280      9493248      1186656
      593328           16          52.696     18986496      2373312
      593328           32         103.414     37972992      4746624
      652656            1          17.503      1305312       163164
      652656            2           9.878      2610624       326328
      652656            4          17.535      5221248       652656
      652656            8          30.054     10442496      1305312
      652656           16          57.659     20884992      2610624
      652656           32         113.061     41769984      5221248
      717912            1          17.547      1435824       179478
      717912            2          11.483      2871648       358956
      717912            4          19.948      5743296       717912
      717912            8          31.870     11486592      1435824
      717912           16          64.251     22973184      2871648
      717912           32         125.411     45946368      5743296
      789696            1          22.808      1579392       197424
      789696            2          10.893      3158784       394848
      789696            4          21.922      6317568       789696
      789696            8          36.505     12635136      1579392
      789696           16          70.114     25270272      3158784
      789696           32         137.433     50540544      6317568
      868656            1          23.076      1737312       217164
      868656            2          11.515      3474624       434328
      868656            4          24.767      6949248       868656
      868656            8          41.035     13898496      1737312
      868656           16          75.660     27796992      3474624
      868656           32         149.339     55593984      6949248
      955512            1          24.837      1911024       238878
      955512            2          14.952      3822048       477756
      955512            4          24.733      7644096       955512
      955512            8          46.045     15288192      1911024
      955512           16          81.923     30576384      3822048
      955512           32         167.930     61152768      7644096
     1051056            1          26.308      2102112       262764
     1051056            2          17.924      4204224       525528
     1051056            4          28.049      8408448      1051056
     1051056            8          49.364     16816896      2102112
     1051056           16          95.027     33633792      4204224
     1156152            1          28.435      2312304       289038
     1156152            2          20.976      4624608       578076
     1156152            4          28.640      9249216      1156152
     1156152            8          55.761     18498432      2312304
     1156152           16          99.898     36996864      4624608
     1271760            1          32.525      2543520       317940
     1271760            2          20.553      5087040       635880
     1271760            4          34.827     10174080      1271760
     1271760            8          60.769     20348160      2543520
     1271760           16         115.281     40696320      5087040
     1398936            1          36.805      2797872       349734
     1398936            2          23.286      5595744       699468
     1398936            4          37.003     11191488      1398936
     1398936            8          64.725     22382976      2797872
     1398936           16         123.993     44765952      5595744
     1538808            1          36.432      3077616       384702
     1538808            2          24.808      6155232       769404
     1538808            4          41.928     12310464      1538808
     1538808            8          74.728     24620928      3077616
     1538808           16         139.521     49241856      6155232
     1692672            1          41.461      3385344       423168
     1692672            2          28.005      6770688       846336
     1692672            4          45.870     13541376      1692672
     1692672            8          83.722     27082752      3385344
     1692672           16         155.096     54165504      6770688
     1861920            1          46.638      3723840       465480
     1861920            2          36.676      7447680       930960
     1861920            4          49.429     14895360      1861920
     1861920            8         100.504     29790720      3723840
     1861920           16         168.184     59581440      7447680
     2048112            1          48.494      4096224       512028
     2048112            2          40.157      8192448      1024056
     2048112            4          56.653     16384896      2048112
     2048112            8         106.390     32769792      4096224
     2252904            1          56.321      4505808       563226
     2252904            2          45.705      9011616      1126452
     2252904            4          63.868     18023232      2252904
     2252904            8         114.430     36046464      4505808
     2478192            1          58.420      4956384       619548
     2478192            2          54.098      9912768      1239096
     2478192            4          74.888     19825536      2478192
     2478192            8         126.711     39651072      4956384
     2725992            1          56.412      5451984       681498
     2725992            2          60.424     10903968      1362996
     2725992            4          84.633     21807936      2725992
     2725992            8         163.645     43615872      5451984
     2998584            1          73.159      5997168       749646
     2998584            2          69.950     11994336      1499292
     2998584            4          98.624     23988672      2998584
     2998584            8         174.131     47977344      5997168
     3298440            1          60.934      6596880       824610
     3298440            2          81.895     13193760      1649220
     3298440            4         120.751     26387520      3298440
     3298440            8         339.261     52775040      6596880
     3628272            1          78.265      7256544       907068
     3628272            2          95.486     14513088      1814136
     3628272            4         137.234     29026176      3628272
     3628272            8         267.511     58052352      7256544
     3991080            1          97.457      7982160       997770
     3991080            2          94.520     15964320      1995540
     3991080            4         142.406     31928640      3991080
     4390176            1         111.993      8780352      1097544
     4390176            2         109.362     17560704      2195088
     4390176            4         161.829     35121408      4390176
     4829184            1          74.474      9658368      1207296
     4829184            2         127.391     19316736      2414592
     4829184            4         189.850     38633472      4829184
     5312088            1          81.834     10624176      1328022
     5312088            2         143.496     21248352      2656044
     5312088            4         216.373     42496704      5312088
     5843280            1          90.588     11686560      1460820
     5843280            2         160.768     23373120      2921640
     5843280            4         240.364     46746240      5843280
     6427608            1         104.970     12855216      1606902
     6427608            2         182.943     25710432      3213804
     6427608            4         269.688     51420864      6427608
     7070352            1         106.190     14140704      1767588
     7070352            2         198.793     28281408      3535176
     7070352            4         296.861     56562816      7070352
     7777368            1         121.046     15554736      1944342
     7777368            2         219.323     31109472      3888684
     8555088            1         130.995     17110176      2138772
     8555088            2         240.808     34220352      4277544
     9410592            1         145.747     18821184      2352648
     9410592            2         266.866     37642368      4705296
    10351632            1         162.793     20703264      2587908
    10351632            2         293.193     41406528      5175816
    11386776            1         177.909     22773552      2846694
    11386776            2         334.508     45547104      5693388
    12525432            1         195.958     25050864      3131358
    12525432            2         361.799     50101728      6262716
    13777968            1         238.166     27555936      3444492
    13777968            2         407.991     55111872      6888984
    15155760            1         283.514     30311520      3788940
    15155760            2         453.800     60623040      7577880
    16671336            1         305.478     33342672      4167834
    18338448            1         315.784     36676896      4584612
    20172288            1         356.460     40344576      5043072
    22189512            1         407.181     44379024      5547378
    24408456            1         470.339     48816912      6102114
    26849280            1         532.342     53698560      6712320
    29534208            1         605.081     59068416      7383552

META_DATA
FLOPS          2
OPENMP_THREADS 3
ERT_VERSION  1.1.0
HOSTNAME  ('cirrus4.computing.clemson.edu', ['cirrus4'], ['127.0.1.1'])
UNAME  uname_result(system='Linux', node='cirrus4.computing.clemson.edu', release='5.4.0-81-generic', version='#91-Ubuntu SMP Thu Jul 15 19:09:17 UTC 2021', machine='x86_64', processor='x86_64')
TIMESTAMP_DATA  1632245402.878795
CONFIG  {'ERT_RESULTS': ['Results.cs.clemson.edu'], 'ERT_DRIVER': ['driver1'], 'ERT_KERNEL': ['kernel1'], 'ERT_MPI': ['False'], 'ERT_MPI_CFLAGS': [], 'ERT_MPI_LDFLAGS': [], 'ERT_OPENMP': ['True'], 'ERT_OPENMP_CFLAGS': ['-fopenmp'], 'ERT_OPENMP_LDFLAGS': ['-fopenmp'], 'ERT_FLOPS': ['1,2,4'], 'ERT_ALIGN': ['32'], 'ERT_CC': ['g++'], 'ERT_CFLAGS': ['-O3', '-std=c++11', '-fstrict-aliasing', '-march=native'], 'ERT_LD': ['g++'], 'ERT_LDFLAGS': [], 'ERT_LDLIBS': [], 'ERT_PRECISION': ['FP64'], 'ERT_RUN': ['export', 'OMP_NUM_THREADS=ERT_OPENMP_THREADS;', 'export', 'OMP_PLACES=threads;', 'export', 'OMP_PROC_BIND=spread;', './ERT_CODE'], 'ERT_PROCS_THREADS': ['8'], 'ERT_MPI_PROCS': ['2,4,8'], 'ERT_OPENMP_THREADS': ['1-8'], 'ERT_NUM_EXPERIMENTS': ['5'], 'ERT_MEMORY_MAX': ['31000000'], 'ERT_WORKING_SET_MIN': ['1'], 'ERT_TRIALS_MIN': ['1'], 'ERT_GNUPLOT': ['gnuplot'], 'ERT_GPU': [False], 'ERT_HIP': [False], 'ERT_OCL': [False], 'ERT_SYCL': [False], 'ERT_WSS_MULT': [1.1]}
