fp64
          24            1           0.753           48            6
          24            2           0.397           96           12
          24            4           0.413          192           24
          24            8           0.314          384           48
          24           16           0.306          768           96
          24           32           0.339         1536          192
          24           64           0.494         3072          384
          24          128           0.527         6144          768
          24          256           0.869        12288         1536
          24          512           1.287        24576         3072
          24         1024           2.470        49152         6144
          24         2048           4.815        98304        12288
          24         4096           9.360       196608        24576
          24         8192          18.395       393216        49152
          24        16384          36.553       786432        98304
          24        32768          72.793      1572864       196608
          24        65536         145.277      3145728       393216
          24       131072         290.331      6291456       786432
          24       262144         580.319     12582912      1572864
          24       524288        1218.212     25165824      3145728
          24      1048576        3146.655     50331648      6291456
          48            1           0.637           96           12
          48            2           0.326          192           24
          48            4           0.415          384           48
          48            8           0.459          768           96
          48           16           0.385         1536          192
          48           32           0.335         3072          384
          48           64           0.492         6144          768
          48          128           0.680        12288         1536
          48          256           1.176        24576         3072
          48          512           1.951        49152         6144
          48         1024           3.651        98304        12288
          48         2048           6.991       196608        24576
          48         4096          13.810       393216        49152
          48         8192          27.240       786432        98304
          48        16384          54.051      1572864       196608
          48        32768         107.778      3145728       393216
          48        65536         209.950      6291456       786432
          48       131072         419.252     12582912      1572864
          48       262144         797.876     25165824      3145728
          48       524288        1592.870     50331648      6291456
          72            1           0.444          144           18
          72            2           0.260          288           36
          72            4           0.428          576           72
          72            8           0.382         1152          144
          72           16           0.364         2304          288
          72           32           0.410         4608          576
          72           64           0.464         9216         1152
          72          128           0.602        18432         2304
          72          256           1.053        36864         4608
          72          512           1.866        73728         9216
          72         1024           3.316       147456        18432
          72         2048           6.444       294912        36864
          72         4096          12.719       589824        73728
          72         8192          25.039      1179648       147456
          72        16384          49.699      2359296       294912
          72        32768          99.227      4718592       589824
          72        65536         198.121      9437184      1179648
          72       131072         396.120     18874368      2359296
          72       262144         801.615     37748736      4718592
          96            1           0.528          192           24
          96            2           0.349          384           48
          96            4           0.282          768           96
          96            8           0.250         1536          192
          96           16           0.271         3072          384
          96           32           0.319         6144          768
          96           64           0.350        12288         1536
          96          128           0.367        24576         3072
          96          256           0.820        49152         6144
          96          512           1.346        98304        12288
          96         1024           2.273       196608        24576
          96         2048           4.444       393216        49152
          96         4096           8.715       786432        98304
          96         8192          17.014      1572864       196608
          96        16384          33.737      3145728       393216
          96        32768          67.853      6291456       786432
          96        65536         135.612     12582912      1572864
          96       131072         271.032     25165824      3145728
          96       262144         541.860     50331648      6291456
         120            1           0.453          240           30
         120            2           0.316          480           60
         120            4           0.434          960          120
         120            8           0.379         1920          240
         120           16           0.384         3840          480
         120           32           0.439         7680          960
         120           64           0.399        15360         1920
         120          128           0.479        30720         3840
         120          256           0.704        61440         7680
         120          512           1.271       122880        15360
         120         1024           2.410       245760        30720
         120         2048           4.491       491520        61440
         120         4096           8.734       983040       122880
         120         8192          17.240      1966080       245760
         120        16384          34.184      3932160       491520
         120        32768          68.033      7864320       983040
         120        65536         136.001     15728640      1966080
         120       131072         271.666     31457280      3932160
         144            1           0.255          288           36
         144            2           0.327          576           72
         144            4           0.301         1152          144
         144            8           0.343         2304          288
         144           16           0.309         4608          576
         144           32           0.307         9216         1152
         144           64           0.377        18432         2304
         144          128           0.570        36864         4608
         144          256           0.847        73728         9216
         144          512           1.340       147456        18432
         144         1024           2.372       294912        36864
         144         2048           4.474       589824        73728
         144         4096           8.798      1179648       147456
         144         8192          17.365      2359296       294912
         144        16384          34.371      4718592       589824
         144        32768          68.462      9437184      1179648
         144        65536         136.698     18874368      2359296
         144       131072         272.962     37748736      4718592
         168            1           0.228          336           42
         168            2           0.312          672           84
         168            4           0.354         1344          168
         168            8           0.259         2688          336
         168           16           0.307         5376          672
         168           32           0.390        10752         1344
         168           64           0.444        21504         2688
         168          128           0.605        43008         5376
         168          256           0.767        86016        10752
         168          512           1.252       172032        21504
         168         1024           2.409       344064        43008
         168         2048           4.454       688128        86016
         168         4096           8.729      1376256       172032
         168         8192          17.357      2752512       344064
         168        16384          34.441      5505024       688128
         168        32768          68.463     11010048      1376256
         168        65536         136.609     22020096      2752512
         168       131072         272.914     44040192      5505024
         192            1           0.401          384           48
         192            2           0.352          768           96
         192            4           0.314         1536          192
         192            8           0.416         3072          384
         192           16           0.439         6144          768
         192           32           0.358        12288         1536
         192           64           0.403        24576         3072
         192          128           0.512        49152         6144
         192          256           0.777        98304        12288
         192          512           1.397       196608        24576
         192         1024           2.482       393216        49152
         192         2048           4.671       786432        98304
         192         4096           9.126      1572864       196608
         192         8192          18.080      3145728       393216
         192        16384          35.946      6291456       786432
         192        32768          71.628     12582912      1572864
         192        65536         142.916     25165824      3145728
         192       131072         285.690     50331648      6291456
         216            1           0.415          432           54
         216            2           0.267          864          108
         216            4           0.275         1728          216
         216            8           0.282         3456          432
         216           16           0.451         6912          864
         216           32           0.339        13824         1728
         216           64           0.513        27648         3456
         216          128           0.525        55296         6912
         216          256           0.788       110592        13824
         216          512           1.352       221184        27648
         216         1024           2.454       442368        55296
         216         2048           4.700       884736       110592
         216         4096           9.212      1769472       221184
         216         8192          18.348      3538944       442368
         216        16384          41.870      7077888       884736
         216        32768          71.968     14155776      1769472
         216        65536         143.691     28311552      3538944
         216       131072         287.779     56623104      7077888
         240            1           0.738          480           60
         240            2           0.287          960          120
         240            4           0.282         1920          240
         240            8           0.320         3840          480
         240           16           0.272         7680          960
         240           32           0.469        15360         1920
         240           64           0.535        30720         3840
         240          128           0.621        61440         7680
         240          256           0.896       122880        15360
         240          512           1.405       245760        30720
         240         1024           2.460       491520        61440
         240         2048           4.981       983040       122880
         240         4096          18.648      1966080       245760
         240         8192          18.389      3932160       491520
         240        16384          36.169      7864320       983040
         240        32768          72.055     15728640      1966080
         240        65536         143.582     31457280      3932160
         264            1           0.674          528           66
         264            2           1.680         1056          132
         264            4           0.367         2112          264
         264            8           0.318         4224          528
         264           16           0.398         8448         1056
         264           32           0.402        16896         2112
         264           64           0.359        33792         4224
         264          128           0.570        67584         8448
         264          256           0.835       135168        16896
         264          512           1.470       270336        33792
         264         1024           2.608       540672        67584
         264         2048           4.881      1081344       135168
         264         4096          18.799      2162688       270336
         264         8192          17.847      4325376       540672
         264        16384          35.331      8650752      1081344
         264        32768          70.392     17301504      2162688
         264        65536         140.324     34603008      4325376
         288            1           0.396          576           72
         288            2           0.274         1152          144
         288            4           0.292         2304          288
         288            8           0.331         4608          576
         288           16           0.380         9216         1152
         288           32           0.384        18432         2304
         288           64           0.474        36864         4608
         288          128           0.590        73728         9216
         288          256           0.864       147456        18432
         288          512           1.448       294912        36864
         288         1024          13.132       589824        73728
         288         2048           6.847      1179648       147456
         288         4096          28.877      2359296       294912
         288         8192          30.815      4718592       589824
         288        16384          36.015      9437184      1179648
         288        32768          70.724     18874368      2359296
         288        65536         141.940     37748736      4718592
         312            1           0.243          624           78
         312            2           0.469         1248          156
         312            4           0.263         2496          312
         312            8           0.430         4992          624
         312           16           0.362         9984         1248
         312           32           0.457        19968         2496
         312           64           0.461        39936         4992
         312          128           0.546        79872         9984
         312          256           0.820       159744        19968
         312          512          10.538       319488        39936
         312         1024           2.511       638976        79872
         312         2048           4.938      1277952       159744
         312         4096           9.317      2555904       319488
         312         8192          28.357      5111808       638976
         312        16384          35.198     10223616      1277952
         312        32768          71.155     20447232      2555904
         312        65536         139.996     40894464      5111808
         336            1           0.287          672           84
         336            2           0.457         1344          168
         336            4           0.457         2688          336
         336            8           0.508         5376          672
         336           16           0.276        10752         1344
         336           32           0.343        21504         2688
         336           64           0.702        43008         5376
         336          128          10.581        86016        10752
         336          256           1.542       172032        21504
         336          512           2.714       344064        43008
         336         1024           5.178       688128        86016
         336         2048           5.177      1376256       172032
         336         4096           9.760      2752512       344064
         336         8192          27.513      5505024       688128
         336        16384          35.379     11010048      1376256
         336        32768          70.338     22020096      2752512
         336        65536         140.296     44040192      5505024
         360            1           0.267          720           90
         360            2           0.400         1440          180
         360            4           0.415         2880          360
         360            8           0.435         5760          720
         360           16           0.356        11520         1440
         360           32           0.359        23040         2880
         360           64           0.416        46080         5760
         360          128           0.532        92160        11520
         360          256           0.738       184320        23040
         360          512           1.409       368640        46080
         360         1024           2.504       737280        92160
         360         2048           4.728      1474560       184320
         360         4096           9.193      2949120       368640
         360         8192          18.077      5898240       737280
         360        16384          35.707     11796480      1474560
         360        32768          71.029     23592960      2949120
         360        65536         141.631     47185920      5898240
         384            1           0.224          768           96
         384            2           0.224         1536          192
         384            4           0.383         3072          384
         384            8           0.424         6144          768
         384           16           0.364        12288         1536
         384           32           0.348        24576         3072
         384           64           0.429        49152         6144
         384          128           0.544        98304        12288
         384          256           0.831       196608        24576
         384          512           1.376       393216        49152
         384         1024           2.514       786432        98304
         384         2048           4.703      1572864       196608
         384         4096           9.009      3145728       393216
         384         8192          17.839      6291456       786432
         384        16384          35.539     12582912      1572864
         384        32768          71.978     25165824      3145728
         384        65536         141.301     50331648      6291456
         408            1           0.373          816          102
         408            2           0.375         1632          204
         408            4           0.331         3264          408
         408            8           0.414         6528          816
         408           16           0.341        13056         1632
         408           32           0.389        26112         3264
         408           64           0.419        52224         6528
         408          128           0.511       104448        13056
         408          256           0.791       208896        26112
         408          512           1.391       417792        52224
         408         1024           2.488       835584       104448
         408         2048           4.732      1671168       208896
         408         4096           9.187      3342336       417792
         408         8192          18.013      6684672       835584
         408        16384          35.832     13369344      1671168
         408        32768          71.363     26738688      3342336
         408        65536         145.225     53477376      6684672
         432            1           0.332          864          108
         432            2           0.261         1728          216
         432            4           0.284         3456          432
         432            8           0.262         6912          864
         432           16           0.339        13824         1728
         432           32           0.370        27648         3456
         432           64           0.434        55296         6912
         432          128           0.461       110592        13824
         432          256           0.836       221184        27648
         432          512           1.539       442368        55296
         432         1024           2.507       884736       110592
         432         2048           4.717      1769472       221184
         432         4096           9.112      3538944       442368
         432         8192          18.008      7077888       884736
         432        16384          35.585     14155776      1769472
         432        32768          71.011     28311552      3538944
         432        65536         141.922     56623104      7077888
         456            1           0.513          912          114
         456            2           0.269         1824          228
         456            4           0.329         3648          456
         456            8           0.355         7296          912
         456           16           0.424        14592         1824
         456           32           0.429        29184         3648
         456           64           0.470        58368         7296
         456          128           0.583       116736        14592
         456          256           0.860       233472        29184
         456          512           1.484       466944        58368
         456         1024           2.602       933888       116736
         456         2048           4.900      1867776       233472
         456         4096           9.572      3735552       466944
         456         8192          18.913      7471104       933888
         456        16384          37.506     14942208      1867776
         456        32768          74.686     29884416      3735552
         456        65536         148.884     59768832      7471104
         480            1           0.650          960          120
         480            2           0.396         1920          240
         480            4           0.470         3840          480
         480            8           0.380         7680          960
         480           16           0.375        15360         1920
         480           32           0.453        30720         3840
         480           64           0.542        61440         7680
         480          128           0.551       122880        15360
         480          256           0.886       245760        30720
         480          512           1.389       491520        61440
         480         1024           2.591       983040       122880
         480         2048           4.829      1966080       245760
         480         4096           9.143      3932160       491520
         480         8192          18.007      7864320       983040
         480        16384          36.012     15728640      1966080
         480        32768          71.289     31457280      3932160
         528            1           0.265         1056          132
         528            2           0.311         2112          264
         528            4           0.440         4224          528
         528            8           0.489         8448         1056
         528           16           0.391        16896         2112
         528           32           0.364        33792         4224
         528           64           0.400        67584         8448
         528          128           0.533       135168        16896
         528          256           0.770       270336        33792
         528          512           1.417       540672        67584
         528         1024           2.556      1081344       135168
         528         2048           4.971      2162688       270336
         528         4096           9.606      4325376       540672
         528         8192          19.015      8650752      1081344
         528        16384          37.730     17301504      2162688
         528        32768          75.138     34603008      4325376
         576            1           0.801         1152          144
         576            2           0.338         2304          288
         576            4           0.430         4608          576
         576            8           0.411         9216         1152
         576           16           0.387        18432         2304
         576           32           0.381        36864         4608
         576           64           0.447        73728         9216
         576          128           0.640       147456        18432
         576          256           0.876       294912        36864
         576          512           1.612       589824        73728
         576         1024           3.084      1179648       147456
         576         2048           5.858      2359296       294912
         576         4096          11.500      4718592       589824
         576         8192          23.013      9437184      1179648
         576        16384          45.788     18874368      2359296
         576        32768          90.925     37748736      4718592
         624            1           9.078         1248          156
         624            2           0.379         2496          312
         624            4           0.319         4992          624
         624            8           0.454         9984         1248
         624           16           0.369        19968         2496
         624           32           0.423        39936         4992
         624           64           9.981        79872         9984
         624          128           0.806       159744        19968
         624          256           1.177       319488        39936
         624          512           2.072       638976        79872
         624         1024          13.484      1277952       159744
         624         2048           7.253      2555904       319488
         624         4096          14.254      5111808       638976
         624         8192          28.424     10223616      1277952
         624        16384          56.272     20447232      2555904
         624        32768         112.485     40894464      5111808
         672            1           0.310         1344          168
         672            2           0.956         2688          336
         672            4           0.460         5376          672
         672            8           0.355        10752         1344
         672           16           0.415        21504         2688
         672           32           0.388        43008         5376
         672           64           0.480        86016        10752
         672          128          10.579       172032        21504
         672          256           1.780       344064        43008
         672          512           3.279       688128        86016
         672         1024          21.344      1376256       172032
         672         2048           8.142      2752512       344064
         672         4096          16.159      5505024       688128
         672         8192          29.297     11010048      1376256
         672        16384          54.728     22020096      2752512
         672        32768         109.134     44040192      5505024
         720            1           1.111         1440          180
         720            2           0.270         2880          360
         720            4           0.334         5760          720
         720            8           0.509        11520         1440
         720           16           0.370        23040         2880
         720           32           0.312        46080         5760
         720           64           0.446        92160        11520
         720          128           0.712       184320        23040
         720          256           1.336       368640        46080
         720          512          13.061       737280        92160
         720         1024           8.404      1474560       184320
         720         2048          31.967      2949120       368640
         720         4096          24.808      5898240       737280
         720         8192          27.241     11796480      1474560
         720        16384          54.321     23592960      2949120
         720        32768         108.431     47185920      5898240
         792            1           0.294         1584          198
         792            2           1.670         3168          396
         792            4           0.380         6336          792
         792            8           0.503        12672         1584
         792           16           0.390        25344         3168
         792           32           0.453        50688         6336
         792           64           0.702       101376        12672
         792          128           1.196       202752        25344
         792          256           2.170       405504        50688
         792          512           4.122       811008       101376
         792         1024          16.721      1622016       202752
         792         2048          20.723      3244032       405504
         792         4096          15.309      6488064       811008
         792         8192          30.362     12976128      1622016
         792        16384          60.274     25952256      3244032
         792        32768         120.259     51904512      6488064
         864            1           1.179         1728          216
         864            2           0.266         3456          432
         864            4           0.426         6912          864
         864            8           0.359        13824         1728
         864           16           9.438        27648         3456
         864           32           0.442        55296         6912
         864           64           0.575       110592        13824
         864          128           0.794       221184        27648
         864          256           1.292       442368        55296
         864          512           2.397       884736       110592
         864         1024           4.427      1769472       221184
         864         2048          15.917      3538944       442368
         864         4096          16.739      7077888       884736
         864         8192          33.228     14155776      1769472
         864        16384          66.370     28311552      3538944
         864        32768         132.340     56623104      7077888
         936            1           0.272         1872          234
         936            2           0.367         3744          468
         936            4           0.453         7488          936
         936            8           0.412        14976         1872
         936           16           0.342        29952         3744
         936           32           0.416        59904         7488
         936           64           0.591       119808        14976
         936          128           0.928       239616        29952
         936          256           1.486       479232        59904
         936          512           2.741       958464       119808
         936         1024           5.050      1916928       239616
         936         2048          16.655      3833856       479232
         936         4096          17.406      7667712       958464
         936         8192          34.410     15335424      1916928
         936        16384          68.654     30670848      3833856
         936        32768         156.621     61341696      7667712
        1008            1           0.858         2016          252
        1008            2           0.289         4032          504
        1008            4           0.334         8064         1008
        1008            8           0.347        16128         2016
        1008           16           0.405        32256         4032
        1008           32           0.575        64512         8064
        1008           64           0.917       129024        16128
        1008          128           1.590       258048        32256
        1008          256           2.971       516096        64512
        1008          512           5.662      1032192       129024
        1008         1024           6.184      2064384       258048
        1008         2048          20.288      4128768       516096
        1008         4096          18.397      8257536      1032192
        1008         8192          36.287     16515072      2064384
        1008        16384          72.346     33030144      4128768
        1104            1           0.353         2208          276
        1104            2           0.314         4416          552
        1104            4           0.307         8832         1104
        1104            8           0.332        17664         2208
        1104           16           0.361        35328         4416
        1104           32           0.394        70656         8832
        1104           64           0.475       141312        17664
        1104          128           0.794       282624        35328
        1104          256           1.448       565248        70656
        1104          512           2.655      1130496       141312
        1104         1024          18.349      2260992       282624
        1104         2048          32.688      4521984       565248
        1104         4096          25.769      9043968      1130496
        1104         8192          38.680     18087936      2260992
        1104        16384          76.997     36175872      4521984
        1200            1           0.280         2400          300
        1200            2           0.289         4800          600
        1200            4           0.340         9600         1200
        1200            8           0.350        19200         2400
        1200           16           0.435        38400         4800
        1200           32           0.419        76800         9600
        1200           64           0.492       153600        19200
        1200          128           0.826       307200        38400
        1200          256           1.456       614400        76800
        1200          512           2.729      1228800       153600
        1200         1024           5.297      2457600       307200
        1200         2048          10.387      4915200       614400
        1200         4096          20.572      9830400      1228800
        1200         8192          40.869     19660800      2457600
        1200        16384          81.655     39321600      4915200
        1320            1           0.341         2640          330
        1320            2           0.279         5280          660
        1320            4           0.440        10560         1320
        1320            8           0.407        21120         2640
        1320           16           0.368        42240         5280
        1320           32           0.424        84480        10560
        1320           64           0.525       168960        21120
        1320          128           0.885       337920        42240
        1320          256           1.555       675840        84480
        1320          512           2.902      1351680       168960
        1320         1024           5.633      2703360       337920
        1320         2048          11.064      5406720       675840
        1320         4096          21.997     10813440      1351680
        1320         8192          43.787     21626880      2703360
        1320        16384          87.139     43253760      5406720
        1440            1           0.307         2880          360
        1440            2           0.309         5760          720
        1440            4           0.299        11520         1440
        1440            8           0.394        23040         2880
        1440           16           0.405        46080         5760
        1440           32           0.437        92160        11520
        1440           64           0.490       184320        23040
        1440          128           0.801       368640        46080
        1440          256           1.496       737280        92160
        1440          512           2.705      1474560       184320
        1440         1024           5.225      2949120       368640
        1440         2048          10.254      5898240       737280
        1440         4096          20.178     11796480      1474560
        1440         8192          49.556     23592960      2949120
        1440        16384          80.092     47185920      5898240
        1584            1           0.268         3168          396
        1584            2           0.270         6336          792
        1584            4           0.343        12672         1584
        1584            8           0.465        25344         3168
        1584           16           0.423        50688         6336
        1584           32           0.457       101376        12672
        1584           64           0.612       202752        25344
        1584          128           1.022       405504        50688
        1584          256           1.820       811008       101376
        1584          512           3.384      1622016       202752
        1584         1024           6.474      3244032       405504
        1584         2048          12.881      6488064       811008
        1584         4096          25.362     12976128      1622016
        1584         8192          50.497     25952256      3244032
        1584        16384         100.741     51904512      6488064
        1728            1           0.271         3456          432
        1728            2           0.300         6912          864
        1728            4           0.352        13824         1728
        1728            8           0.283        27648         3456
        1728           16           0.423        55296         6912
        1728           32           0.563       110592        13824
        1728           64           0.648       221184        27648
        1728          128           0.924       442368        55296
        1728          256           1.677       884736       110592
        1728          512           3.204      1769472       221184
        1728         1024           6.185      3538944       442368
        1728         2048          12.248      7077888       884736
        1728         4096          24.177     14155776      1769472
        1728         8192          48.209     28311552      3538944
        1728        16384          96.071     56623104      7077888
        1896            1           0.954         3792          474
        1896            2           0.312         7584          948
        1896            4           0.295        15168         1896
        1896            8           0.386        30336         3792
        1896           16           0.408        60672         7584
        1896           32           0.415       121344        15168
        1896           64           0.653       242688        30336
        1896          128           1.112       485376        60672
        1896          256           1.973       970752       121344
        1896          512           3.789      1941504       242688
        1896         1024           7.401      3883008       485376
        1896         2048          14.595      7766016       970752
        1896         4096          29.204     15532032      1941504
        1896         8192          57.464     31064064      3883008
        2064            1           0.441         4128          516
        2064            2           0.358         8256         1032
        2064            4           0.420        16512         2064
        2064            8           0.427        33024         4128
        2064           16           0.452        66048         8256
        2064           32           0.463       132096        16512
        2064           64           0.695       264192        33024
        2064          128           1.149       528384        66048
        2064          256           2.103      1056768       132096
        2064          512           3.921      2113536       264192
        2064         1024           7.720      4227072       528384
        2064         2048          15.294      8454144      1056768
        2064         4096          30.269     16908288      2113536
        2064         8192          60.409     33816576      4227072
        2256            1           0.359         4512          564
        2256            2           0.354         9024         1128
        2256            4           0.340        18048         2256
        2256            8           0.302        36096         4512
        2256           16           0.445        72192         9024
        2256           32           0.446       144384        18048
        2256           64           0.714       288768        36096
        2256          128           1.181       577536        72192
        2256          256           2.234      1155072       144384
        2256          512           4.218      2310144       288768
        2256         1024           8.213      4620288       577536
        2256         2048          16.260      9240576      1155072
        2256         4096          32.235     18481152      2310144
        2256         8192          64.249     36962304      4620288
        2472            1           0.336         4944          618
        2472            2           0.386         9888         1236
        2472            4           0.327        19776         2472
        2472            8           0.481        39552         4944
        2472           16           0.475        79104         9888
        2472           32           0.506       158208        19776
        2472           64           0.856       316416        39552
        2472          128           1.276       632832        79104
        2472          256           2.346      1265664       158208
        2472          512           4.479      2531328       316416
        2472         1024           8.827      5062656       632832
        2472         2048          17.341     10125312      1265664
        2472         4096          34.414     20250624      2531328
        2472         8192          68.679     40501248      5062656
        2712            1           0.363         5424          678
        2712            2           0.325        10848         1356
        2712            4           0.441        21696         2712
        2712            8           0.501        43392         5424
        2712           16           0.540        86784        10848
        2712           32           0.608       173568        21696
        2712           64           0.838       347136        43392
        2712          128           1.387       694272        86784
        2712          256           2.570      1388544       173568
        2712          512           4.926      2777088       347136
        2712         1024           9.443      5554176       694272
        2712         2048          18.617     11108352      1388544
        2712         4096          37.001     22216704      2777088
        2712         8192          73.840     44433408      5554176
        2976            1           0.281         5952          744
        2976            2           0.504        11904         1488
        2976            4           0.418        23808         2976
        2976            8           0.405        47616         5952
        2976           16           0.445        95232        11904
        2976           32           0.514       190464        23808
        2976           64           0.825       380928        47616
        2976          128           1.434       761856        95232
        2976          256           2.611      1523712       190464
        2976          512           4.986      3047424       380928
        2976         1024           9.840      6094848       761856
        2976         2048          19.414     12189696      1523712
        2976         4096          38.450     24379392      3047424
        2976         8192          76.758     48758784      6094848
        3264            1           0.362         6528          816
        3264            2           0.434        13056         1632
        3264            4           0.366        26112         3264
        3264            8           0.458        52224         6528
        3264           16           0.487       104448        13056
        3264           32           0.790       208896        26112
        3264           64           1.141       417792        52224
        3264          128           1.894       835584       104448
        3264          256           3.561      1671168       208896
        3264          512           6.779      3342336       417792
        3264         1024          12.574      6684672       835584
        3264         2048          26.251     13369344      1671168
        3264         4096          52.210     26738688      3342336
        3264         8192         105.712     53477376      6684672
        3576            1           1.180         7152          894
        3576            2           0.275        14304         1788
        3576            4           0.493        28608         3576
        3576            8           0.434        57216         7152
        3576           16           0.538       114432        14304
        3576           32           0.846       228864        28608
        3576           64           1.364       457728        57216
        3576          128           2.458       915456       114432
        3576          256           4.891      1830912       228864
        3576          512          35.253      3661824       457728
        3576         1024          35.896      7323648       915456
        3576         2048          25.485     14647296      1830912
        3576         4096          50.512     29294592      3661824
        3576         8192         124.196     58589184      7323648
        3912            1           0.393         7824          978
        3912            2           0.346        15648         1956
        3912            4           0.455        31296         3912
        3912            8           0.467        62592         7824
        3912           16           0.532       125184        15648
        3912           32           0.704       250368        31296
        3912           64           1.207       500736        62592
        3912          128           2.117      1001472       125184
        3912          256          17.886      2002944       250368
        3912          512          31.350      4005888       500736
        3912         1024          25.528      8011776      1001472
        3912         2048          28.950     16023552      2002944
        3912         4096          57.459     32047104      4005888
        4296            1           0.358         8592         1074
        4296            2           0.361        17184         2148
        4296            4           0.368        34368         4296
        4296            8           0.484        68736         8592
        4296           16           0.537       137472        17184
        4296           32           0.804       274944        34368
        4296           64           1.263       549888        68736
        4296          128           2.216      1099776       137472
        4296          256           4.151      2199552       274944
        4296          512           7.980      4399104       549888
        4296         1024          15.619      8798208      1099776
        4296         2048          30.776     17596416      2199552
        4296         4096          61.430     35192832      4399104
        4704            1           0.722         9408         1176
        4704            2           0.322        18816         2352
        4704            4           0.434        37632         4704
        4704            8           0.474        75264         9408
        4704           16           0.538       150528        18816
        4704           32           0.805       301056        37632
        4704           64           1.229       602112        75264
        4704          128           2.217      1204224       150528
        4704          256           4.102      2408448       301056
        4704          512           7.992      4816896       602112
        4704         1024          15.552      9633792      1204224
        4704         2048          30.963     19267584      2408448
        4704         4096          61.896     38535168      4816896
        5160            1           0.378        10320         1290
        5160            2           0.464        20640         2580
        5160            4           0.481        41280         5160
        5160            8           0.581        82560        10320
        5160           16           0.697       165120        20640
        5160           32           0.846       330240        41280
        5160           64           1.303       660480        82560
        5160          128           2.446      1320960       165120
        5160          256           4.622      2641920       330240
        5160          512           8.929      5283840       660480
        5160         1024          17.568     10567680      1320960
        5160         2048          34.922     21135360      2641920
        5160         4096          69.517     42270720      5283840
        5664            1           0.360        11328         1416
        5664            2           0.508        22656         2832
        5664            4           0.439        45312         5664
        5664            8           0.470        90624        11328
        5664           16           0.703       181248        22656
        5664           32           0.823       362496        45312
        5664           64           1.483       724992        90624
        5664          128           2.515      1449984       181248
        5664          256           5.175      2899968       362496
        5664          512          11.432      5799936       724992
        5664         1024          18.586     11599872      1449984
        5664         2048          35.706     23199744      2899968
        5664         4096          71.243     46399488      5799936
        6216            1           0.425        12432         1554
        6216            2           0.420        24864         3108
        6216            4           0.553        49728         6216
        6216            8           0.489        99456        12432
        6216           16           0.633       198912        24864
        6216           32           0.914       397824        49728
        6216           64           1.479       795648        99456
        6216          128           2.761      1591296       198912
        6216          256           5.146      3182592       397824
        6216          512          10.120      6365184       795648
        6216         1024          20.091     12730368      1591296
        6216         2048          39.647     25460736      3182592
        6216         4096          79.051     50921472      6365184
        6816            1           0.393        13632         1704
        6816            2           0.380        27264         3408
        6816            4           0.434        54528         6816
        6816            8           0.475       109056        13632
        6816           16           0.725       218112        27264
        6816           32           1.024       436224        54528
        6816           64           1.710       872448       109056
        6816          128           2.936      1744896       218112
        6816          256           5.665      3489792       436224
        6816          512          10.833      6979584       872448
        6816         1024          21.379     13959168      1744896
        6816         2048          42.515     27918336      3489792
        6816         4096          84.928     55836672      6979584
        7488            1           0.555        14976         1872
        7488            2           0.286        29952         3744
        7488            4           0.453        59904         7488
        7488            8           0.546       119808        14976
        7488           16           0.718       239616        29952
        7488           32           1.115       479232        59904
        7488           64           2.105       958464       119808
        7488          128           3.872      1916928       239616
        7488          256           7.531      3833856       479232
        7488          512          53.673      7667712       958464
        7488         1024          34.246     15335424      1916928
        7488         2048          50.219     30670848      3833856
        7488         4096          98.327     61341696      7667712
        8232            1           0.556        16464         2058
        8232            2           0.447        32928         4116
        8232            4           0.507        65856         8232
        8232            8           0.558       131712        16464
        8232           16           0.797       263424        32928
        8232           32           1.230       526848        65856
        8232           64           2.106      1053696       131712
        8232          128           3.734      2107392       263424
        8232          256           7.150      4214784       526848
        8232          512          13.825      8429568      1053696
        8232         1024          27.812     16859136      2107392
        8232         2048          55.516     33718272      4214784
        9048            1           0.396        18096         2262
        9048            2           0.503        36192         4524
        9048            4           0.465        72384         9048
        9048            8           0.644       144768        18096
        9048           16           0.731       289536        36192
        9048           32           1.202       579072        72384
        9048           64           2.051      1158144       144768
        9048          128           3.656      2316288       289536
        9048          256           7.201      4632576       579072
        9048          512          14.058      9265152      1158144
        9048         1024          27.860     18530304      2316288
        9048         2048          55.650     37060608      4632576
        9936            1           0.460        19872         2484
        9936            2           0.327        39744         4968
        9936            4           0.623        79488         9936
        9936            8           0.567       158976        19872
        9936           16           0.913       317952        39744
        9936           32           1.301       635904        79488
        9936           64           2.223      1271808       158976
        9936          128           4.342      2543616       317952
        9936          256           8.307      5087232       635904
        9936          512          16.050     10174464      1271808
        9936         1024          32.221     20348928      2543616
        9936         2048          64.160     40697856      5087232
       10920            1           0.413        21840         2730
       10920            2           0.537        43680         5460
       10920            4           0.498        87360        10920
       10920            8           0.618       174720        21840
       10920           16           0.900       349440        43680
       10920           32           1.374       698880        87360
       10920           64           2.559      1397760       174720
       10920          128           4.686      2795520       349440
       10920          256           8.979      5591040       698880
       10920          512          17.779     11182080      1397760
       10920         1024          35.032     22364160      2795520
       10920         2048          70.116     44728320      5591040
       12000            1           0.471        24000         3000
       12000            2           0.375        48000         6000
       12000            4           0.557        96000        12000
       12000            8           0.572       192000        24000
       12000           16           0.992       384000        48000
       12000           32           1.544       768000        96000
       12000           64           2.762      1536000       192000
       12000          128           5.288      3072000       384000
       12000          256          10.094      6144000       768000
       12000          512          19.688     12288000      1536000
       12000         1024          39.035     24576000      3072000
       12000         2048          77.502     49152000      6144000
       13200            1           0.530        26400         3300
       13200            2           0.375        52800         6600
       13200            4           0.688       105600        13200
       13200            8           0.699       211200        26400
       13200           16           1.037       422400        52800
       13200           32           1.636       844800       105600
       13200           64           2.960      1689600       211200
       13200          128           5.596      3379200       422400
       13200          256          10.734      6758400       844800
       13200          512          21.156     13516800      1689600
       13200         1024          42.006     27033600      3379200
       13200         2048          83.821     54067200      6758400
       14520            1           0.472        29040         3630
       14520            2           0.441        58080         7260
       14520            4           0.494       116160        14520
       14520            8           0.680       232320        29040
       14520           16           1.104       464640        58080
       14520           32           1.887       929280       116160
       14520           64           3.210      1858560       232320
       14520          128           6.001      3717120       464640
       14520          256          12.105      7434240       929280
       14520          512          23.917     14868480      1858560
       14520         1024          48.466     29736960      3717120
       14520         2048          95.858     59473920      7434240
       15960            1           0.639        31920         3990
       15960            2           0.528        63840         7980
       15960            4           0.658       127680        15960
       15960            8           0.904       255360        31920
       15960           16           1.125       510720        63840
       15960           32           1.902      1021440       127680
       15960           64           3.375      2042880       255360
       15960          128           6.291      4085760       510720
       15960          256          12.481      8171520      1021440
       15960          512          24.651     16343040      2042880
       15960         1024          48.909     32686080      4085760
       17544            1           0.790        35088         4386
       17544            2           0.427        70176         8772
       17544            4           0.582       140352        17544
       17544            8           0.816       280704        35088
       17544           16           1.239       561408        70176
       17544           32           2.079      1122816       140352
       17544           64           3.665      2245632       280704
       17544          128           7.032      4491264       561408
       17544          256          13.914      8982528      1122816
       17544          512          28.436     17965056      2245632
       17544         1024          56.464     35930112      4491264
       19296            1           0.932        38592         4824
       19296            2           0.442        77184         9648
       19296            4           0.674       154368        19296
       19296            8           0.860       308736        38592
       19296           16           1.206       617472        77184
       19296           32           2.187      1234944       154368
       19296           64           4.030      2469888       308736
       19296          128           7.627      4939776       617472
       19296          256          14.774      9879552      1234944
       19296          512          29.336     19759104      2469888
       19296         1024          63.689     39518208      4939776
       21216            1           1.479        42432         5304
       21216            2           0.610        84864        10608
       21216            4           0.841       169728        21216
       21216            8           1.199       339456        42432
       21216           16           2.086       678912        84864
       21216           32           3.777      1357824       169728
       21216           64           6.395      2715648       339456
       21216          128          13.471      5431296       678912
       21216          256          18.189     10862592      1357824
       21216          512          35.986     21725184      2715648
       21216         1024          75.757     43450368      5431296
       23328            1           2.293        46656         5832
       23328            2           0.475        93312        11664
       23328            4           0.769       186624        23328
       23328            8           1.205       373248        46656
       23328           16           1.472       746496        93312
       23328           32           3.256      1492992       186624
       23328           64           7.375      2985984       373248
       23328          128          14.812      5971968       746496
       23328          256          24.494     11943936      1492992
       23328          512          43.733     23887872      2985984
       23328         1024          73.094     47775744      5971968
       25656            1           0.723        51312         6414
       25656            2           0.549       102624        12828
       25656            4           0.677       205248        25656
       25656            8           1.029       410496        51312
       25656           16           1.586       820992       102624
       25656           32           2.763      1641984       205248
       25656           64           5.245      3283968       410496
       25656          128          10.030      6567936       820992
       25656          256          19.970     13135872      1641984
       25656          512          53.313     26271744      3283968
       25656         1024          91.335     52543488      6567936
       28200            1           0.856        56400         7050
       28200            2           0.546       112800        14100
       28200            4           0.744       225600        28200
       28200            8           1.072       451200        56400
       28200           16           1.740       902400       112800
       28200           32           3.202      1804800       225600
       28200           64           6.102      3609600       451200
       28200          128          11.905      7219200       902400
       28200          256          30.086     14438400      1804800
       28200          512          45.382     28876800      3609600
       28200         1024          90.824     57753600      7219200
       31008            1           1.447        62016         7752
       31008            2           0.641       124032        15504
       31008            4          10.080       248064        31008
       31008            8           1.813       496128        62016
       31008           16           3.222       992256       124032
       31008           32          19.054      1984512       248064
       31008           64          26.544      3969024       496128
       31008          128          35.299      7938048       992256
       31008          256          36.969     15876096      1984512
       31008          512          74.287     31752192      3969024
       34104            1           1.164        68208         8526
       34104            2           0.651       136416        17052
       34104            4           0.827       272832        34104
       34104            8           1.220       545664        68208
       34104           16           1.999      1091328       136416
       34104           32           3.555      2182656       272832
       34104           64           6.780      4365312       545664
       34104          128          13.225      8730624      1091328
       34104          256          26.032     17461248      2182656
       34104          512          51.232     34922496      4365312
       37512            1           1.548        75024         9378
       37512            2           0.698       150048        18756
       37512            4           0.860       300096        37512
       37512            8           1.304       600192        75024
       37512           16           2.236      1200384       150048
       37512           32           3.986      2400768       300096
       37512           64           8.124      4801536       600192
       37512          128          15.536      9603072      1200384
       37512          256          30.071     19206144      2400768
       37512          512          60.672     38412288      4801536
       41256            1           1.987        82512        10314
       41256            2           0.681       165024        20628
       41256            4           1.013       330048        41256
       41256            8           1.423       660096        82512
       41256           16           2.344      1320192       165024
       41256           32           4.240      2640384       330048
       41256           64           8.218      5280768       660096
       41256          128          16.943     10561536      1320192
       41256          256          33.260     21123072      2640384
       41256          512          65.981     42246144      5280768
       45360            1           1.637        90720        11340
       45360            2           0.803       181440        22680
       45360            4           1.017       362880        45360
       45360            8           1.537       725760        90720
       45360           16           2.635      1451520       181440
       45360           32           4.931      2903040       362880
       45360           64           9.317      5806080       725760
       45360          128          18.418     11612160      1451520
       45360          256          36.320     23224320      2903040
       45360          512          72.487     46448640      5806080
       49896            1           1.395        99792        12474
       49896            2           0.798       199584        24948
       49896            4           1.078       399168        49896
       49896            8           1.763       798336        99792
       49896           16           2.931      1596672       199584
       49896           32           5.313      3193344       399168
       49896           64          10.177      6386688       798336
       49896          128          20.250     12773376      1596672
       49896          256          39.915     25546752      3193344
       49896          512          79.201     51093504      6386688
       54864            1           1.646       109728        13716
       54864            2           0.881       219456        27432
       54864            4           1.175       438912        54864
       54864            8           1.798       877824       109728
       54864           16           3.148      1755648       219456
       54864           32           5.913      3511296       438912
       54864           64          11.130      7022592       877824
       54864          128          21.703     14045184      1755648
       54864          256          42.974     28090368      3511296
       54864          512          85.752     56180736      7022592
       60336            1           1.968       120672        15084
       60336            2           0.854       241344        30168
       60336            4           1.247       482688        60336
       60336            8           1.934       965376       120672
       60336           16           3.341      1930752       241344
       60336           32           6.316      3861504       482688
       60336           64          12.172      7723008       965376
       60336          128          24.079     15446016      1930752
       60336          256          47.414     30892032      3861504
       60336          512          93.992     61784064      7723008
       66360            1           2.382       132720        16590
       66360            2           0.960       265440        33180
       66360            4           1.322       530880        66360
       66360            8           2.121      1061760       132720
       66360           16           3.609      2123520       265440
       66360           32           6.740      4247040       530880
       66360           64          12.798      8494080      1061760
       66360          128          25.893     16988160      2123520
       66360          256          51.364     33976320      4247040
       72984            1           1.949       145968        18246
       72984            2           0.986       291936        36492
       72984            4           1.553       583872        72984
       72984            8           2.285      1167744       145968
       72984           16           4.050      2335488       291936
       72984           32           7.507      4670976       583872
       72984           64          14.395      9341952      1167744
       72984          128          28.307     18683904      2335488
       72984          256          56.481     37367808      4670976
       80280            1           2.010       160560        20070
       80280            2           1.104       321120        40140
       80280            4           1.705       642240        80280
       80280            8           2.520      1284480       160560
       80280           16           4.432      2568960       321120
       80280           32           8.326      5137920       642240
       80280           64          15.754     10275840      1284480
       80280          128          31.030     20551680      2568960
       80280          256          61.249     41103360      5137920
       88296            1           2.359       176592        22074
       88296            2          11.286       353184        44148
       88296            4           2.307       706368        88296
       88296            8           4.192      1412736       176592
       88296           16          35.427      2825472       353184
       88296           32          26.209      5650944       706368
       88296           64          28.970     11301888      1412736
       88296          128          33.405     22603776      2825472
       88296          256          65.851     45207552      5650944
       97104            1           2.423       194208        24276
       97104            2           1.302       388416        48552
       97104            4           1.956       776832        97104
       97104            8           3.048      1553664       194208
       97104           16           5.491      3107328       388416
       97104           32           9.976      6214656       776832
       97104           64          19.136     12429312      1553664
       97104          128          37.546     24858624      3107328
       97104          256          74.481     49717248      6214656
      106800            1           3.471       213600        26700
      106800            2           1.455       427200        53400
      106800            4           2.287       854400       106800
      106800            8           4.124      1708800       213600
      106800           16           7.524      3417600       427200
      106800           32          14.348      6835200       854400
      106800           64          28.104     13670400      1708800
      106800          128          55.445     27340800      3417600
      106800          256         110.418     54681600      6835200
      117480            1           2.508       234960        29370
      117480            2           1.755       469920        58740
      117480            4           2.701       939840       117480
      117480            8           4.663      1879680       234960
      117480           16           8.575      3759360       469920
      117480           32          16.530      7518720       939840
      117480           64          32.618     15037440      1879680
      117480          128          65.001     30074880      3759360
      117480          256         128.609     60149760      7518720
      129216            1           3.296       258432        32304
      129216            2           1.877       516864        64608
      129216            4           3.068      1033728       129216
      129216            8           5.449      2067456       258432
      129216           16          10.153      4134912       516864
      129216           32          19.816      8269824      1033728
      129216           64          38.667     16539648      2067456
      129216          128          76.501     33079296      4134912
      142128            1           3.209       284256        35532
      142128            2           2.117       568512        71064
      142128            4           3.361      1137024       142128
      142128            8           5.935      2274048       284256
      142128           16          11.134      4548096       568512
      142128           32          21.680      9096192      1137024
      142128           64          42.510     18192384      2274048
      142128          128          84.350     36384768      4548096
      156336            1           3.180       312672        39084
      156336            2           2.241       625344        78168
      156336            4           3.686      1250688       156336
      156336            8           6.606      2501376       312672
      156336           16          12.250      5002752       625344
      156336           32          23.894     10005504      1250688
      156336           64          46.773     20011008      2501376
      156336          128          92.845     40022016      5002752
      171960            1           4.415       343920        42990
      171960            2           2.417       687840        85980
      171960            4           4.114      1375680       171960
      171960            8           7.105      2751360       343920
      171960           16          13.370      5502720       687840
      171960           32          26.078     11005440      1375680
      171960           64          51.260     22010880      2751360
      171960          128         101.452     44021760      5502720
      189144            1           4.680       378288        47286
      189144            2           2.669       756576        94572
      189144            4           4.368      1513152       189144
      189144            8           7.984      3026304       378288
      189144           16          14.802      6052608       756576
      189144           32          28.811     12105216      1513152
      189144           64          56.669     24210432      3026304
      189144          128         112.363     48420864      6052608
      208056            1           4.290       416112        52014
      208056            2           2.783       832224       104028
      208056            4           4.891      1664448       208056
      208056            8           8.534      3328896       416112
      208056           16          16.146      6657792       832224
      208056           32          31.382     13315584      1664448
      208056           64          61.866     26631168      3328896
      208056          128         122.822     53262336      6657792
      228840            1           5.342       457680        57210
      228840            2           3.077       915360       114420
      228840            4           5.194      1830720       228840
      228840            8           9.372      3661440       457680
      228840           16          17.760      7322880       915360
      228840           32          34.466     14645760      1830720
      228840           64          68.110     29291520      3661440
      228840          128         135.195     58583040      7322880
      251712            1           6.158       503424        62928
      251712            2           3.400      1006848       125856
      251712            4           5.653      2013696       251712
      251712            8          10.346      4027392       503424
      251712           16          19.772      8054784      1006848
      251712           32          38.033     16109568      2013696
      251712           64          74.676     32219136      4027392
      276864            1           6.224       553728        69216
      276864            2           3.662      1107456       138432
      276864            4           6.252      2214912       276864
      276864            8          11.286      4429824       553728
      276864           16          21.591      8859648      1107456
      276864           32          41.650     17719296      2214912
      276864           64          82.308     35438592      4429824
      304536            1           7.669       609072        76134
      304536            2           4.021      1218144       152268
      304536            4           6.804      2436288       304536
      304536            8          12.531      4872576       609072
      304536           16          23.417      9745152      1218144
      304536           32          45.639     19490304      2436288
      304536           64          90.115     38980608      4872576
      334968            1           8.191       669936        83742
      334968            2           4.425      1339872       167484
      334968            4           7.392      2679744       334968
      334968            8          13.728      5359488       669936
      334968           16          26.005     10718976      1339872
      334968           32          50.471     21437952      2679744
      334968           64          99.840     42875904      5359488
      368448            1           8.158       736896        92112
      368448            2           4.811      1473792       184224
      368448            4           8.146      2947584       368448
      368448            8          14.906      5895168       736896
      368448           16          28.249     11790336      1473792
      368448           32          55.171     23580672      2947584
      368448           64         108.894     47161344      5895168
      405288            1           8.898       810576       101322
      405288            2           5.227      1621152       202644
      405288            4           9.084      3242304       405288
      405288            8          16.395      6484608       810576
      405288           16          31.317     12969216      1621152
      405288           32          60.530     25938432      3242304
      405288           64         139.093     51876864      6484608
      445800            1          10.286       891600       111450
      445800            2           5.747      1783200       222900
      445800            4           9.861      3566400       445800
      445800            8          18.046      7132800       891600
      445800           16          34.020     14265600      1783200
      445800           32          66.300     28531200      3566400
      445800           64         131.356     57062400      7132800
      490368            1          11.209       980736       122592
      490368            2           6.369      1961472       245184
      490368            4          10.721      3922944       490368
      490368            8          19.746      7845888       980736
      490368           16          37.686     15691776      1961472
      490368           32          73.180     31383552      3922944
      539400            1          13.425      1078800       134850
      539400            2           7.060      2157600       269700
      539400            4          11.883      4315200       539400
      539400            8          21.564      8630400      1078800
      539400           16          41.246     17260800      2157600
      539400           32          80.616     34521600      4315200
      593328            1          13.843      1186656       148332
      593328            2           7.550      2373312       296664
      593328            4          13.044      4746624       593328
      593328            8          23.818      9493248      1186656
      593328           16          45.467     18986496      2373312
      593328           32          88.704     37972992      4746624
      652656            1          14.425      1305312       163164
      652656            2           8.290      2610624       326328
      652656            4          14.331      5221248       652656
      652656            8          26.047     10442496      1305312
      652656           16          49.748     20884992      2610624
      652656           32          97.463     41769984      5221248
      717912            1          16.411      1435824       179478
      717912            2           9.094      2871648       358956
      717912            4          15.632      5743296       717912
      717912            8          28.665     11486592      1435824
      717912           16          54.775     22973184      2871648
      717912           32         106.619     45946368      5743296
      789696            1          17.928      1579392       197424
      789696            2           9.956      3158784       394848
      789696            4          17.124      6317568       789696
      789696            8          31.462     12635136      1579392
      789696           16          60.069     25270272      3158784
      789696           32         117.436     50540544      6317568
      868656            1          17.866      1737312       217164
      868656            2          11.022      3474624       434328
      868656            4          18.903      6949248       868656
      868656            8          34.568     13898496      1737312
      868656           16          66.336     27796992      3474624
      868656           32         129.596     55593984      6949248
      955512            1          19.796      1911024       238878
      955512            2          12.233      3822048       477756
      955512            4          20.747      7644096       955512
      955512            8          38.038     15288192      1911024
      955512           16          72.723     30576384      3822048
      955512           32         142.136     61152768      7644096
     1051056            1          22.244      2102112       262764
     1051056            2          13.305      4204224       525528
     1051056            4          22.775      8408448      1051056
     1051056            8          41.935     16816896      2102112
     1051056           16          80.178     33633792      4204224
     1156152            1          24.638      2312304       289038
     1156152            2          14.725      4624608       578076
     1156152            4          25.156      9249216      1156152
     1156152            8          46.103     18498432      2312304
     1156152           16          87.999     36996864      4624608
     1271760            1          28.622      2543520       317940
     1271760            2          16.047      5087040       635880
     1271760            4          27.706     10174080      1271760
     1271760            8          50.827     20348160      2543520
     1271760           16          97.031     40696320      5087040
     1398936            1          41.546      2797872       349734
     1398936            2          48.505      5595744       699468
     1398936            4          41.587     11191488      1398936
     1398936            8          55.698     22382976      2797872
     1398936           16         106.254     44765952      5595744
     1538808            1          54.562      3077616       384702
     1538808            2          26.443      6155232       769404
     1538808            4          39.198     12310464      1538808
     1538808            8          70.832     24620928      3077616
     1538808           16         142.986     49241856      6155232
     1692672            1          55.323      3385344       423168
     1692672            2          22.261      6770688       846336
     1692672            4          52.417     13541376      1692672
     1692672            8          89.986     27082752      3385344
     1692672           16         139.496     54165504      6770688
     1861920            1          51.210      3723840       465480
     1861920            2          28.654      7447680       930960
     1861920            4          40.074     14895360      1861920
     1861920            8          74.358     29790720      3723840
     1861920           16         145.048     59581440      7447680
     2048112            1          43.006      4096224       512028
     2048112            2          30.979      8192448      1024056
     2048112            4          60.595     16384896      2048112
     2048112            8          85.075     32769792      4096224
     2252904            1          51.872      4505808       563226
     2252904            2          32.477      9011616      1126452
     2252904            4          49.415     18023232      2252904
     2252904            8          90.596     36046464      4505808
     2478192            1          53.401      4956384       619548
     2478192            2          41.491      9912768      1239096
     2478192            4          55.506     19825536      2478192
     2478192            8         100.847     39651072      4956384
     2725992            1          58.158      5451984       681498
     2725992            2          45.500     10903968      1362996
     2725992            4          64.977     21807936      2725992
     2725992            8         116.551     43615872      5451984
     2998584            1          59.281      5997168       749646
     2998584            2          52.844     11994336      1499292
     2998584            4          76.002     23988672      2998584
     2998584            8         136.861     47977344      5997168
     3298440            1          60.881      6596880       824610
     3298440            2          63.534     13193760      1649220
     3298440            4          91.045     26387520      3298440
     3298440            8         158.916     52775040      6596880
     3628272            1          76.974      7256544       907068
     3628272            2          84.881     14513088      1814136
     3628272            4         116.695     29026176      3628272
     3628272            8         203.092     58052352      7256544
     3991080            1          64.777      7982160       997770
     3991080            2          95.737     15964320      1995540
     3991080            4         142.831     31928640      3991080
     4390176            1          67.767      8780352      1097544
     4390176            2         112.368     17560704      2195088
     4390176            4         167.027     35121408      4390176
     4829184            1          73.837      9658368      1207296
     4829184            2         130.753     19316736      2414592
     4829184            4         193.748     38633472      4829184
     5312088            1          93.214     10624176      1328022
     5312088            2         146.764     21248352      2656044
     5312088            4         219.326     42496704      5312088
     5843280            1          90.098     11686560      1460820
     5843280            2         164.455     23373120      2921640
     5843280            4         244.533     46746240      5843280
     6427608            1         114.941     12855216      1606902
     6427608            2         180.419     25710432      3213804
     6427608            4         269.544     51420864      6427608
     7070352            1         109.995     14140704      1767588
     7070352            2         200.008     28281408      3535176
     7070352            4         297.387     56562816      7070352
     7777368            1         125.708     15554736      1944342
     7777368            2         226.482     31109472      3888684
     8555088            1         166.498     17110176      2138772
     8555088            2         248.071     34220352      4277544
     9410592            1         169.411     18821184      2352648
     9410592            2         271.042     37642368      4705296
    10351632            1         185.670     20703264      2587908
    10351632            2         293.397     41406528      5175816
    11386776            1         191.931     22773552      2846694
    11386776            2         326.143     45547104      5693388
    12525432            1         237.132     25050864      3131358
    12525432            2         359.582     50101728      6262716
    13777968            1         248.933     27555936      3444492
    13777968            2         424.029     55111872      6888984
    15155760            1         281.388     30311520      3788940
    15155760            2         455.886     60623040      7577880
    16671336            1         277.195     33342672      4167834
    18338448            1         319.845     36676896      4584612
    20172288            1         361.598     40344576      5043072
    22189512            1         412.578     44379024      5547378
    24408456            1         481.508     48816912      6102114
    26849280            1         555.120     53698560      6712320
    29534208            1         701.719     59068416      7383552

META_DATA
FLOPS          2
OPENMP_THREADS 3
ERT_VERSION  1.1.0
HOSTNAME  ('cirrus4.computing.clemson.edu', ['cirrus4'], ['127.0.1.1'])
UNAME  uname_result(system='Linux', node='cirrus4.computing.clemson.edu', release='5.4.0-81-generic', version='#91-Ubuntu SMP Thu Jul 15 19:09:17 UTC 2021', machine='x86_64', processor='x86_64')
TIMESTAMP_DATA  1632245403.1917188
CONFIG  {'ERT_RESULTS': ['Results.cs.clemson.edu'], 'ERT_DRIVER': ['driver1'], 'ERT_KERNEL': ['kernel1'], 'ERT_MPI': ['False'], 'ERT_MPI_CFLAGS': [], 'ERT_MPI_LDFLAGS': [], 'ERT_OPENMP': ['True'], 'ERT_OPENMP_CFLAGS': ['-fopenmp'], 'ERT_OPENMP_LDFLAGS': ['-fopenmp'], 'ERT_FLOPS': ['1,2,4'], 'ERT_ALIGN': ['32'], 'ERT_CC': ['g++'], 'ERT_CFLAGS': ['-O3', '-std=c++11', '-fstrict-aliasing', '-march=native'], 'ERT_LD': ['g++'], 'ERT_LDFLAGS': [], 'ERT_LDLIBS': [], 'ERT_PRECISION': ['FP64'], 'ERT_RUN': ['export', 'OMP_NUM_THREADS=ERT_OPENMP_THREADS;', 'export', 'OMP_PLACES=threads;', 'export', 'OMP_PROC_BIND=spread;', './ERT_CODE'], 'ERT_PROCS_THREADS': ['8'], 'ERT_MPI_PROCS': ['2,4,8'], 'ERT_OPENMP_THREADS': ['1-8'], 'ERT_NUM_EXPERIMENTS': ['5'], 'ERT_MEMORY_MAX': ['31000000'], 'ERT_WORKING_SET_MIN': ['1'], 'ERT_TRIALS_MIN': ['1'], 'ERT_GNUPLOT': ['gnuplot'], 'ERT_GPU': [False], 'ERT_HIP': [False], 'ERT_OCL': [False], 'ERT_SYCL': [False], 'ERT_WSS_MULT': [1.1]}
