fp64
          64            1           1.912          128           32
          64            2           1.009          256           64
          64            4           1.203          512          128
          64            8           1.148         1024          256
          64           16           1.086         2048          512
          64           32           1.322         4096         1024
          64           64           1.894         8192         2048
          64          128           2.252        16384         4096
          64          256           3.495        32768         8192
          64          512           5.930        65536        16384
          64         1024          10.118       131072        32768
          64         2048          20.385       262144        65536
          64         4096          40.203       524288       131072
          64         8192          82.117      1048576       262144
          64        16384         176.925      2097152       524288
          64        32768         347.617      4194304      1048576
          64        65536         697.423      8388608      2097152
          64       131072        1247.842     16777216      4194304
          64       262144        2549.545     33554432      8388608
         128            1           1.035          256           64
         128            2           0.883          512          128
         128            4           1.155         1024          256
         128            8           1.098         2048          512
         128           16           1.172         4096         1024
         128           32           1.245         8192         2048
         128           64           1.551        16384         4096
         128          128           1.963        32768         8192
         128          256           3.278        65536        16384
         128          512           5.539       131072        32768
         128         1024          10.576       262144        65536
         128         2048          20.727       524288       131072
         128         4096          49.225      1048576       262144
         128         8192          80.464      2097152       524288
         128        16384         160.900      4194304      1048576
         128        32768         321.325      8388608      2097152
         128        65536         604.696     16777216      4194304
         128       131072        1205.475     33554432      8388608
         192            1           0.766          384           96
         192            2           0.898          768          192
         192            4           1.087         1536          384
         192            8           1.136         3072          768
         192           16           1.188         6144         1536
         192           32           1.327        12288         3072
         192           64           1.646        24576         6144
         192          128           2.208        49152        12288
         192          256           3.101        98304        24576
         192          512           5.681       196608        49152
         192         1024          10.390       393216        98304
         192         2048          20.050       786432       196608
         192         4096          39.342      1572864       393216
         192         8192          77.706      3145728       786432
         192        16384         154.404      6291456      1572864
         192        32768         325.743     12582912      3145728
         192        65536         626.635     25165824      6291456
         192       131072         776.715     50331648     12582912
         256            1           0.983          512          128
         256            2           0.688         1024          256
         256            4           0.719         2048          512
         256            8           0.797         4096         1024
         256           16           0.709         8192         2048
         256           32           1.228        16384         4096
         256           64           1.234        32768         8192
         256          128           1.589        65536        16384
         256          256           2.272       131072        32768
         256          512           4.025       262144        65536
         256         1024           6.988       524288       131072
         256         2048          13.614      1048576       262144
         256         4096          26.631      2097152       524288
         256         8192          52.521      4194304      1048576
         256        16384         104.316      8388608      2097152
         256        32768         208.208     16777216      4194304
         256        65536         459.955     33554432      8388608
         320            1           0.717          640          160
         320            2           0.913         1280          320
         320            4           0.979         2560          640
         320            8           0.921         5120         1280
         320           16           0.992        10240         2560
         320           32           0.966        20480         5120
         320           64           1.277        40960        10240
         320          128           1.588        81920        20480
         320          256           2.446       163840        40960
         320          512           3.986       327680        81920
         320         1024           7.098       655360       163840
         320         2048          13.628      1310720       327680
         320         4096          26.497      2621440       655360
         320         8192          62.145      5242880      1310720
         320        16384         113.444     10485760      2621440
         320        32768         230.095     20971520      5242880
         320        65536         473.800     41943040     10485760
         384            1           0.617          768          192
         384            2           0.564         1536          384
         384            4           0.682         3072          768
         384            8           0.878         6144         1536
         384           16           0.814        12288         3072
         384           32           1.276        24576         6144
         384           64           1.475        49152        12288
         384          128           1.617        98304        24576
         384          256           2.466       196608        49152
         384          512           3.797       393216        98304
         384         1024           6.973       786432       196608
         384         2048          25.666      1572864       393216
         384         4096          27.020      3145728       786432
         384         8192          56.533      6291456      1572864
         384        16384         113.998     12582912      3145728
         384        32768         234.782     25165824      6291456
         384        65536         466.407     50331648     12582912
         448            1           0.804          896          224
         448            2           0.766         1792          448
         448            4           0.791         3584          896
         448            8           1.011         7168         1792
         448           16           1.224        14336         3584
         448           32           0.872        28672         7168
         448           64           0.924        57344        14336
         448          128           1.490       114688        28672
         448          256           2.390       229376        57344
         448          512           3.752       458752       114688
         448         1024           7.119       917504       229376
         448         2048          13.460      1835008       458752
         448         4096          26.637      3670016       917504
         448         8192          52.340      7340032      1835008
         448        16384         104.256     14680064      3670016
         448        32768         208.208     29360128      7340032
         448        65536         415.467     58720256     14680064
         512            1           0.443         1024          256
         512            2           0.946         2048          512
         512            4           0.767         4096         1024
         512            8           0.988         8192         2048
         512           16           1.098        16384         4096
         512           32           1.116        32768         8192
         512           64           1.350        65536        16384
         512          128           1.367       131072        32768
         512          256           2.308       262144        65536
         512          512           4.087       524288       131072
         512         1024           7.306      1048576       262144
         512         2048          13.636      2097152       524288
         512         4096          26.901      4194304      1048576
         512         8192          52.544      8388608      2097152
         512        16384         104.585     16777216      4194304
         512        32768         207.972     33554432      8388608
         576            1           1.066         1152          288
         576            2           0.671         2304          576
         576            4           1.057         4608         1152
         576            8           1.057         9216         2304
         576           16           1.191        18432         4608
         576           32           0.999        36864         9216
         576           64           1.352        73728        18432
         576          128           1.773       147456        36864
         576          256           2.216       294912        73728
         576          512           3.882       589824       147456
         576         1024           7.032      1179648       294912
         576         2048          13.486      2359296       589824
         576         4096          38.901      4718592      1179648
         576         8192          52.801      9437184      2359296
         576        16384         104.662     18874368      4718592
         576        32768         208.417     37748736      9437184
         640            1           0.796         1280          320
         640            2           0.924         2560          640
         640            4           0.649         5120         1280
         640            8           0.903        10240         2560
         640           16           0.748        20480         5120
         640           32           1.101        40960        10240
         640           64           1.184        81920        20480
         640          128           1.406       163840        40960
         640          256           2.265       327680        81920
         640          512           4.424       655360       163840
         640         1024          25.226      1310720       327680
         640         2048          25.897      2621440       655360
         640         4096          38.714      5242880      1310720
         640         8192          52.595     10485760      2621440
         640        16384         116.889     20971520      5242880
         640        32768         208.115     41943040     10485760
         704            1           0.521         1408          352
         704            2           0.877         2816          704
         704            4           0.985         5632         1408
         704            8           0.869        11264         2816
         704           16           1.093        22528         5632
         704           32           1.149        45056        11264
         704           64           1.130        90112        22528
         704          128           1.706       180224        45056
         704          256           2.302       360448        90112
         704          512           4.273       720896       180224
         704         1024          19.542      1441792       360448
         704         2048          13.669      2883584       720896
         704         4096          26.806      5767168      1441792
         704         8192          52.510     11534336      2883584
         704        16384         104.630     23068672      5767168
         704        32768         208.256     46137344     11534336
         768            1           0.474         1536          384
         768            2           0.713         3072          768
         768            4           0.790         6144         1536
         768            8           1.042        12288         3072
         768           16           0.960        24576         6144
         768           32           1.170        49152        12288
         768           64           1.026        98304        24576
         768          128           1.419       196608        49152
         768          256           2.184       393216        98304
         768          512           3.937       786432       196608
         768         1024           7.171      1572864       393216
         768         2048          13.585      3145728       786432
         768         4096          26.670      6291456      1572864
         768         8192          52.627     12582912      3145728
         768        16384         106.994     25165824      6291456
         768        32768         208.961     50331648     12582912
         832            1           1.053         1664          416
         832            2           0.916         3328          832
         832            4           0.924         6656         1664
         832            8           1.117        13312         3328
         832           16           0.963        26624         6656
         832           32           0.771        53248        13312
         832           64           1.298       106496        26624
         832          128           1.676       212992        53248
         832          256           2.217       425984       106496
         832          512           3.980       851968       212992
         832         1024           7.279      1703936       425984
         832         2048          13.631      3407872       851968
         832         4096          26.738      6815744      1703936
         832         8192          52.792     13631488      3407872
         832        16384         105.591     27262976      6815744
         832        32768         208.843     54525952     13631488
         896            1           1.405         1792          448
         896            2           0.809         3584          896
         896            4           0.888         7168         1792
         896            8           0.782        14336         3584
         896           16           0.883        28672         7168
         896           32           0.827        57344        14336
         896           64           0.857       114688        28672
         896          128           1.334       229376        57344
         896          256           1.715       458752       114688
         896          512           2.625       917504       229376
         896         1024           5.099      1835008       458752
         896         2048           9.010      3670016       917504
         896         4096          17.622      7340032      1835008
         896         8192          34.723     14680064      3670016
         896        16384          68.943     29360128      7340032
         896        32768         137.551     58720256     14680064
         960            1           1.116         1920          480
         960            2           0.896         3840          960
         960            4           0.646         7680         1920
         960            8           0.921        15360         3840
         960           16           0.817        30720         7680
         960           32           0.963        61440        15360
         960           64           0.989       122880        30720
         960          128           1.415       245760        61440
         960          256           1.580       491520       122880
         960          512           2.658       983040       245760
         960         1024           5.007      1966080       491520
         960         2048           9.439      3932160       983040
         960         4096          19.760      7864320      1966080
         960         8192          35.607     15728640      3932160
         960        16384          70.736     31457280      7864320
        1024            1           0.658         2048          512
        1024            2           0.728         4096         1024
        1024            4           1.006         8192         2048
        1024            8           0.727        16384         4096
        1024           16           1.019        32768         8192
        1024           32           0.923        65536        16384
        1024           64           0.822       131072        32768
        1024          128           1.428       262144        65536
        1024          256           1.837       524288       131072
        1024          512           2.786      1048576       262144
        1024         1024           5.103      2097152       524288
        1024         2048           9.231      4194304      1048576
        1024         4096          17.739      8388608      2097152
        1024         8192          34.670     16777216      4194304
        1024        16384          68.707     33554432      8388608
        1088            1           0.494         2176          544
        1088            2           0.995         4352         1088
        1088            4           0.700         8704         2176
        1088            8           0.960        17408         4352
        1088           16           0.989        34816         8704
        1088           32           0.801        69632        17408
        1088           64           0.896       139264        34816
        1088          128           1.197       278528        69632
        1088          256           1.776       557056       139264
        1088          512           3.018      1114112       278528
        1088         1024           4.999      2228224       557056
        1088         2048           9.263      4456448      1114112
        1088         4096          17.780      8912896      2228224
        1088         8192          34.828     17825792      4456448
        1088        16384          68.682     35651584      8912896
        1152            1           1.264         2304          576
        1152            2           0.883         4608         1152
        1152            4           0.824         9216         2304
        1152            8           0.935        18432         4608
        1152           16           0.937        36864         9216
        1152           32           1.103        73728        18432
        1152           64           0.991       147456        36864
        1152          128           1.216       294912        73728
        1152          256           1.576       589824       147456
        1152          512           2.995      1179648       294912
        1152         1024           5.134      2359296       589824
        1152         2048           9.399      4718592      1179648
        1152         4096          17.899      9437184      2359296
        1152         8192          35.597     18874368      4718592
        1152        16384          70.386     37748736      9437184
        1216            1           0.601         2432          608
        1216            2           0.740         4864         1216
        1216            4           0.705         9728         2432
        1216            8           0.738        19456         4864
        1216           16           0.803        38912         9728
        1216           32           1.047        77824        19456
        1216           64           0.875       155648        38912
        1216          128           1.293       311296        77824
        1216          256           1.827       622592       155648
        1216          512           2.995      1245184       311296
        1216         1024           5.094      2490368       622592
        1216         2048           9.809      4980736      1245184
        1216         4096          19.125      9961472      2490368
        1216         8192          37.580     19922944      4980736
        1216        16384          74.886     39845888      9961472
        1280            1           0.318         2560          640
        1280            2           0.710         5120         1280
        1280            4           0.687        10240         2560
        1280            8           0.980        20480         5120
        1280           16           0.796        40960        10240
        1280           32           1.037        81920        20480
        1280           64           1.175       163840        40960
        1280          128           1.200       327680        81920
        1280          256           1.645       655360       163840
        1280          512           2.963      1310720       327680
        1280         1024           5.275      2621440       655360
        1280         2048           9.488      5242880      1310720
        1280         4096          17.919     10485760      2621440
        1280         8192          34.926     20971520      5242880
        1280        16384          69.325     41943040     10485760
        1408            1           0.609         2816          704
        1408            2           0.824         5632         1408
        1408            4           0.832        11264         2816
        1408            8           0.836        22528         5632
        1408           16           0.775        45056        11264
        1408           32           1.019        90112        22528
        1408           64           0.923       180224        45056
        1408          128           1.158       360448        90112
        1408          256           1.875       720896       180224
        1408          512           2.792      1441792       360448
        1408         1024           5.277      2883584       720896
        1408         2048           9.862      5767168      1441792
        1408         4096          19.046     11534336      2883584
        1408         8192          47.693     23068672      5767168
        1408        16384          75.355     46137344     11534336
        1536            1           0.975         3072          768
        1536            2           0.681         6144         1536
        1536            4           0.600        12288         3072
        1536            8           0.986        24576         6144
        1536           16           0.924        49152        12288
        1536           32           0.976        98304        24576
        1536           64           0.907       196608        49152
        1536          128           1.137       393216        98304
        1536          256           1.854       786432       196608
        1536          512           2.843      1572864       393216
        1536         1024           4.965      3145728       786432
        1536         2048           9.295      6291456      1572864
        1536         4096          18.261     12582912      3145728
        1536         8192          35.424     25165824      6291456
        1536        16384         103.335     50331648     12582912
        1664            1           0.824         3328          832
        1664            2           0.812         6656         1664
        1664            4           0.754        13312         3328
        1664            8           0.698        26624         6656
        1664           16           0.783        53248        13312
        1664           32           0.679       106496        26624
        1664           64           0.910       212992        53248
        1664          128           1.539       425984       106496
        1664          256           2.142       851968       212992
        1664          512           4.202      1703936       425984
        1664         1024           5.698      3407872       851968
        1664         2048          10.406      6815744      1703936
        1664         4096          20.481     13631488      3407872
        1664         8192          40.631     27262976      6815744
        1664        16384          95.265     54525952     13631488
        1792            1           0.562         3584          896
        1792            2           0.775         7168         1792
        1792            4           0.689        14336         3584
        1792            8           0.937        28672         7168
        1792           16           0.814        57344        14336
        1792           32           0.800       114688        28672
        1792           64           0.894       229376        57344
        1792          128           1.345       458752       114688
        1792          256           1.809       917504       229376
        1792          512           2.808      1835008       458752
        1792         1024           5.221      3670016       917504
        1792         2048          12.887      7340032      1835008
        1792         4096          18.680     14680064      3670016
        1792         8192          40.722     29360128      7340032
        1792        16384          83.013     58720256     14680064
        1920            1           0.716         3840          960
        1920            2           2.543         7680         1920
        1920            4           1.041        15360         3840
        1920            8           0.913        30720         7680
        1920           16           1.034        61440        15360
        1920           32           0.856       122880        30720
        1920           64           1.052       245760        61440
        1920          128           1.326       491520       122880
        1920          256           1.886       983040       245760
        1920          512           3.057      1966080       491520
        1920         1024           5.519      3932160       983040
        1920         2048          10.661      7864320      1966080
        1920         4096          21.007     15728640      3932160
        1920         8192          52.723     31457280      7864320
        2112            1           0.693         4224         1056
        2112            2           3.356         8448         2112
        2112            4           1.065        16896         4224
        2112            8           0.849        33792         8448
        2112           16           0.792        67584        16896
        2112           32           0.835       135168        33792
        2112           64           0.920       270336        67584
        2112          128           1.400       540672       135168
        2112          256           1.934      1081344       270336
        2112          512           3.070      2162688       540672
        2112         1024           5.757      4325376      1081344
        2112         2048          10.912      8650752      2162688
        2112         4096          21.369     17301504      4325376
        2112         8192          69.409     34603008      8650752
        2304            1           0.504         4608         1152
        2304            2           0.703         9216         2304
        2304            4           0.999        18432         4608
        2304            8           0.732        36864         9216
        2304           16           0.678        73728        18432
        2304           32           0.989       147456        36864
        2304           64           0.907       294912        73728
        2304          128           1.355       589824       147456
        2304          256           1.890      1179648       294912
        2304          512           3.227      2359296       589824
        2304         1024           5.700      4718592      1179648
        2304         2048          10.900      9437184      2359296
        2304         4096          32.548     18874368      4718592
        2304         8192          41.741     37748736      9437184
        2496            1           0.691         4992         1248
        2496            2           0.743         9984         2496
        2496            4           1.099        19968         4992
        2496            8           0.946        39936         9984
        2496           16           0.932        79872        19968
        2496           32           0.918       159744        39936
        2496           64           1.339       319488        79872
        2496          128           1.404       638976       159744
        2496          256           2.514      1277952       319488
        2496          512           3.869      2555904       638976
        2496         1024           7.160      5111808      1277952
        2496         2048          13.929     10223616      2555904
        2496         4096          39.023     20447232      5111808
        2496         8192          54.243     40894464     10223616
        2688            1           1.149         5376         1344
        2688            2           1.010        10752         2688
        2688            4           0.999        21504         5376
        2688            8           0.793        43008        10752
        2688           16           0.921        86016        21504
        2688           32           0.879       172032        43008
        2688           64          10.135       344064        86016
        2688          128           1.714       688128       172032
        2688          256           2.856      1376256       344064
        2688          512           5.825      2752512       688128
        2688         1024          10.860      5505024      1376256
        2688         2048          20.607     11010048      2752512
        2688         4096          34.968     22020096      5505024
        2688         8192          67.533     44040192     11010048
        2944            1           0.763         5888         1472
        2944            2           1.010        11776         2944
        2944            4           0.912        23552         5888
        2944            8           0.657        47104        11776
        2944           16           0.908        94208        23552
        2944           32           1.002       188416        47104
        2944           64           1.117       376832        94208
        2944          128           1.584       753664       188416
        2944          256           2.594      1507328       376832
        2944          512           4.277      3014656       753664
        2944         1024           7.648      6029312      1507328
        2944         2048          15.020     12058624      3014656
        2944         4096          29.996     24117248      6029312
        2944         8192          75.304     48234496     12058624
        3200            1           0.718         6400         1600
        3200            2           0.604        12800         3200
        3200            4           0.758        25600         6400
        3200            8           0.803        51200        12800
        3200           16           0.873       102400        25600
        3200           32           1.015       204800        51200
        3200           64           1.257       409600       102400
        3200          128           1.675       819200       204800
        3200          256           2.532      1638400       409600
        3200          512           4.330      3276800       819200
        3200         1024           8.406      6553600      1638400
        3200         2048          28.531     13107200      3276800
        3200         4096          36.341     26214400      6553600
        3200         8192          74.535     52428800     13107200
        3520            1           0.908         7040         1760
        3520            2           0.759        14080         3520
        3520            4           1.100        28160         7040
        3520            8           0.967        56320        14080
        3520           16           0.919       112640        28160
        3520           32           0.869       225280        56320
        3520           64           1.331       450560       112640
        3520          128           1.829       901120       225280
        3520          256           2.652      1802240       450560
        3520          512           4.825      3604480       901120
        3520         1024           9.157      7208960      1802240
        3520         2048          17.601     14417920      3604480
        3520         4096          34.848     28835840      7208960
        3520         8192          69.448     57671680     14417920
        3840            1           0.679         7680         1920
        3840            2           0.922        15360         3840
        3840            4           0.700        30720         7680
        3840            8           0.760        61440        15360
        3840           16           0.809       122880        30720
        3840           32           0.879       245760        61440
        3840           64           0.960       491520       122880
        3840          128           1.370       983040       245760
        3840          256           2.073      1966080       491520
        3840          512           3.382      3932160       983040
        3840         1024           6.500      7864320      1966080
        3840         2048          12.348     15728640      3932160
        3840         4096          24.124     31457280      7864320
        4224            1           0.818         8448         2112
        4224            2           0.845        16896         4224
        4224            4           0.811        33792         8448
        4224            8           0.672        67584        16896
        4224           16           0.861       135168        33792
        4224           32           0.913       270336        67584
        4224           64           1.103       540672       135168
        4224          128           1.699      1081344       270336
        4224          256           2.424      2162688       540672
        4224          512           4.178      4325376      1081344
        4224         1024           7.723      8650752      2162688
        4224         2048          15.146     17301504      4325376
        4224         4096          30.007     34603008      8650752
        4608            1           0.665         9216         2304
        4608            2           0.585        18432         4608
        4608            4           0.709        36864         9216
        4608            8           0.643        73728        18432
        4608           16           0.775       147456        36864
        4608           32           0.931       294912        73728
        4608           64           1.060       589824       147456
        4608          128           1.674      1179648       294912
        4608          256           2.503      2359296       589824
        4608          512           4.061      4718592      1179648
        4608         1024           7.546      9437184      2359296
        4608         2048          14.738     18874368      4718592
        4608         4096          28.385     37748736      9437184
        5056            1           0.558        10112         2528
        5056            2           0.993        20224         5056
        5056            4           1.010        40448        10112
        5056            8           0.854        80896        20224
        5056           16           0.696       161792        40448
        5056           32           0.892       323584        80896
        5056           64           1.192       647168       161792
        5056          128           1.666      1294336       323584
        5056          256           2.895      2588672       647168
        5056          512           4.824      5177344      1294336
        5056         1024           9.175     10354688      2588672
        5056         2048          17.839     20709376      5177344
        5056         4096          35.247     41418752     10354688
        5504            1           0.706        11008         2752
        5504            2           0.747        22016         5504
        5504            4           0.873        44032        11008
        5504            8           0.973        88064        22016
        5504           16           0.809       176128        44032
        5504           32           0.834       352256        88064
        5504           64           1.382       704512       176128
        5504          128           2.111      1409024       352256
        5504          256           2.909      2818048       704512
        5504          512           5.335      5636096      1409024
        5504         1024          20.021     11272192      2818048
        5504         2048          25.104     22544384      5636096
        5504         4096          36.777     45088768     11272192
        6016            1           0.741        12032         3008
        6016            2           0.898        24064         6016
        6016            4           1.033        48128        12032
        6016            8           1.102        96256        24064
        6016           16           1.070       192512        48128
        6016           32           1.014       385024        96256
        6016           64           1.371       770048       192512
        6016          128           1.876      1540096       385024
        6016          256           3.073      3080192       770048
        6016          512           5.608      6160384      1540096
        6016         1024          10.253     12320768      3080192
        6016         2048          20.268     24641536      6160384
        6016         4096          39.591     49283072     12320768
        6592            1           0.558        13184         3296
        6592            2           0.801        26368         6592
        6592            4           0.649        52736        13184
        6592            8           1.125       105472        26368
        6592           16           0.690       210944        52736
        6592           32           0.949       421888       105472
        6592           64           1.486       843776       210944
        6592          128           2.113      1687552       421888
        6592          256           3.644      3375104       843776
        6592          512           6.100      6750208      1687552
        6592         1024          11.414     13500416      3375104
        6592         2048          22.416     27000832      6750208
        6592         4096          46.272     54001664     13500416
        7232            1           0.671        14464         3616
        7232            2           0.880        28928         7232
        7232            4           0.774        57856        14464
        7232            8           0.872       115712        28928
        7232           16           0.916       231424        57856
        7232           32           0.959       462848       115712
        7232           64           1.351       925696       231424
        7232          128           2.064      1851392       462848
        7232          256           3.420      3702784       925696
        7232          512           6.139      7405568      1851392
        7232         1024          11.963     14811136      3702784
        7232         2048          23.178     29622272      7405568
        7232         4096          45.737     59244544     14811136
        7936            1           0.408        15872         3968
        7936            2           1.116        31744         7936
        7936            4           0.668        63488        15872
        7936            8           0.727       126976        31744
        7936           16           1.022       253952        63488
        7936           32           1.140       507904       126976
        7936           64           1.430      1015808       253952
        7936          128           2.269      2031616       507904
        7936          256           3.754      4063232      1015808
        7936          512           6.599      8126464      2031616
        7936         1024          12.511     16252928      4063232
        7936         2048          24.548     32505856      8126464
        8704            1           0.756        17408         4352
        8704            2           0.795        34816         8704
        8704            4           0.865        69632        17408
        8704            8           0.694       139264        34816
        8704           16           0.909       278528        69632
        8704           32           1.209       557056       139264
        8704           64           1.670      1114112       278528
        8704          128           2.618      2228224       557056
        8704          256           4.599      4456448      1114112
        8704          512           8.696      8912896      2228224
        8704         1024          16.749     17825792      4456448
        8704         2048          32.615     35651584      8912896
        9536            1           0.704        19072         4768
        9536            2           0.876        38144         9536
        9536            4           1.090        76288        19072
        9536            8           0.900       152576        38144
        9536           16           0.886       305152        76288
        9536           32           1.137       610304       152576
        9536           64           1.469      1220608       305152
        9536          128           2.488      2441216       610304
        9536          256           4.403      4882432      1220608
        9536          512           8.125      9764864      2441216
        9536         1024          15.389     19529728      4882432
        9536         2048          29.990     39059456      9764864
       10432            1           0.618        20864         5216
       10432            2           0.909        41728        10432
       10432            4           0.919        83456        20864
       10432            8           0.910       166912        41728
       10432           16           0.910       333824        83456
       10432           32           1.131       667648       166912
       10432           64           1.834      1335296       333824
       10432          128           3.231      2670592       667648
       10432          256           5.295      5341184      1335296
       10432          512           9.891     10682368      2670592
       10432         1024          19.528     21364736      5341184
       10432         2048          38.087     42729472     10682368
       11456            1           0.615        22912         5728
       11456            2           0.971        45824        11456
       11456            4           0.709        91648        22912
       11456            8           0.832       183296        45824
       11456           16           0.900       366592        91648
       11456           32           1.430       733184       183296
       11456           64           2.111      1466368       366592
       11456          128           3.094      2932736       733184
       11456          256           5.603      5865472      1466368
       11456          512          10.731     11730944      2932736
       11456         1024          20.897     23461888      5865472
       11456         2048          41.347     46923776     11730944
       12544            1           0.386        25088         6272
       12544            2           0.818        50176        12544
       12544            4           1.018       100352        25088
       12544            8           0.975       200704        50176
       12544           16           1.025       401408       100352
       12544           32           1.245       802816       200704
       12544           64           1.825      1605632       401408
       12544          128           3.032      3211264       802816
       12544          256           5.313      6422528      1605632
       12544          512           9.950     12845056      3211264
       12544         1024          19.657     25690112      6422528
       12544         2048          38.037     51380224     12845056
       13760            1           0.684        27520         6880
       13760            2           0.842        55040        13760
       13760            4           0.702       110080        27520
       13760            8           1.106       220160        55040
       13760           16           1.288       440320       110080
       13760           32           1.363       880640       220160
       13760           64           2.120      1761280       440320
       13760          128           3.461      3522560       880640
       13760          256           6.225      7045120      1761280
       13760          512          11.418     14090240      3522560
       13760         1024          22.131     28180480      7045120
       13760         2048          43.637     56360960     14090240
       15104            1           1.109        30208         7552
       15104            2           1.008        60416        15104
       15104            4           0.814       120832        30208
       15104            8           0.831       241664        60416
       15104           16           1.015       483328       120832
       15104           32           1.260       966656       241664
       15104           64           2.097      1933312       483328
       15104          128           3.797      3866624       966656
       15104          256           6.241      7733248      1933312
       15104          512          11.955     15466496      3866624
       15104         1024          23.164     30932992      7733248
       15104         2048          45.794     61865984     15466496
       16576            1           1.032        33152         8288
       16576            2           0.419        66304        16576
       16576            4           0.720       132608        33152
       16576            8           0.896       265216        66304
       16576           16           1.012       530432       132608
       16576           32           1.430      1060864       265216
       16576           64           2.283      2121728       530432
       16576          128           3.847      4243456      1060864
       16576          256           7.115      8486912      2121728
       16576          512          13.499     16973824      4243456
       16576         1024          26.426     33947648      8486912
       18176            1           0.760        36352         9088
       18176            2           0.569        72704        18176
       18176            4           0.852       145408        36352
       18176            8           1.070       290816        72704
       18176           16           1.309       581632       145408
       18176           32           1.506      1163264       290816
       18176           64           2.225      2326528       581632
       18176          128           4.284      4653056      1163264
       18176          256           7.556      9306112      2326528
       18176          512          14.156     18612224      4653056
       18176         1024          27.734     37224448      9306112
       19968            1           0.721        39936         9984
       19968            2           0.886        79872        19968
       19968            4           0.947       159744        39936
       19968            8           0.942       319488        79872
       19968           16           1.245       638976       159744
       19968           32           1.700      1277952       319488
       19968           64           2.712      2555904       638976
       19968          128           4.824      5111808      1277952
       19968          256           8.739     10223616      2555904
       19968          512          16.845     20447232      5111808
       19968         1024          33.255     40894464     10223616
       21952            1           0.818        43904        10976
       21952            2           0.743        87808        21952
       21952            4           0.985       175616        43904
       21952            8           0.984       351232        87808
       21952           16           1.200       702464       175616
       21952           32           1.697      1404928       351232
       21952           64           2.987      2809856       702464
       21952          128           5.123      5619712      1404928
       21952          256           9.528     11239424      2809856
       21952          512          18.514     22478848      5619712
       21952         1024          36.221     44957696     11239424
       24128            1           1.002        48256        12064
       24128            2           0.521        96512        24128
       24128            4           0.984       193024        48256
       24128            8           1.141       386048        96512
       24128           16           1.319       772096       193024
       24128           32           1.899      1544192       386048
       24128           64           2.977      3088384       772096
       24128          128           5.164      6176768      1544192
       24128          256           9.975     12353536      3088384
       24128          512          18.786     24707072      6176768
       24128         1024          36.886     49414144     12353536
       26496            1           1.439        52992        13248
       26496            2           0.700       105984        26496
       26496            4           0.795       211968        52992
       26496            8           1.004       423936       105984
       26496           16           1.477       847872       211968
       26496           32           2.081      1695744       423936
       26496           64           3.411      3391488       847872
       26496          128           6.120      6782976      1695744
       26496          256          11.213     13565952      3391488
       26496          512          21.761     27131904      6782976
       26496         1024          43.094     54263808     13565952
       29120            1           0.730        58240        14560
       29120            2           0.892       116480        29120
       29120            4           0.807       232960        58240
       29120            8           1.086       465920       116480
       29120           16           1.557       931840       232960
       29120           32           2.217      1863680       465920
       29120           64           3.568      3727360       931840
       29120          128           6.485      7454720      1863680
       29120          256          12.559     14909440      3727360
       29120          512          23.874     29818880      7454720
       29120         1024          47.305     59637760     14909440
       32000            1           0.884        64000        16000
       32000            2           0.929       128000        32000
       32000            4           0.949       256000        64000
       32000            8           0.999       512000       128000
       32000           16           1.607      1024000       256000
       32000           32           2.337      2048000       512000
       32000           64           3.927      4096000      1024000
       32000          128           7.112      8192000      2048000
       32000          256          13.317     16384000      4096000
       32000          512          25.923     32768000      8192000
       35200            1           1.178        70400        17600
       35200            2           0.768       140800        35200
       35200            4           0.855       281600        70400
       35200            8           1.212       563200       140800
       35200           16           1.678      1126400       281600
       35200           32           2.370      2252800       563200
       35200           64           4.191      4505600      1126400
       35200          128           7.627      9011200      2252800
       35200          256          14.531     18022400      4505600
       35200          512          28.397     36044800      9011200
       38720            1           0.999        77440        19360
       38720            2           0.972       154880        38720
       38720            4           0.918       309760        77440
       38720            8           1.158       619520       154880
       38720           16           1.601      1239040       309760
       38720           32           2.480      2478080       619520
       38720           64           4.621      4956160      1239040
       38720          128           8.439      9912320      2478080
       38720          256          15.842     19824640      4956160
       38720          512          30.929     39649280      9912320
       42560            1           1.036        85120        21280
       42560            2           0.951       170240        42560
       42560            4           0.976       340480        85120
       42560            8           1.350       680960       170240
       42560           16           1.662      1361920       340480
       42560           32           2.924      2723840       680960
       42560           64           4.861      5447680      1361920
       42560          128           9.020     10895360      2723840
       42560          256          17.291     21790720      5447680
       42560          512          33.913     43581440     10895360
       46784            1           1.075        93568        23392
       46784            2           0.742       187136        46784
       46784            4           1.172       374272        93568
       46784            8           1.260       748544       187136
       46784           16           1.811      1497088       374272
       46784           32           2.905      2994176       748544
       46784           64           5.382      5988352      1497088
       46784          128           9.940     11976704      2994176
       46784          256          18.962     23953408      5988352
       46784          512          37.100     47906816     11976704
       51456            1           1.048       102912        25728
       51456            2           0.939       205824        51456
       51456            4           0.945       411648       102912
       51456            8           1.275       823296       205824
       51456           16           2.035      1646592       411648
       51456           32           3.132      3293184       823296
       51456           64           5.615      6586368      1646592
       51456          128          10.634     13172736      3293184
       51456          256          48.176     26345472      6586368
       51456          512          63.807     52690944     13172736
       56576            1           1.365       113152        28288
       56576            2           0.821       226304        56576
       56576            4           1.022       452608       113152
       56576            8           1.275       905216       226304
       56576           16           1.990      1810432       452608
       56576           32           3.615      3620864       905216
       56576           64          20.176      7241728      1810432
       56576          128          15.361     14483456      3620864
       56576          256          26.024     28966912      7241728
       56576          512          44.296     57933824     14483456
       62208            1           1.379       124416        31104
       62208            2           0.829       248832        62208
       62208            4           1.225       497664       124416
       62208            8           1.421       995328       248832
       62208           16           2.171      1990656       497664
       62208           32           3.670      3981312       995328
       62208           64           6.805      7962624      1990656
       62208          128          21.749     15925248      3981312
       62208          256          27.209     31850496      7962624
       68416            1           1.271       136832        34208
       68416            2           0.816       273664        68416
       68416            4           1.278       547328       136832
       68416            8           1.855      1094656       273664
       68416           16           3.017      2189312       547328
       68416           32           5.083      4378624      1094656
       68416           64          10.784      8757248      2189312
       68416          128          15.123     17514496      4378624
       68416          256          26.919     35028992      8757248
       75200            1           1.674       150400        37600
       75200            2           0.924       300800        75200
       75200            4           1.369       601600       150400
       75200            8           2.001      1203200       300800
       75200           16           3.219      2406400       601600
       75200           32           5.789      4812800      1203200
       75200           64          11.499      9625600      2406400
       75200          128          23.387     19251200      4812800
       75200          256          55.040     38502400      9625600
       82688            1           1.604       165376        41344
       82688            2           0.951       330752        82688
       82688            4           1.460       661504       165376
       82688            8           2.233      1323008       330752
       82688           16           3.837      2646016       661504
       82688           32           7.378      5292032      1323008
       82688           64          13.239     10584064      2646016
       82688          128          35.068     21168128      5292032
       82688          256          51.211     42336256     10584064
       90944            1           1.919       181888        45472
       90944            2           0.960       363776        90944
       90944            4           1.512       727552       181888
       90944            8           2.289      1455104       363776
       90944           16           4.215      2910208       727552
       90944           32           7.569      5820416      1455104
       90944           64          14.409     11640832      2910208
       90944          128          36.844     23281664      5820416
       90944          256          56.489     46563328     11640832
      100032            1           1.665       200064        50016
      100032            2           0.936       400128       100032
      100032            4           1.530       800256       200064
      100032            8           2.582      1600512       400128
      100032           16           4.401      3201024       800256
      100032           32           8.407      6402048      1600512
      100032           64          16.162     12804096      3201024
      100032          128          39.648     25608192      6402048
      100032          256          61.970     51216384     12804096
      110016            1           2.297       220032        55008
      110016            2           1.203       440064       110016
      110016            4           1.867       880128       220032
      110016            8           2.870      1760256       440064
      110016           16           5.251      3520512       880128
      110016           32           9.261      7041024      1760256
      110016           64          25.984     14082048      3520512
      110016          128          34.710     28164096      7041024
      110016          256          68.496     56328192     14082048
      120960            1           2.404       241920        60480
      120960            2           1.146       483840       120960
      120960            4           1.894       967680       241920
      120960            8           3.078      1935360       483840
      120960           16           5.624      3870720       967680
      120960           32          18.606      7741440      1935360
      120960           64          19.315     15482880      3870720
      120960          128          35.707     30965760      7741440
      120960          256          78.352     61931520     15482880
      133056            1           2.186       266112        66528
      133056            2           1.306       532224       133056
      133056            4           2.165      1064448       266112
      133056            8           3.382      2128896       532224
      133056           16           5.708      4257792      1064448
      133056           32          10.853      8515584      2128896
      133056           64          20.828     17031168      4257792
      133056          128          39.171     34062336      8515584
      146304            1           3.215       292608        73152
      146304            2           1.510       585216       146304
      146304            4           2.124      1170432       292608
      146304            8           3.706      2340864       585216
      146304           16           6.247      4681728      1170432
      146304           32          12.612      9363456      2340864
      146304           64          24.207     18726912      4681728
      146304          128          46.538     37453824      9363456
      160896            1           2.445       321792        80448
      160896            2           1.359       643584       160896
      160896            4           1.707      1287168       321792
      160896            8           2.744      2574336       643584
      160896           16           4.620      5148672      1287168
      160896           32           8.376     10297344      2574336
      160896           64          15.955     20594688      5148672
      160896          128          31.236     41189376     10297344
      176960            1           3.502       353920        88480
      176960            2           1.659       707840       176960
      176960            4           2.668      1415680       353920
      176960            8           4.371      2831360       707840
      176960           16           8.555      5662720      1415680
      176960           32          16.151     11325440      2831360
      176960           64          27.790     22650880      5662720
      176960          128          53.845     45301760     11325440
      194624            1           4.260       389248        97312
      194624            2           1.364       778496       194624
      194624            4           2.845      1556992       389248
      194624            8           4.228      3113984       778496
      194624           16          16.801      6227968      1556992
      194624           32          14.697     12455936      3113984
      194624           64          29.076     24911872      6227968
      194624          128          65.527     49823744     12455936
      214080            1           4.801       428160       107040
      214080            2           1.849       856320       214080
      214080            4           3.195      1712640       428160
      214080            8           4.665      3425280       856320
      214080           16           8.917      6850560      1712640
      214080           32          19.176     13701120      3425280
      214080           64          34.870     27402240      6850560
      214080          128          45.235     54804480     13701120
      235456            1           3.509       470912       117728
      235456            2           1.563       941824       235456
      235456            4           2.520      1883648       470912
      235456            8           3.788      3767296       941824
      235456           16           6.837      7534592      1883648
      235456           32          12.159     15069184      3767296
      235456           64          23.176     30138368      7534592
      235456          128          45.302     60276736     15069184
      258944            1           3.519       517888       129472
      258944            2           1.954      1035776       258944
      258944            4           2.392      2071552       517888
      258944            8           4.015      4143104      1035776
      258944           16           7.015      8286208      2071552
      258944           32          13.271     16572416      4143104
      258944           64          25.573     33144832      8286208
      284800            1           3.805       569600       142400
      284800            2           1.748      1139200       284800
      284800            4           2.904      2278400       569600
      284800            8           4.914      4556800      1139200
      284800           16           9.304      9113600      2278400
      284800           32          17.931     18227200      4556800
      284800           64          34.973     36454400      9113600
      313280            1           4.197       626560       156640
      313280            2           2.048      1253120       313280
      313280            4           3.382      2506240       626560
      313280            8           6.083      5012480      1253120
      313280           16          11.173     10024960      2506240
      313280           32          21.105     20049920      5012480
      313280           64          41.014     40099840     10024960
      344576            1           4.895       689152       172288
      344576            2           2.529      1378304       344576
      344576            4           4.062      2756608       689152
      344576            8           6.934      5513216      1378304
      344576           16          12.767     11026432      2756608
      344576           32          24.248     22052864      5513216
      344576           64          47.343     44105728     11026432
      379008            1           5.570       758016       189504
      379008            2           2.676      1516032       379008
      379008            4           4.313      3032064       758016
      379008            8           7.359      6064128      1516032
      379008           16          13.932     12128256      3032064
      379008           32          26.590     24256512      6064128
      379008           64          69.471     48513024     12128256
      416896            1           5.524       833792       208448
      416896            2           3.077      1667584       416896
      416896            4           4.691      3335168       833792
      416896            8           8.124      6670336      1667584
      416896           16          15.090     13340672      3335168
      416896           32          29.119     26681344      6670336
      416896           64          57.068     53362688     13340672
      458560            1           5.907       917120       229280
      458560            2           3.181      1834240       458560
      458560            4           5.067      3668480       917120
      458560            8           8.770      7336960      1834240
      458560           16          16.668     14673920      3668480
      458560           32          31.779     29347840      7336960
      458560           64          62.786     58695680     14673920
      504384            1           5.859      1008768       252192
      504384            2           3.483      2017536       504384
      504384            4           5.510      4035072      1008768
      504384            8           9.706      8070144      2017536
      504384           16          18.035     16140288      4035072
      504384           32          35.143     32280576      8070144
      554816            1           6.964      1109632       277408
      554816            2           3.216      2219264       554816
      554816            4           5.944      4438528      1109632
      554816            8          10.698      8877056      2219264
      554816           16          19.771     17754112      4438528
      554816           32          38.418     35508224      8877056
      610240            1           8.102      1220480       305120
      610240            2           3.869      2440960       610240
      610240            4           6.331      4881920      1220480
      610240            8          11.561      9763840      2440960
      610240           16          21.611     19527680      4881920
      610240           32          42.131     39055360      9763840
      671232            1           8.402      1342464       335616
      671232            2           4.400      2684928       671232
      671232            4           7.087      5369856      1342464
      671232            8          12.536     10739712      2684928
      671232           16          23.884     21479424      5369856
      671232           32          46.190     42958848     10739712
      738304            1           8.276      1476608       369152
      738304            2           4.395      2953216       738304
      738304            4           7.482      5906432      1476608
      738304            8          13.858     11812864      2953216
      738304           16          26.318     23625728      5906432
      738304           32          50.794     47251456     11812864
      812096            1           9.663      1624192       406048
      812096            2           4.855      3248384       812096
      812096            4           8.422      6496768      1624192
      812096            8          15.146     12993536      3248384
      812096           16          28.573     25987072      6496768
      812096           32          55.983     51974144     12993536
      893248            1           9.386      1786496       446624
      893248            2           5.271      3572992       893248
      893248            4           9.123      7145984      1786496
      893248            8          16.507     14291968      3572992
      893248           16          31.573     28583936      7145984
      893248           32          61.347     57167872     14291968
      982528            1          11.146      1965056       491264
      982528            2           5.715      3930112       982528
      982528            4          10.014      7860224      1965056
      982528            8          18.358     15720448      3930112
      982528           16          34.648     31440896      7860224
     1080768            1          12.194      2161536       540384
     1080768            2           6.290      4323072      1080768
     1080768            4          10.994      8646144      2161536
     1080768            8          20.519     17292288      4323072
     1080768           16          38.004     34584576      8646144
     1188800            1          13.505      2377600       594400
     1188800            2           6.894      4755200      1188800
     1188800            4          11.754      9510400      2377600
     1188800            8          21.684     19020800      4755200
     1188800           16          41.615     38041600      9510400
     1307648            1          14.534      2615296       653824
     1307648            2           7.756      5230592      1307648
     1307648            4          13.199     10461184      2615296
     1307648            8          24.047     20922368      5230592
     1307648           16          45.423     41844736     10461184
     1438400            1          16.787      2876800       719200
     1438400            2           8.192      5753600      1438400
     1438400            4          14.099     11507200      2876800
     1438400            8          26.268     23014400      5753600
     1438400           16          50.566     46028800     11507200
     1582208            1          17.872      3164416       791104
     1582208            2           8.971      6328832      1582208
     1582208            4          15.763     12657664      3164416
     1582208            8          28.721     25315328      6328832
     1582208           16          55.223     50630656     12657664
     1740416            1          30.919      3480832       870208
     1740416            2          14.193      6961664      1740416
     1740416            4          17.236     13923328      3480832
     1740416            8          31.609     27846656      6961664
     1740416           16          64.815     55693312     13923328
     1914432            1          25.655      3828864       957216
     1914432            2          15.641      7657728      1914432
     1914432            4          34.741     15315456      3828864
     1914432            8          36.204     30630912      7657728
     1914432           16          71.134     61261824     15315456
     2105856            1          22.467      4211712      1052928
     2105856            2          24.911      8423424      2105856
     2105856            4          20.361     16846848      4211712
     2105856            8          40.896     33693696      8423424
     2316416            1          24.550      4632832      1158208
     2316416            2          12.928      9265664      2316416
     2316416            4          25.393     18531328      4632832
     2316416            8          42.978     37062656      9265664
     2548032            1          27.580      5096064      1274016
     2548032            2          13.847     10192128      2548032
     2548032            4          34.839     20384256      5096064
     2548032            8          50.526     40768512     10192128
     2802816            1          31.332      5605632      1401408
     2802816            2          15.268     11211264      2802816
     2802816            4          35.654     22422528      5605632
     2802816            8          54.097     44845056     11211264
     3083072            1          33.743      6166144      1541536
     3083072            2          16.753     12332288      3083072
     3083072            4          29.836     24664576      6166144
     3083072            8          66.925     49329152     12332288
     3391360            1          36.141      6782720      1695680
     3391360            2          18.619     13565440      3391360
     3391360            4          32.575     27130880      6782720
     3391360            8          60.570     54261760     13565440
     3730496            1          39.605      7460992      1865248
     3730496            2          20.829     14921984      3730496
     3730496            4          35.820     29843968      7460992
     3730496            8          66.697     59687936     14921984
     4103488            1          43.356      8206976      2051744
     4103488            2          24.544     16413952      4103488
     4103488            4          39.741     32827904      8206976
     4513792            1          46.871      9027584      2256896
     4513792            2          25.645     18055168      4513792
     4513792            4          42.820     36110336      9027584
     4965120            1          51.777      9930240      2482560
     4965120            2          31.084     19860480      4965120
     4965120            4          52.157     39720960      9930240
     5461632            1          58.584     10923264      2730816
     5461632            2          36.356     21846528      5461632
     5461632            4          61.118     43693056     10923264
     6007744            1          63.780     12015488      3003872
     6007744            2          39.082     24030976      6007744
     6007744            4          63.123     48061952     12015488
     6608512            1          68.539     13217024      3304256
     6608512            2          44.850     26434048      6608512
     6608512            4          70.281     52868096     13217024
     7269312            1          86.430     14538624      3634656
     7269312            2          54.688     29077248      7269312
     7269312            4          81.839     58154496     14538624
     7996224            1          72.418     15992448      3998112
     7996224            2          65.045     31984896      7996224
     8795840            1          81.280     17591680      4397920
     8795840            2          79.104     35183360      8795840
     9675392            1          84.851     19350784      4837696
     9675392            2          94.224     38701568      9675392
    10642880            1         101.726     21285760      5321440
    10642880            2         112.617     42571520     10642880
    11707136            1          99.675     23414272      5853568
    11707136            2         134.127     46828544     11707136
    12877824            1         106.066     25755648      6438912
    12877824            2         157.317     51511296     12877824
    14165568            1         115.166     28331136      7082784
    14165568            2         177.231     56662272     14165568
    15582080            1         137.936     31164160      7791040
    17140288            1         156.703     34280576      8570144
    18854272            1         162.449     37708544      9427136
    20739648            1         244.923     41479296     10369824
    22813568            1         239.710     45627136     11406784
    25094912            1         296.831     50189824     12547456
    27604352            1         332.636     55208704     13802176
    30364736            1         403.887     60729472     15182368

META_DATA
FLOPS          4
OPENMP_THREADS 8
ERT_VERSION  1.1.0
HOSTNAME  ('cirrus4.computing.clemson.edu', ['cirrus4'], ['127.0.1.1'])
UNAME  uname_result(system='Linux', node='cirrus4.computing.clemson.edu', release='5.4.0-81-generic', version='#91-Ubuntu SMP Thu Jul 15 19:09:17 UTC 2021', machine='x86_64', processor='x86_64')
TIMESTAMP_DATA  1632245418.1306655
CONFIG  {'ERT_RESULTS': ['Results.cs.clemson.edu'], 'ERT_DRIVER': ['driver1'], 'ERT_KERNEL': ['kernel1'], 'ERT_MPI': ['False'], 'ERT_MPI_CFLAGS': [], 'ERT_MPI_LDFLAGS': [], 'ERT_OPENMP': ['True'], 'ERT_OPENMP_CFLAGS': ['-fopenmp'], 'ERT_OPENMP_LDFLAGS': ['-fopenmp'], 'ERT_FLOPS': ['1,2,4'], 'ERT_ALIGN': ['32'], 'ERT_CC': ['g++'], 'ERT_CFLAGS': ['-O3', '-std=c++11', '-fstrict-aliasing', '-march=native'], 'ERT_LD': ['g++'], 'ERT_LDFLAGS': [], 'ERT_LDLIBS': [], 'ERT_PRECISION': ['FP64'], 'ERT_RUN': ['export', 'OMP_NUM_THREADS=ERT_OPENMP_THREADS;', 'export', 'OMP_PLACES=threads;', 'export', 'OMP_PROC_BIND=spread;', './ERT_CODE'], 'ERT_PROCS_THREADS': ['8'], 'ERT_MPI_PROCS': ['2,4,8'], 'ERT_OPENMP_THREADS': ['1-8'], 'ERT_NUM_EXPERIMENTS': ['5'], 'ERT_MEMORY_MAX': ['31000000'], 'ERT_WORKING_SET_MIN': ['1'], 'ERT_TRIALS_MIN': ['1'], 'ERT_GNUPLOT': ['gnuplot'], 'ERT_GPU': [False], 'ERT_HIP': [False], 'ERT_OCL': [False], 'ERT_SYCL': [False], 'ERT_WSS_MULT': [1.1]}
