fp64
          64            1           0.712          128           32
          64            2           0.587          256           64
          64            4           0.756          512          128
          64            8           0.795         1024          256
          64           16           0.647         2048          512
          64           32           0.849         4096         1024
          64           64           0.798         8192         2048
          64          128           1.178        16384         4096
          64          256           1.545        32768         8192
          64          512           2.374        65536        16384
          64         1024           4.282       131072        32768
          64         2048           7.696       262144        65536
          64         4096          14.737       524288       131072
          64         8192          28.915      1048576       262144
          64        16384          56.973      2097152       524288
          64        32768         113.444      4194304      1048576
          64        65536         226.506      8388608      2097152
          64       131072         452.390     16777216      4194304
          64       262144         953.996     33554432      8388608
         128            1           0.450          256           64
         128            2           0.421          512          128
         128            4           0.710         1024          256
         128            8           0.806         2048          512
         128           16           0.812         4096         1024
         128           32           0.670         8192         2048
         128           64           0.769        16384         4096
         128          128           0.968        32768         8192
         128          256           1.577        65536        16384
         128          512           2.375       131072        32768
         128         1024           4.231       262144        65536
         128         2048           7.942       524288       131072
         128         4096          15.328      1048576       262144
         128         8192          30.521      2097152       524288
         128        16384          63.957      4194304      1048576
         128        32768         113.768      8388608      2097152
         128        65536         237.796     16777216      4194304
         128       131072         468.947     33554432      8388608
         192            1           0.897          384           96
         192            2           0.524          768          192
         192            4           0.851         1536          384
         192            8           0.618         3072          768
         192           16           0.926         6144         1536
         192           32           0.946        12288         3072
         192           64           0.737        24576         6144
         192          128           1.086        49152        12288
         192          256           1.557        98304        24576
         192          512           2.417       196608        49152
         192         1024           4.141       393216        98304
         192         2048           7.918       786432       196608
         192         4096          15.028      1572864       393216
         192         8192          29.521      3145728       786432
         192        16384          58.318      6291456      1572864
         192        32768         116.020     12582912      3145728
         192        65536         231.587     25165824      6291456
         192       131072         463.252     50331648     12582912
         256            1           0.913          512          128
         256            2           0.633         1024          256
         256            4           0.652         2048          512
         256            8           0.781         4096         1024
         256           16           0.715         8192         2048
         256           32           0.871        16384         4096
         256           64           0.846        32768         8192
         256          128           1.079        65536        16384
         256          256           1.742       131072        32768
         256          512           2.422       262144        65536
         256         1024           4.382       524288       131072
         256         2048           8.368      1048576       262144
         256         4096          16.203      2097152       524288
         256         8192          31.816      4194304      1048576
         256        16384          70.151      8388608      2097152
         256        32768         123.756     16777216      4194304
         256        65536         260.014     33554432      8388608
         320            1           0.251          640          160
         320            2           0.752         1280          320
         320            4           0.753         2560          640
         320            8           0.532         5120         1280
         320           16           0.593        10240         2560
         320           32           0.794        20480         5120
         320           64           0.823        40960        10240
         320          128           0.919        81920        20480
         320          256           1.812       163840        40960
         320          512           2.628       327680        81920
         320         1024           4.837       655360       163840
         320         2048           8.530      1310720       327680
         320         4096          16.936      2621440       655360
         320         8192          33.336      5242880      1310720
         320        16384          66.118     10485760      2621440
         320        32768         131.818     20971520      5242880
         320        65536         263.108     41943040     10485760
         384            1           0.654          768          192
         384            2           0.686         1536          384
         384            4           0.578         3072          768
         384            8           0.767         6144         1536
         384           16           0.679        12288         3072
         384           32           0.678        24576         6144
         384           64           0.891        49152        12288
         384          128           1.161        98304        24576
         384          256           1.605       196608        49152
         384          512           2.601       393216        98304
         384         1024           4.695       786432       196608
         384         2048           9.569      1572864       393216
         384         4096          16.732      3145728       786432
         384         8192          33.454      6291456      1572864
         384        16384          67.913     12582912      3145728
         384        32768         132.022     25165824      6291456
         384        65536         263.329     50331648     12582912
         448            1           1.169          896          224
         448            2           0.639         1792          448
         448            4           0.490         3584          896
         448            8           0.812         7168         1792
         448           16           0.886        14336         3584
         448           32           0.858        28672         7168
         448           64           0.675        57344        14336
         448          128           1.167       114688        28672
         448          256           1.504       229376        57344
         448          512           2.705       458752       114688
         448         1024           4.638       917504       229376
         448         2048           8.721      1835008       458752
         448         4096          16.764      3670016       917504
         448         8192          33.445      7340032      1835008
         448        16384          95.979     14680064      3670016
         448        32768         131.855     29360128      7340032
         448        65536         263.444     58720256     14680064
         512            1           1.016         1024          256
         512            2           0.839         2048          512
         512            4           0.790         4096         1024
         512            8           0.798         8192         2048
         512           16           0.738        16384         4096
         512           32           0.770        32768         8192
         512           64           0.850        65536        16384
         512          128           0.893       131072        32768
         512          256           1.779       262144        65536
         512          512           2.572       524288       131072
         512         1024           4.416      1048576       262144
         512         2048           8.818      2097152       524288
         512         4096          16.792      4194304      1048576
         512         8192          34.730      8388608      2097152
         512        16384          74.952     16777216      4194304
         512        32768         139.433     33554432      8388608
         576            1           1.217         1152          288
         576            2           0.478         2304          576
         576            4           0.782         4608         1152
         576            8           0.524         9216         2304
         576           16           0.716        18432         4608
         576           32           0.662        36864         9216
         576           64           0.987        73728        18432
         576          128           1.258       147456        36864
         576          256           1.539       294912        73728
         576          512           2.600       589824       147456
         576         1024           4.841      1179648       294912
         576         2048           8.991      2359296       589824
         576         4096          16.852      4718592      1179648
         576         8192          43.373      9437184      2359296
         576        16384          69.117     18874368      4718592
         576        32768         138.837     37748736      9437184
         640            1           0.602         1280          320
         640            2           0.589         2560          640
         640            4           0.809         5120         1280
         640            8           0.680        10240         2560
         640           16           0.776        20480         5120
         640           32           0.820        40960        10240
         640           64           1.027        81920        20480
         640          128           0.927       163840        40960
         640          256           1.692       327680        81920
         640          512           2.630       655360       163840
         640         1024           5.378      1310720       327680
         640         2048          19.905      2621440       655360
         640         4096          26.146      5242880      1310720
         640         8192          36.896     10485760      2621440
         640        16384          87.251     20971520      5242880
         640        32768         145.065     41943040     10485760
         704            1           0.339         1408          352
         704            2           0.867         2816          704
         704            4           0.757         5632         1408
         704            8           0.755        11264         2816
         704           16           0.604        22528         5632
         704           32           0.687        45056        11264
         704           64           0.781        90112        22528
         704          128           0.982       180224        45056
         704          256           1.785       360448        90112
         704          512           3.023       720896       180224
         704         1024           5.349      1441792       360448
         704         2048          21.106      2883584       720896
         704         4096          20.931      5767168      1441792
         704         8192          37.998     11534336      2883584
         704        16384          73.566     23068672      5767168
         704        32768         157.414     46137344     11534336
         768            1           1.333         1536          384
         768            2           0.304         3072          768
         768            4           0.539         6144         1536
         768            8           0.938        12288         3072
         768           16           0.595        24576         6144
         768           32           0.757        49152        12288
         768           64           0.752        98304        24576
         768          128           1.213       196608        49152
         768          256           1.685       393216        98304
         768          512           2.640       786432       196608
         768         1024           4.758      1572864       393216
         768         2048           9.111      3145728       786432
         768         4096          18.463      6291456      1572864
         768         8192          39.797     12582912      3145728
         768        16384          70.814     25165824      6291456
         768        32768         142.275     50331648     12582912
         832            1           0.557         1664          416
         832            2           0.457         3328          832
         832            4           0.713         6656         1664
         832            8           0.809        13312         3328
         832           16           0.896        26624         6656
         832           32           0.864        53248        13312
         832           64           1.016       106496        26624
         832          128           1.186       212992        53248
         832          256           1.456       425984       106496
         832          512           2.702       851968       212992
         832         1024           4.789      1703936       425984
         832         2048          10.847      3407872       851968
         832         4096          18.189      6815744      1703936
         832         8192          36.176     13631488      3407872
         832        16384          70.347     27262976      6815744
         832        32768         137.305     54525952     13631488
         896            1           0.985         1792          448
         896            2           0.471         3584          896
         896            4           0.787         7168         1792
         896            8           0.888        14336         3584
         896           16           0.778        28672         7168
         896           32           0.872        57344        14336
         896           64           1.076       114688        28672
         896          128           1.081       229376        57344
         896          256           1.824       458752       114688
         896          512           3.634       917504       229376
         896         1024           5.546      1835008       458752
         896         2048          10.092      3670016       917504
         896         4096          20.510      7340032      1835008
         896         8192          37.713     14680064      3670016
         896        16384          75.413     29360128      7340032
         896        32768         135.025     58720256     14680064
         960            1           0.386         1920          480
         960            2           0.822         3840          960
         960            4           0.816         7680         1920
         960            8           0.730        15360         3840
         960           16           0.702        30720         7680
         960           32           0.767        61440        15360
         960           64           0.754       122880        30720
         960          128           1.135       245760        61440
         960          256           1.822       491520       122880
         960          512           3.280       983040       245760
         960         1024           6.393      1966080       491520
         960         2048          12.017      3932160       983040
         960         4096          23.216      7864320      1966080
         960         8192          47.167     15728640      3932160
         960        16384          95.110     31457280      7864320
        1024            1           0.770         2048          512
        1024            2           0.449         4096         1024
        1024            4           0.717         8192         2048
        1024            8           0.611        16384         4096
        1024           16           0.755        32768         8192
        1024           32           0.862        65536        16384
        1024           64           0.915       131072        32768
        1024          128           1.040       262144        65536
        1024          256           1.715       524288       131072
        1024          512           2.668      1048576       262144
        1024         1024           4.819      2097152       524288
        1024         2048           9.436      4194304      1048576
        1024         4096          18.247      8388608      2097152
        1024         8192          36.357     16777216      4194304
        1024        16384          72.369     33554432      8388608
        1088            1           1.918         2176          544
        1088            2           0.459         4352         1088
        1088            4           0.710         8704         2176
        1088            8           0.793        17408         4352
        1088           16           0.632        34816         8704
        1088           32           0.840        69632        17408
        1088           64           0.917       139264        34816
        1088          128           1.108       278528        69632
        1088          256           1.580       557056       139264
        1088          512           2.455      1114112       278528
        1088         1024           4.644      2228224       557056
        1088         2048           8.609      4456448      1114112
        1088         4096          16.839      8912896      2228224
        1088         8192          33.138     17825792      4456448
        1088        16384          66.586     35651584      8912896
        1152            1           0.771         2304          576
        1152            2           0.753         4608         1152
        1152            4           0.759         9216         2304
        1152            8           0.529        18432         4608
        1152           16           0.702        36864         9216
        1152           32           0.807        73728        18432
        1152           64           0.773       147456        36864
        1152          128           1.227       294912        73728
        1152          256           1.749       589824       147456
        1152          512           2.891      1179648       294912
        1152         1024           5.264      2359296       589824
        1152         2048          10.287      4718592      1179648
        1152         4096          19.574      9437184      2359296
        1152         8192          38.648     18874368      4718592
        1152        16384          76.207     37748736      9437184
        1216            1           0.270         2432          608
        1216            2           0.728         4864         1216
        1216            4           0.502         9728         2432
        1216            8           0.675        19456         4864
        1216           16           0.610        38912         9728
        1216           32           0.801        77824        19456
        1216           64           0.763       155648        38912
        1216          128           1.087       311296        77824
        1216          256           1.541       622592       155648
        1216          512           2.426      1245184       311296
        1216         1024           3.987      2490368       622592
        1216         2048           7.394      4980736      1245184
        1216         4096          14.598      9961472      2490368
        1216         8192          28.936     19922944      4980736
        1216        16384          90.187     39845888      9961472
        1280            1           0.360         2560          640
        1280            2           0.685         5120         1280
        1280            4           0.672        10240         2560
        1280            8           0.718        20480         5120
        1280           16           0.805        40960        10240
        1280           32           0.719        81920        20480
        1280           64           1.035       163840        40960
        1280          128           1.003       327680        81920
        1280          256           1.407       655360       163840
        1280          512           2.465      1310720       327680
        1280         1024           4.801      2621440       655360
        1280         2048           8.536      5242880      1310720
        1280         4096          16.036     10485760      2621440
        1280         8192          29.887     20971520      5242880
        1280        16384          62.391     41943040     10485760
        1408            1           0.347         2816          704
        1408            2           0.709         5632         1408
        1408            4           0.674        11264         2816
        1408            8           0.815        22528         5632
        1408           16           0.867        45056        11264
        1408           32           0.833        90112        22528
        1408           64           0.947       180224        45056
        1408          128           0.959       360448        90112
        1408          256           1.671       720896       180224
        1408          512           2.427      1441792       360448
        1408         1024           4.026      2883584       720896
        1408         2048           7.435      5767168      1441792
        1408         4096          14.836     11534336      2883584
        1408         8192          29.136     23068672      5767168
        1408        16384          57.587     46137344     11534336
        1536            1           1.724         3072          768
        1536            2           0.272         6144         1536
        1536            4           0.682        12288         3072
        1536            8           0.850        24576         6144
        1536           16           0.676        49152        12288
        1536           32           0.966        98304        24576
        1536           64           0.917       196608        49152
        1536          128           1.109       393216        98304
        1536          256           1.412       786432       196608
        1536          512           2.390      1572864       393216
        1536         1024           3.836      3145728       786432
        1536         2048           7.262      6291456      1572864
        1536         4096          13.853     12582912      3145728
        1536         8192          27.226     25165824      6291456
        1536        16384          53.581     50331648     12582912
        1664            1           0.647         3328          832
        1664            2           0.649         6656         1664
        1664            4           0.570        13312         3328
        1664            8           0.864        26624         6656
        1664           16           0.899        53248        13312
        1664           32           0.606       106496        26624
        1664           64           0.803       212992        53248
        1664          128           1.192       425984       106496
        1664          256           1.464       851968       212992
        1664          512           2.337      1703936       425984
        1664         1024           4.189      3407872       851968
        1664         2048           7.906      6815744      1703936
        1664         4096          15.784     13631488      3407872
        1664         8192          31.091     27262976      6815744
        1664        16384          61.967     54525952     13631488
        1792            1           0.271         3584          896
        1792            2           0.769         7168         1792
        1792            4           0.843        14336         3584
        1792            8           0.782        28672         7168
        1792           16           0.618        57344        14336
        1792           32           0.687       114688        28672
        1792           64           0.851       229376        57344
        1792          128           0.980       458752       114688
        1792          256           1.558       917504       229376
        1792          512           2.267      1835008       458752
        1792         1024           4.782      3670016       917504
        1792         2048           9.138      7340032      1835008
        1792         4096          19.109     14680064      3670016
        1792         8192          28.027     29360128      7340032
        1792        16384          55.576     58720256     14680064
        1920            1           0.370         3840          960
        1920            2           0.896         7680         1920
        1920            4           0.802        15360         3840
        1920            8           0.894        30720         7680
        1920           16           0.799        61440        15360
        1920           32           0.759       122880        30720
        1920           64           0.764       245760        61440
        1920          128           1.074       491520       122880
        1920          256           1.602       983040       245760
        1920          512           2.439      1966080       491520
        1920         1024           4.403      3932160       983040
        1920         2048           8.228      7864320      1966080
        1920         4096          15.973     15728640      3932160
        1920         8192          31.669     31457280      7864320
        2112            1           0.271         4224         1056
        2112            2           0.606         8448         2112
        2112            4           0.813        16896         4224
        2112            8           0.751        33792         8448
        2112           16           0.709        67584        16896
        2112           32           0.773       135168        33792
        2112           64           0.742       270336        67584
        2112          128           0.988       540672       135168
        2112          256           1.534      1081344       270336
        2112          512           2.427      2162688       540672
        2112         1024           4.271      4325376      1081344
        2112         2048           8.305      8650752      2162688
        2112         4096          16.336     17301504      4325376
        2112         8192          32.266     34603008      8650752
        2304            1           0.964         4608         1152
        2304            2           0.681         9216         2304
        2304            4           0.987        18432         4608
        2304            8           0.671        36864         9216
        2304           16           0.567        73728        18432
        2304           32           0.687       147456        36864
        2304           64           0.851       294912        73728
        2304          128           1.254       589824       147456
        2304          256           1.606      1179648       294912
        2304          512           2.549      2359296       589824
        2304         1024           4.619      4718592      1179648
        2304         2048           8.461      9437184      2359296
        2304         4096          16.239     18874368      4718592
        2304         8192          31.906     37748736      9437184
        2496            1           0.635         4992         1248
        2496            2           0.820         9984         2496
        2496            4           0.727        19968         4992
        2496            8           0.809        39936         9984
        2496           16           0.703        79872        19968
        2496           32           0.733       159744        39936
        2496           64           0.917       319488        79872
        2496          128           1.190       638976       159744
        2496          256           1.867      1277952       319488
        2496          512           2.976      2555904       638976
        2496         1024           5.529      5111808      1277952
        2496         2048          10.733     10223616      2555904
        2496         4096          20.952     20447232      5111808
        2496         8192          41.336     40894464     10223616
        2688            1           1.236         5376         1344
        2688            2           0.612        10752         2688
        2688            4           0.797        21504         5376
        2688            8           0.592        43008        10752
        2688           16           0.712        86016        21504
        2688           32           0.721       172032        43008
        2688           64           0.933       344064        86016
        2688          128           1.335       688128       172032
        2688          256           2.342      1376256       344064
        2688          512           4.674      2752512       688128
        2688         1024           8.294      5505024      1376256
        2688         2048          16.853     11010048      2752512
        2688         4096          32.461     22020096      5505024
        2688         8192          65.140     44040192     11010048
        2944            1           1.017         5888         1472
        2944            2           0.426        11776         2944
        2944            4           0.894        23552         5888
        2944            8           0.851        47104        11776
        2944           16           0.664        94208        23552
        2944           32           0.690       188416        47104
        2944           64           0.953       376832        94208
        2944          128           1.378       753664       188416
        2944          256           2.293      1507328       376832
        2944          512           4.285      3014656       753664
        2944         1024           8.127      6029312      1507328
        2944         2048          16.804     12058624      3014656
        2944         4096          31.856     24117248      6029312
        2944         8192          66.099     48234496     12058624
        3200            1           1.389         6400         1600
        3200            2           0.395        12800         3200
        3200            4           0.710        25600         6400
        3200            8           0.706        51200        12800
        3200           16           0.619       102400        25600
        3200           32           0.774       204800        51200
        3200           64           0.840       409600       102400
        3200          128           1.270       819200       204800
        3200          256           2.079      1638400       409600
        3200          512           3.393      3276800       819200
        3200         1024           6.177      6553600      1638400
        3200         2048          12.300     13107200      3276800
        3200         4096          24.391     26214400      6553600
        3200         8192          47.955     52428800     13107200
        3520            1           0.768         7040         1760
        3520            2           0.821        14080         3520
        3520            4           0.815        28160         7040
        3520            8           0.740        56320        14080
        3520           16           0.767       112640        28160
        3520           32           0.787       225280        56320
        3520           64           0.984       450560       112640
        3520          128           1.340       901120       225280
        3520          256           2.193      1802240       450560
        3520          512           3.754      3604480       901120
        3520         1024           6.943      7208960      1802240
        3520         2048          13.447     14417920      3604480
        3520         4096          26.669     28835840      7208960
        3520         8192          53.006     57671680     14417920
        3840            1           1.203         7680         1920
        3840            2           0.773        15360         3840
        3840            4           0.872        30720         7680
        3840            8           0.663        61440        15360
        3840           16           0.699       122880        30720
        3840           32           0.738       245760        61440
        3840           64           0.995       491520       122880
        3840          128           1.522       983040       245760
        3840          256           2.074      1966080       491520
        3840          512           3.600      3932160       983040
        3840         1024           6.489      7864320      1966080
        3840         2048          12.283     15728640      3932160
        3840         4096          24.055     31457280      7864320
        4224            1           1.819         8448         2112
        4224            2           0.576        16896         4224
        4224            4           0.715        33792         8448
        4224            8           0.670        67584        16896
        4224           16           0.782       135168        33792
        4224           32           0.773       270336        67584
        4224           64           1.181       540672       135168
        4224          128           1.742      1081344       270336
        4224          256           3.147      2162688       540672
        4224          512           5.792      4325376      1081344
        4224         1024          12.021      8650752      2162688
        4224         2048          18.543     17301504      4325376
        4224         4096          30.034     34603008      8650752
        4608            1           1.635         9216         2304
        4608            2           0.511        18432         4608
        4608            4           0.536        36864         9216
        4608            8           0.729        73728        18432
        4608           16           0.693       147456        36864
        4608           32           0.724       294912        73728
        4608           64           1.059       589824       147456
        4608          128           1.456      1179648       294912
        4608          256           2.220      2359296       589824
        4608          512           3.951      4718592      1179648
        4608         1024           7.574      9437184      2359296
        4608         2048          14.618     18874368      4718592
        4608         4096          28.390     37748736      9437184
        5056            1           0.302        10112         2528
        5056            2           0.755        20224         5056
        5056            4           0.852        40448        10112
        5056            8           0.925        80896        20224
        5056           16           0.743       161792        40448
        5056           32           0.940       323584        80896
        5056           64           1.312       647168       161792
        5056          128           1.676      1294336       323584
        5056          256           2.725      2588672       647168
        5056          512           4.994      5177344      1294336
        5056         1024           9.219     10354688      2588672
        5056         2048          17.960     20709376      5177344
        5056         4096          39.915     41418752     10354688
        5504            1           0.666        11008         2752
        5504            2           0.733        22016         5504
        5504            4           0.791        44032        11008
        5504            8           0.912        88064        22016
        5504           16           0.879       176128        44032
        5504           32           0.980       352256        88064
        5504           64           1.206       704512       176128
        5504          128           1.710      1409024       352256
        5504          256           2.786      2818048       704512
        5504          512           5.281      5636096      1409024
        5504         1024           9.593     11272192      2818048
        5504         2048          18.625     22544384      5636096
        5504         4096          36.763     45088768     11272192
        6016            1           0.516        12032         3008
        6016            2           0.691        24064         6016
        6016            4           0.612        48128        12032
        6016            8           0.743        96256        24064
        6016           16           0.765       192512        48128
        6016           32           0.855       385024        96256
        6016           64           1.133       770048       192512
        6016          128           2.003      1540096       385024
        6016          256           3.115      3080192       770048
        6016          512           5.435      6160384      1540096
        6016         1024          10.364     12320768      3080192
        6016         2048          20.109     24641536      6160384
        6016         4096          39.603     49283072     12320768
        6592            1           0.323        13184         3296
        6592            2           0.763        26368         6592
        6592            4           0.936        52736        13184
        6592            8           0.916       105472        26368
        6592           16           0.892       210944        52736
        6592           32           0.865       421888       105472
        6592           64           1.290       843776       210944
        6592          128           1.963      1687552       421888
        6592          256           3.391      3375104       843776
        6592          512           5.984      6750208      1687552
        6592         1024          11.397     13500416      3375104
        6592         2048          22.574     27000832      6750208
        6592         4096          44.254     54001664     13500416
        7232            1           0.453        14464         3616
        7232            2           0.774        28928         7232
        7232            4           0.797        57856        14464
        7232            8           0.608       115712        28928
        7232           16           0.876       231424        57856
        7232           32           1.025       462848       115712
        7232           64           1.538       925696       231424
        7232          128           2.012      1851392       462848
        7232          256           3.434      3702784       925696
        7232          512           6.190      7405568      1851392
        7232         1024          11.990     14811136      3702784
        7232         2048          23.144     29622272      7405568
        7232         4096          45.583     59244544     14811136
        7936            1           0.283        15872         3968
        7936            2           0.728        31744         7936
        7936            4           0.686        63488        15872
        7936            8           0.741       126976        31744
        7936           16           0.769       253952        63488
        7936           32           0.956       507904       126976
        7936           64           1.418      1015808       253952
        7936          128           2.520      2031616       507904
        7936          256           4.882      4063232      1015808
        7936          512           6.504      8126464      2031616
        7936         1024          12.461     16252928      4063232
        7936         2048          24.383     32505856      8126464
        8704            1           0.299        17408         4352
        8704            2           0.788        34816         8704
        8704            4           0.945        69632        17408
        8704            8           0.821       139264        34816
        8704           16           0.949       278528        69632
        8704           32           1.217       557056       139264
        8704           64           1.823      1114112       278528
        8704          128           2.758      2228224       557056
        8704          256           4.603      4456448      1114112
        8704          512           8.576      8912896      2228224
        8704         1024          16.526     17825792      4456448
        8704         2048          33.095     35651584      8912896
        9536            1           0.300        19072         4768
        9536            2           0.779        38144         9536
        9536            4           0.615        76288        19072
        9536            8           0.862       152576        38144
        9536           16           0.851       305152        76288
        9536           32           1.195       610304       152576
        9536           64           1.734      1220608       305152
        9536          128           2.646      2441216       610304
        9536          256           4.388      4882432      1220608
        9536          512           7.856      9764864      2441216
        9536         1024          15.301     19529728      4882432
        9536         2048          38.885     39059456      9764864
       10432            1           0.830        20864         5216
       10432            2           0.772        41728        10432
       10432            4           0.812        83456        20864
       10432            8           0.860       166912        41728
       10432           16           1.125       333824        83456
       10432           32           1.230       667648       166912
       10432           64           1.745      1335296       333824
       10432          128           3.066      2670592       667648
       10432          256           5.353      5341184      1335296
       10432          512           9.891     10682368      2670592
       10432         1024          19.605     21364736      5341184
       10432         2048          38.223     42729472     10682368
       11456            1           0.938        22912         5728
       11456            2           0.418        45824        11456
       11456            4           0.907        91648        22912
       11456            8           0.911       183296        45824
       11456           16           1.015       366592        91648
       11456           32           1.163       733184       183296
       11456           64           1.877      1466368       366592
       11456          128           3.041      2932736       733184
       11456          256           5.562      5865472      1466368
       11456          512          10.679     11730944      2932736
       11456         1024          21.125     23461888      5865472
       11456         2048          41.276     46923776     11730944
       12544            1           0.375        25088         6272
       12544            2           0.733        50176        12544
       12544            4           0.790       100352        25088
       12544            8           0.903       200704        50176
       12544           16           0.859       401408       100352
       12544           32           1.278       802816       200704
       12544           64           1.903      1605632       401408
       12544          128           2.939      3211264       802816
       12544          256           5.406      6422528      1605632
       12544          512           9.856     12845056      3211264
       12544         1024          23.207     25690112      6422528
       12544         2048          37.941     51380224     12845056
       13760            1           0.720        27520         6880
       13760            2           1.008        55040        13760
       13760            4           0.883       110080        27520
       13760            8           0.846       220160        55040
       13760           16           1.118       440320       110080
       13760           32           1.209       880640       220160
       13760           64           2.038      1761280       440320
       13760          128           3.208      3522560       880640
       13760          256           5.958      7045120      1761280
       13760          512          11.295     14090240      3522560
       13760         1024          22.209     28180480      7045120
       13760         2048          43.630     56360960     14090240
       15104            1           1.052        30208         7552
       15104            2           0.856        60416        15104
       15104            4           0.851       120832        30208
       15104            8           0.952       241664        60416
       15104           16           0.939       483328       120832
       15104           32           1.305       966656       241664
       15104           64           2.124      1933312       483328
       15104          128           3.453      3866624       966656
       15104          256           6.151      7733248      1933312
       15104          512          11.767     15466496      3866624
       15104         1024          23.086     30932992      7733248
       15104         2048          45.671     61865984     15466496
       16576            1           0.750        33152         8288
       16576            2           0.506        66304        16576
       16576            4           0.798       132608        33152
       16576            8           0.879       265216        66304
       16576           16           0.990       530432       132608
       16576           32           1.401      1060864       265216
       16576           64           2.454      2121728       530432
       16576          128           5.135      4243456      1060864
       16576          256          14.213      8486912      2121728
       16576          512          19.921     16973824      4243456
       16576         1024          47.780     33947648      8486912
       18176            1           0.739        36352         9088
       18176            2           0.443        72704        18176
       18176            4           0.914       145408        36352
       18176            8           0.837       290816        72704
       18176           16           0.982       581632       145408
       18176           32           1.401      1163264       290816
       18176           64           2.403      2326528       581632
       18176          128           3.965      4653056      1163264
       18176          256           7.275      9306112      2326528
       18176          512          14.110     18612224      4653056
       18176         1024          37.851     37224448      9306112
       19968            1           0.786        39936         9984
       19968            2           0.900        79872        19968
       19968            4           0.905       159744        39936
       19968            8           0.975       319488        79872
       19968           16           1.056       638976       159744
       19968           32           1.661      1277952       319488
       19968           64           2.912      2555904       638976
       19968          128           4.664      5111808      1277952
       19968          256           8.876     10223616      2555904
       19968          512          17.035     20447232      5111808
       19968         1024          41.995     40894464     10223616
       21952            1           0.676        43904        10976
       21952            2           0.633        87808        21952
       21952            4           1.033       175616        43904
       21952            8           0.966       351232        87808
       21952           16           1.150       702464       175616
       21952           32           1.684      1404928       351232
       21952           64           2.880      2809856       702464
       21952          128           5.002      5619712      1404928
       21952          256          21.127     11239424      2809856
       21952          512          18.453     22478848      5619712
       21952         1024          57.496     44957696     11239424
       24128            1           0.953        48256        12064
       24128            2           0.480        96512        24128
       24128            4           0.757       193024        48256
       24128            8           0.837       386048        96512
       24128           16           1.289       772096       193024
       24128           32           2.029      1544192       386048
       24128           64           3.887      3088384       772096
       24128          128           7.549      6176768      1544192
       24128          256          14.939     12353536      3088384
       24128          512          26.958     24707072      6176768
       24128         1024          60.638     49414144     12353536
       26496            1           1.143        52992        13248
       26496            2           0.685       105984        26496
       26496            4           0.863       211968        52992
       26496            8           1.090       423936       105984
       26496           16           1.288       847872       211968
       26496           32           1.969      1695744       423936
       26496           64           3.296      3391488       847872
       26496          128           5.756      6782976      1695744
       26496          256          26.776     13565952      3391488
       26496          512          33.689     27131904      6782976
       26496         1024          51.252     54263808     13565952
       29120            1          11.117        58240        14560
       29120            2           0.646       116480        29120
       29120            4           0.789       232960        58240
       29120            8           0.975       465920       116480
       29120           16           1.262       931840       232960
       29120           32           2.023      1863680       465920
       29120           64           3.376      3727360       931840
       29120          128           6.455      7454720      1863680
       29120          256          12.277     14909440      3727360
       29120          512          23.862     29818880      7454720
       29120         1024          59.333     59637760     14909440
       32000            1           0.923        64000        16000
       32000            2           0.560       128000        32000
       32000            4           0.750       256000        64000
       32000            8           0.967       512000       128000
       32000           16           5.053      1024000       256000
       32000           32           2.662      2048000       512000
       32000           64           6.259      4096000      1024000
       32000          128          10.576      8192000      2048000
       32000          256          20.265     16384000      4096000
       32000          512          47.424     32768000      8192000
       35200            1           0.886        70400        17600
       35200            2           0.472       140800        35200
       35200            4           0.858       281600        70400
       35200            8           1.033       563200       140800
       35200           16           1.577      1126400       281600
       35200           32           2.309      2252800       563200
       35200           64           4.230      4505600      1126400
       35200          128           7.478      9011200      2252800
       35200          256          14.462     18022400      4505600
       35200          512          28.311     36044800      9011200
       38720            1           1.490        77440        19360
       38720            2           0.564       154880        38720
       38720            4           0.948       309760        77440
       38720            8           1.205       619520       154880
       38720           16           1.575      1239040       309760
       38720           32           2.732      2478080       619520
       38720           64           4.421      4956160      1239040
       38720          128           8.182      9912320      2478080
       38720          256          28.108     19824640      4956160
       38720          512          34.542     39649280      9912320
       42560            1           0.889        85120        21280
       42560            2           0.526       170240        42560
       42560            4           0.804       340480        85120
       42560            8           1.120       680960       170240
       42560           16           1.727      1361920       340480
       42560           32           2.746      2723840       680960
       42560           64           4.739      5447680      1361920
       42560          128           8.814     10895360      2723840
       42560          256          17.202     21790720      5447680
       42560          512          45.706     43581440     10895360
       46784            1           1.508        93568        23392
       46784            2           0.884       187136        46784
       46784            4           1.123       374272        93568
       46784            8           1.400       748544       187136
       46784           16           1.808      1497088       374272
       46784           32           2.930      2994176       748544
       46784           64           8.698      5988352      1497088
       46784          128           9.797     11976704      2994176
       46784          256          18.998     23953408      5988352
       46784          512          46.890     47906816     11976704
       51456            1           1.418       102912        25728
       51456            2           0.874       205824        51456
       51456            4           1.004       411648       102912
       51456            8           1.283       823296       205824
       51456           16           1.879      1646592       411648
       51456           32           3.121      3293184       823296
       51456           64           5.627      6586368      1646592
       51456          128          10.512     13172736      3293184
       51456          256          20.609     26345472      6586368
       51456          512          51.089     52690944     13172736
       56576            1           1.468       113152        28288
       56576            2           0.774       226304        56576
       56576            4           0.919       452608       113152
       56576            8           1.269       905216       226304
       56576           16           2.114      1810432       452608
       56576           32           3.359      3620864       905216
       56576           64           6.188      7241728      1810432
       56576          128          11.659     14483456      3620864
       56576          256          22.378     28966912      7241728
       56576          512         100.565     57933824     14483456
       62208            1           1.059       124416        31104
       62208            2           0.543       248832        62208
       62208            4           1.091       497664       124416
       62208            8           1.544       995328       248832
       62208           16           2.653      1990656       497664
       62208           32           5.052      3981312       995328
       62208           64           7.673      7962624      1990656
       62208          128          12.574     15925248      3981312
       62208          256          38.160     31850496      7962624
       68416            1           1.125       136832        34208
       68416            2           0.552       273664        68416
       68416            4           1.147       547328       136832
       68416            8           1.630      1094656       273664
       68416           16           2.406      2189312       547328
       68416           32           3.997      4378624      1094656
       68416           64           7.234      8757248      2189312
       68416          128          13.745     17514496      4378624
       68416          256          26.833     35028992      8757248
       75200            1           2.071       150400        37600
       75200            2           0.922       300800        75200
       75200            4           1.273       601600       150400
       75200            8           1.650      1203200       300800
       75200           16           2.454      2406400       601600
       75200           32           4.261      4812800      1203200
       75200           64           7.750      9625600      2406400
       75200          128          25.508     19251200      4812800
       75200          256          29.491     38502400      9625600
       82688            1           1.527       165376        41344
       82688            2           1.015       330752        82688
       82688            4           1.152       661504       165376
       82688            8           1.694      1323008       330752
       82688           16           2.542      2646016       661504
       82688           32           8.259      5292032      1323008
       82688           64           8.612     10584064      2646016
       82688          128          16.380     21168128      5292032
       82688          256          32.357     42336256     10584064
       90944            1           1.399       181888        45472
       90944            2           0.841       363776        90944
       90944            4           1.629       727552       181888
       90944            8           1.818      1455104       363776
       90944           16           2.872      2910208       727552
       90944           32           4.782      5820416      1455104
       90944           64           9.303     11640832      2910208
       90944          128          29.161     23281664      5820416
       90944          256          67.010     46563328     11640832
      100032            1           1.934       200064        50016
      100032            2           0.917       400128       100032
      100032            4           1.665       800256       200064
      100032            8           2.472      1600512       400128
      100032           16           4.400      3201024       800256
      100032           32           8.577      6402048      1600512
      100032           64          16.505     12804096      3201024
      100032          128          31.653     25608192      6402048
      100032          256          59.801     51216384     12804096
      110016            1           1.767       220032        55008
      110016            2           0.883       440064       110016
      110016            4           1.513       880128       220032
      110016            8           2.584      1760256       440064
      110016           16           4.472      3520512       880128
      110016           32           8.588      7041024      1760256
      110016           64          17.182     14082048      3520512
      110016          128          34.246     28164096      7041024
      110016          256          65.723     56328192     14082048
      120960            1           2.091       241920        60480
      120960            2           0.788       483840       120960
      120960            4           1.841       967680       241920
      120960            8           2.756      1935360       483840
      120960           16           5.328      3870720       967680
      120960           32           9.409      7741440      1935360
      120960           64          18.193     15482880      3870720
      120960          128          31.345     30965760      7741440
      120960          256          59.476     61931520     15482880
      133056            1           2.755       266112        66528
      133056            2           1.025       532224       133056
      133056            4           1.976      1064448       266112
      133056            8           3.325      2128896       532224
      133056           16           5.614      4257792      1064448
      133056           32          11.190      8515584      2128896
      133056           64          19.819     17031168      4257792
      133056          128          39.975     34062336      8515584
      146304            1           2.798       292608        73152
      146304            2           1.193       585216       146304
      146304            4           1.977      1170432       292608
      146304            8           3.473      2340864       585216
      146304           16           6.036      4681728      1170432
      146304           32          11.220      9363456      2340864
      146304           64          17.938     18726912      4681728
      146304          128          32.652     37453824      9363456
      160896            1           2.661       321792        80448
      160896            2           1.243       643584       160896
      160896            4           1.719      1287168       321792
      160896            8           2.749      2574336       643584
      160896           16           4.628      5148672      1287168
      160896           32           8.268     10297344      2574336
      160896           64          15.796     20594688      5148672
      160896          128          31.206     41189376     10297344
      176960            1           2.673       353920        88480
      176960            2           1.401       707840       176960
      176960            4           1.793      1415680       353920
      176960            8           2.809      2831360       707840
      176960           16           5.023      5662720      1415680
      176960           32           9.035     11325440      2831360
      176960           64          17.200     22650880      5662720
      176960          128          34.026     45301760     11325440
      194624            1           2.619       389248        97312
      194624            2           1.263       778496       194624
      194624            4           1.876      1556992       389248
      194624            8           3.036      3113984       778496
      194624           16           5.360      6227968      1556992
      194624           32           9.914     12455936      3113984
      194624           64          19.110     24911872      6227968
      194624          128          37.434     49823744     12455936
      214080            1           2.864       428160       107040
      214080            2           1.392       856320       214080
      214080            4           2.133      1712640       428160
      214080            8           3.442      3425280       856320
      214080           16           5.770      6850560      1712640
      214080           32          10.780     13701120      3425280
      214080           64          21.011     27402240      6850560
      214080          128          41.418     54804480     13701120
      235456            1           2.535       470912       117728
      235456            2           1.575       941824       235456
      235456            4           2.216      1883648       470912
      235456            8           3.601      3767296       941824
      235456           16           6.297      7534592      1883648
      235456           32          12.061     15069184      3767296
      235456           64          28.934     30138368      7534592
      235456          128          46.680     60276736     15069184
      258944            1           3.056       517888       129472
      258944            2           1.816      1035776       258944
      258944            4           2.423      2071552       517888
      258944            8           4.223      4143104      1035776
      258944           16           6.944      8286208      2071552
      258944           32          13.303     16572416      4143104
      258944           64          25.595     33144832      8286208
      284800            1           3.459       569600       142400
      284800            2           1.930      1139200       284800
      284800            4           2.956      2278400       569600
      284800            8           4.941      4556800      1139200
      284800           16           8.985      9113600      2278400
      284800           32          16.821     18227200      4556800
      284800           64          32.557     36454400      9113600
      313280            1           3.952       626560       156640
      313280            2           2.301      1253120       313280
      313280            4           3.624      2506240       626560
      313280            8           6.130      5012480      1253120
      313280           16          11.044     10024960      2506240
      313280           32          21.451     20049920      5012480
      313280           64          42.197     40099840     10024960
      344576            1           3.777       689152       172288
      344576            2           2.425      1378304       344576
      344576            4           4.092      2756608       689152
      344576            8           6.836      5513216      1378304
      344576           16          12.611     11026432      2756608
      344576           32          24.030     22052864      5513216
      344576           64          47.267     44105728     11026432
      379008            1           4.370       758016       189504
      379008            2           2.814      1516032       379008
      379008            4           4.469      3032064       758016
      379008            8           7.431      6064128      1516032
      379008           16          13.659     12128256      3032064
      379008           32          26.509     24256512      6064128
      379008           64          51.780     48513024     12128256
      416896            1           5.191       833792       208448
      416896            2           3.865      1667584       416896
      416896            4           5.913      3335168       833792
      416896            8          10.548      6670336      1667584
      416896           16          19.389     13340672      3335168
      416896           32          30.122     26681344      6670336
      416896           64          63.595     53362688     13340672
      458560            1           6.055       917120       229280
      458560            2           3.049      1834240       458560
      458560            4           5.088      3668480       917120
      458560            8           8.956      7336960      1834240
      458560           16          16.675     14673920      3668480
      458560           32          31.908     29347840      7336960
      458560           64          62.663     58695680     14673920
      504384            1           6.557      1008768       252192
      504384            2           4.629      2017536       504384
      504384            4           7.018      4035072      1008768
      504384            8          16.540      8070144      2017536
      504384           16          23.946     16140288      4035072
      504384           32          44.569     32280576      8070144
      554816            1           6.405      1109632       277408
      554816            2           3.581      2219264       554816
      554816            4           6.106      4438528      1109632
      554816            8          10.593      8877056      2219264
      554816           16          19.893     17754112      4438528
      554816           32          38.254     35508224      8877056
      610240            1           7.256      1220480       305120
      610240            2           3.766      2440960       610240
      610240            4           6.585      4881920      1220480
      610240            8          11.512      9763840      2440960
      610240           16          21.708     19527680      4881920
      610240           32          42.068     39055360      9763840
      671232            1           7.216      1342464       335616
      671232            2           4.191      2684928       671232
      671232            4           7.121      5369856      1342464
      671232            8          12.751     10739712      2684928
      671232           16          23.693     21479424      5369856
      671232           32          46.622     42958848     10739712
      738304            1           9.327      1476608       369152
      738304            2           4.650      2953216       738304
      738304            4           7.677      5906432      1476608
      738304            8          13.826     11812864      2953216
      738304           16          26.139     23625728      5906432
      738304           32          50.867     47251456     11812864
      812096            1           8.993      1624192       406048
      812096            2           4.939      3248384       812096
      812096            4           8.440      6496768      1624192
      812096            8          15.182     12993536      3248384
      812096           16          28.747     25987072      6496768
      812096           32          55.953     51974144     12993536
      893248            1           9.992      1786496       446624
      893248            2           5.609      3572992       893248
      893248            4           9.237      7145984      1786496
      893248            8          16.533     14291968      3572992
      893248           16          31.481     28583936      7145984
      893248           32          61.329     57167872     14291968
      982528            1          10.337      1965056       491264
      982528            2           5.978      3930112       982528
      982528            4           9.988      7860224      1965056
      982528            8          18.414     15720448      3930112
      982528           16          34.601     31440896      7860224
     1080768            1          10.742      2161536       540384
     1080768            2           6.457      4323072      1080768
     1080768            4          10.950      8646144      2161536
     1080768            8          19.964     17292288      4323072
     1080768           16          37.949     34584576      8646144
     1188800            1          11.914      2377600       594400
     1188800            2           6.997      4755200      1188800
     1188800            4          11.996      9510400      2377600
     1188800            8          21.872     19020800      4755200
     1188800           16          41.728     38041600      9510400
     1307648            1          13.076      2615296       653824
     1307648            2           7.766      5230592      1307648
     1307648            4          12.849     10461184      2615296
     1307648            8          27.301     20922368      5230592
     1307648           16          47.543     41844736     10461184
     1438400            1          17.535      2876800       719200
     1438400            2          11.893      5753600      1438400
     1438400            4          21.825     11507200      2876800
     1438400            8          38.156     23014400      5753600
     1438400           16          71.153     46028800     11507200
     1582208            1          22.126      3164416       791104
     1582208            2          12.561      6328832      1582208
     1582208            4          21.355     12657664      3164416
     1582208            8          38.540     25315328      6328832
     1582208           16          75.538     50630656     12657664
     1740416            1          21.837      3480832       870208
     1740416            2           9.794      6961664      1740416
     1740416            4          17.210     13923328      3480832
     1740416            8          31.588     27846656      6961664
     1740416           16          60.375     55693312     13923328
     1914432            1          26.702      3828864       957216
     1914432            2          15.712      7657728      1914432
     1914432            4          29.103     15315456      3828864
     1914432            8          48.404     30630912      7657728
     1914432           16          75.709     61261824     15315456
     2105856            1          24.090      4211712      1052928
     2105856            2          11.856      8423424      2105856
     2105856            4          25.584     16846848      4211712
     2105856            8          43.887     33693696      8423424
     2316416            1          41.379      4632832      1158208
     2316416            2          23.867      9265664      2316416
     2316416            4          34.836     18531328      4632832
     2316416            8          54.835     37062656      9265664
     2548032            1          32.084      5096064      1274016
     2548032            2          20.205     10192128      2548032
     2548032            4          40.810     20384256      5096064
     2548032            8          71.372     40768512     10192128
     2802816            1          38.043      5605632      1401408
     2802816            2          28.209     11211264      2802816
     2802816            4          49.507     22422528      5605632
     2802816            8          75.956     44845056     11211264
     3083072            1          43.711      6166144      1541536
     3083072            2          25.751     12332288      3083072
     3083072            4          40.800     24664576      6166144
     3083072            8          69.686     49329152     12332288
     3391360            1          37.174      6782720      1695680
     3391360            2          28.385     13565440      3391360
     3391360            4          58.789     27130880      6782720
     3391360            8          78.766     54261760     13565440
     3730496            1          46.274      7460992      1865248
     3730496            2          40.468     14921984      3730496
     3730496            4          60.997     29843968      7460992
     3730496            8         147.567     59687936     14921984
     4103488            1          54.105      8206976      2051744
     4103488            2          43.404     16413952      4103488
     4103488            4          65.870     32827904      8206976
     4513792            1          55.107      9027584      2256896
     4513792            2          42.839     18055168      4513792
     4513792            4          70.755     36110336      9027584
     4965120            1          57.684      9930240      2482560
     4965120            2          46.164     19860480      4965120
     4965120            4          75.085     39720960      9930240
     5461632            1         122.292     10923264      2730816
     5461632            2         142.853     21846528      5461632
     5461632            4         107.154     43693056     10923264
     6007744            1          80.046     12015488      3003872
     6007744            2         107.351     24030976      6007744
     6007744            4         158.427     48061952     12015488
     6608512            1          62.441     13217024      3304256
     6608512            2          78.873     26434048      6608512
     6608512            4         143.165     52868096     13217024
     7269312            1          83.265     14538624      3634656
     7269312            2         107.248     29077248      7269312
     7269312            4         164.355     58154496     14538624
     7996224            1          91.887     15992448      3998112
     7996224            2         122.487     31984896      7996224
     8795840            1          98.997     17591680      4397920
     8795840            2         145.026     35183360      8795840
     9675392            1          88.543     19350784      4837696
     9675392            2          91.892     38701568      9675392
    10642880            1          95.355     21285760      5321440
    10642880            2         108.835     42571520     10642880
    11707136            1         116.344     23414272      5853568
    11707136            2         160.995     46828544     11707136
    12877824            1         114.583     25755648      6438912
    12877824            2         149.081     51511296     12877824
    14165568            1         115.466     28331136      7082784
    14165568            2         167.790     56662272     14165568
    15582080            1         126.587     31164160      7791040
    17140288            1         195.112     34280576      8570144
    18854272            1         182.652     37708544      9427136
    20739648            1         195.331     41479296     10369824
    22813568            1         228.244     45627136     11406784
    25094912            1         257.670     50189824     12547456
    27604352            1         297.906     55208704     13802176
    30364736            1         362.010     60729472     15182368

META_DATA
FLOPS          4
OPENMP_THREADS 8
ERT_VERSION  1.1.0
HOSTNAME  ('cirrus4.computing.clemson.edu', ['cirrus4'], ['127.0.1.1'])
UNAME  uname_result(system='Linux', node='cirrus4.computing.clemson.edu', release='5.4.0-81-generic', version='#91-Ubuntu SMP Thu Jul 15 19:09:17 UTC 2021', machine='x86_64', processor='x86_64')
TIMESTAMP_DATA  1632245417.9629838
CONFIG  {'ERT_RESULTS': ['Results.cs.clemson.edu'], 'ERT_DRIVER': ['driver1'], 'ERT_KERNEL': ['kernel1'], 'ERT_MPI': ['False'], 'ERT_MPI_CFLAGS': [], 'ERT_MPI_LDFLAGS': [], 'ERT_OPENMP': ['True'], 'ERT_OPENMP_CFLAGS': ['-fopenmp'], 'ERT_OPENMP_LDFLAGS': ['-fopenmp'], 'ERT_FLOPS': ['1,2,4'], 'ERT_ALIGN': ['32'], 'ERT_CC': ['g++'], 'ERT_CFLAGS': ['-O3', '-std=c++11', '-fstrict-aliasing', '-march=native'], 'ERT_LD': ['g++'], 'ERT_LDFLAGS': [], 'ERT_LDLIBS': [], 'ERT_PRECISION': ['FP64'], 'ERT_RUN': ['export', 'OMP_NUM_THREADS=ERT_OPENMP_THREADS;', 'export', 'OMP_PLACES=threads;', 'export', 'OMP_PROC_BIND=spread;', './ERT_CODE'], 'ERT_PROCS_THREADS': ['8'], 'ERT_MPI_PROCS': ['2,4,8'], 'ERT_OPENMP_THREADS': ['1-8'], 'ERT_NUM_EXPERIMENTS': ['5'], 'ERT_MEMORY_MAX': ['31000000'], 'ERT_WORKING_SET_MIN': ['1'], 'ERT_TRIALS_MIN': ['1'], 'ERT_GNUPLOT': ['gnuplot'], 'ERT_GPU': [False], 'ERT_HIP': [False], 'ERT_OCL': [False], 'ERT_SYCL': [False], 'ERT_WSS_MULT': [1.1]}
