fp64
          64            1           1.065          128           32
          64            2           0.756          256           64
          64            4           0.824          512          128
          64            8           0.727         1024          256
          64           16           0.758         2048          512
          64           32           0.672         4096         1024
          64           64           1.022         8192         2048
          64          128           1.186        16384         4096
          64          256           1.519        32768         8192
          64          512           2.386        65536        16384
          64         1024           4.031       131072        32768
          64         2048           7.552       262144        65536
          64         4096          14.630       524288       131072
          64         8192          28.896      1048576       262144
          64        16384          57.095      2097152       524288
          64        32768         113.769      4194304      1048576
          64        65536         239.308      8388608      2097152
          64       131072         452.582     16777216      4194304
          64       262144         904.228     33554432      8388608
         128            1           0.333          256           64
         128            2           0.708          512          128
         128            4           0.807         1024          256
         128            8           0.556         2048          512
         128           16           0.803         4096         1024
         128           32           0.818         8192         2048
         128           64           0.718        16384         4096
         128          128           1.119        32768         8192
         128          256           1.374        65536        16384
         128          512           2.489       131072        32768
         128         1024           4.232       262144        65536
         128         2048           7.897       524288       131072
         128         4096          14.838      1048576       262144
         128         8192          28.953      2097152       524288
         128        16384          57.175      4194304      1048576
         128        32768         115.351      8388608      2097152
         128        65536         226.526     16777216      4194304
         128       131072         452.380     33554432      8388608
         192            1           0.715          384           96
         192            2           0.769          768          192
         192            4           0.865         1536          384
         192            8           0.527         3072          768
         192           16           0.559         6144         1536
         192           32           0.696        12288         3072
         192           64           0.947        24576         6144
         192          128           1.197        49152        12288
         192          256           1.706        98304        24576
         192          512           2.554       196608        49152
         192         1024           4.282       393216        98304
         192         2048           7.687       786432       196608
         192         4096          15.071      1572864       393216
         192         8192          29.537      3145728       786432
         192        16384          58.267      6291456      1572864
         192        32768         115.770     12582912      3145728
         192        65536         231.374     25165824      6291456
         192       131072         469.738     50331648     12582912
         256            1           0.377          512          128
         256            2           0.569         1024          256
         256            4           0.795         2048          512
         256            8           0.759         4096         1024
         256           16           0.610         8192         2048
         256           32           0.835        16384         4096
         256           64           0.724        32768         8192
         256          128           1.171        65536        16384
         256          256           1.510       131072        32768
         256          512           2.627       262144        65536
         256         1024           4.573       524288       131072
         256         2048           9.694      1048576       262144
         256         4096          16.650      2097152       524288
         256         8192          33.018      4194304      1048576
         256        16384          64.974      8388608      2097152
         256        32768         123.636     16777216      4194304
         256        65536         288.539     33554432      8388608
         320            1           0.890          640          160
         320            2           0.742         1280          320
         320            4           0.721         2560          640
         320            8           0.788         5120         1280
         320           16           0.951        10240         2560
         320           32           0.925        20480         5120
         320           64           0.831        40960        10240
         320          128           1.226        81920        20480
         320          256           1.769       163840        40960
         320          512           2.435       327680        81920
         320         1024           4.375       655360       163840
         320         2048           8.419      1310720       327680
         320         4096          17.015      2621440       655360
         320         8192          36.442      5242880      1310720
         320        16384          71.559     10485760      2621440
         320        32768         139.626     20971520      5242880
         320        65536         268.690     41943040     10485760
         384            1           0.812          768          192
         384            2           0.337         1536          384
         384            4           0.838         3072          768
         384            8           0.931         6144         1536
         384           16           0.754        12288         3072
         384           32           0.757        24576         6144
         384           64           0.924        49152        12288
         384          128           1.187        98304        24576
         384          256           1.473       196608        49152
         384          512           2.675       393216        98304
         384         1024           4.513       786432       196608
         384         2048           8.563      1572864       393216
         384         4096          16.971      3145728       786432
         384         8192          33.642      6291456      1572864
         384        16384          66.402     12582912      3145728
         384        32768         151.152     25165824      6291456
         384        65536         250.368     50331648     12582912
         448            1           0.887          896          224
         448            2           0.613         1792          448
         448            4           0.813         3584          896
         448            8           0.826         7168         1792
         448           16           0.717        14336         3584
         448           32           0.847        28672         7168
         448           64           0.751        57344        14336
         448          128           0.997       114688        28672
         448          256           1.371       229376        57344
         448          512           2.454       458752       114688
         448         1024           4.213       917504       229376
         448         2048           7.598      1835008       458752
         448         4096          14.395      3670016       917504
         448         8192          28.793      7340032      1835008
         448        16384          56.902     14680064      3670016
         448        32768         113.084     29360128      7340032
         448        65536         225.925     58720256     14680064
         512            1           0.254         1024          256
         512            2           0.586         2048          512
         512            4           0.860         4096         1024
         512            8           0.695         8192         2048
         512           16           0.654        16384         4096
         512           32           0.686        32768         8192
         512           64           0.973        65536        16384
         512          128           1.016       131072        32768
         512          256           1.603       262144        65536
         512          512           2.459       524288       131072
         512         1024           4.059      1048576       262144
         512         2048           7.677      2097152       524288
         512         4096          14.617      4194304      1048576
         512         8192          28.769      8388608      2097152
         512        16384          56.826     16777216      4194304
         512        32768         113.837     33554432      8388608
         576            1           0.670         1152          288
         576            2           0.423         2304          576
         576            4           0.653         4608         1152
         576            8           0.790         9216         2304
         576           16           0.773        18432         4608
         576           32           0.626        36864         9216
         576           64           0.791        73728        18432
         576          128           1.098       147456        36864
         576          256           1.480       294912        73728
         576          512           2.305       589824       147456
         576         1024           4.037      1179648       294912
         576         2048           7.638      2359296       589824
         576         4096          14.721      4718592      1179648
         576         8192          28.603      9437184      2359296
         576        16384          56.854     18874368      4718592
         576        32768         113.147     37748736      9437184
         640            1           0.869         1280          320
         640            2           0.665         2560          640
         640            4           0.673         5120         1280
         640            8           0.839        10240         2560
         640           16           0.871        20480         5120
         640           32           0.742        40960        10240
         640           64           0.772        81920        20480
         640          128           0.980       163840        40960
         640          256           1.499       327680        81920
         640          512           2.439       655360       163840
         640         1024           4.088      1310720       327680
         640         2048           7.552      2621440       655360
         640         4096          14.600      5242880      1310720
         640         8192          29.658     10485760      2621440
         640        16384          57.342     20971520      5242880
         640        32768         123.710     41943040     10485760
         704            1           0.734         1408          352
         704            2           0.689         2816          704
         704            4           0.762         5632         1408
         704            8           0.702        11264         2816
         704           16           0.818        22528         5632
         704           32           0.695        45056        11264
         704           64           0.703        90112        22528
         704          128           1.257       180224        45056
         704          256           1.501       360448        90112
         704          512           2.328       720896       180224
         704         1024           3.971      1441792       360448
         704         2048           7.728      2883584       720896
         704         4096          14.709      5767168      1441792
         704         8192          28.587     11534336      2883584
         704        16384          56.775     23068672      5767168
         704        32768         113.207     46137344     11534336
         768            1           0.918         1536          384
         768            2           0.690         3072          768
         768            4           0.775         6144         1536
         768            8           0.815        12288         3072
         768           16           0.747        24576         6144
         768           32           0.826        49152        12288
         768           64           0.775        98304        24576
         768          128           1.065       196608        49152
         768          256           1.520       393216        98304
         768          512           2.319       786432       196608
         768         1024           4.146      1572864       393216
         768         2048           7.474      3145728       786432
         768         4096          14.568      6291456      1572864
         768         8192          28.757     12582912      3145728
         768        16384          56.822     25165824      6291456
         768        32768         113.107     50331648     12582912
         832            1           1.007         1664          416
         832            2           0.697         3328          832
         832            4           0.725         6656         1664
         832            8           0.690        13312         3328
         832           16           0.689        26624         6656
         832           32           0.594        53248        13312
         832           64           0.832       106496        26624
         832          128           0.944       212992        53248
         832          256           1.361       425984       106496
         832          512           2.489       851968       212992
         832         1024           4.012      1703936       425984
         832         2048           7.443      3407872       851968
         832         4096          14.623      6815744      1703936
         832         8192          28.966     13631488      3407872
         832        16384          57.376     27262976      6815744
         832        32768         114.196     54525952     13631488
         896            1           0.889         1792          448
         896            2           0.582         3584          896
         896            4           0.776         7168         1792
         896            8           0.827        14336         3584
         896           16           0.778        28672         7168
         896           32           0.756        57344        14336
         896           64           0.736       114688        28672
         896          128           0.961       229376        57344
         896          256           1.471       458752       114688
         896          512           2.166       917504       229376
         896         1024           3.881      1835008       458752
         896         2048           7.602      3670016       917504
         896         4096          14.542      7340032      1835008
         896         8192          28.700     14680064      3670016
         896        16384          56.828     29360128      7340032
         896        32768         127.534     58720256     14680064
         960            1           0.757         1920          480
         960            2           0.664         3840          960
         960            4           0.856         7680         1920
         960            8           0.836        15360         3840
         960           16           0.935        30720         7680
         960           32           0.700        61440        15360
         960           64           0.962       122880        30720
         960          128           1.076       245760        61440
         960          256           1.393       491520       122880
         960          512           2.589       983040       245760
         960         1024           4.154      1966080       491520
         960         2048           7.625      3932160       983040
         960         4096          14.962      7864320      1966080
         960         8192          28.950     15728640      3932160
         960        16384          57.843     31457280      7864320
        1024            1           0.858         2048          512
        1024            2           0.857         4096         1024
        1024            4           0.885         8192         2048
        1024            8           0.817        16384         4096
        1024           16           0.813        32768         8192
        1024           32           0.893        65536        16384
        1024           64           0.878       131072        32768
        1024          128           1.062       262144        65536
        1024          256           1.445       524288       131072
        1024          512           2.456      1048576       262144
        1024         1024           4.118      2097152       524288
        1024         2048           7.601      4194304      1048576
        1024         4096          14.654      8388608      2097152
        1024         8192          28.687     16777216      4194304
        1024        16384          56.797     33554432      8388608
        1088            1           0.618         2176          544
        1088            2           0.942         4352         1088
        1088            4           0.828         8704         2176
        1088            8           0.867        17408         4352
        1088           16           0.681        34816         8704
        1088           32           0.755        69632        17408
        1088           64           0.794       139264        34816
        1088          128           1.262       278528        69632
        1088          256           1.484       557056       139264
        1088          512           2.307      1114112       278528
        1088         1024           3.975      2228224       557056
        1088         2048           7.676      4456448      1114112
        1088         4096          14.645      8912896      2228224
        1088         8192          28.749     17825792      4456448
        1088        16384          57.049     35651584      8912896
        1152            1           0.928         2304          576
        1152            2           0.655         4608         1152
        1152            4           0.630         9216         2304
        1152            8           0.736        18432         4608
        1152           16           0.737        36864         9216
        1152           32           0.794        73728        18432
        1152           64           0.902       147456        36864
        1152          128           1.237       294912        73728
        1152          256           1.598       589824       147456
        1152          512           2.572      1179648       294912
        1152         1024           4.128      2359296       589824
        1152         2048           7.645      4718592      1179648
        1152         4096          15.127      9437184      2359296
        1152         8192          29.267     18874368      4718592
        1152        16384          61.161     37748736      9437184
        1216            1           1.185         2432          608
        1216            2           0.364         4864         1216
        1216            4           0.632         9728         2432
        1216            8           0.873        19456         4864
        1216           16           0.686        38912         9728
        1216           32           0.814        77824        19456
        1216           64           0.946       155648        38912
        1216          128           1.078       311296        77824
        1216          256           1.657       622592       155648
        1216          512           2.423      1245184       311296
        1216         1024           4.332      2490368       622592
        1216         2048           7.804      4980736      1245184
        1216         4096          15.537      9961472      2490368
        1216         8192          30.196     19922944      4980736
        1216        16384          59.609     39845888      9961472
        1280            1           0.993         2560          640
        1280            2           0.701         5120         1280
        1280            4           0.718        10240         2560
        1280            8           0.728        20480         5120
        1280           16           0.861        40960        10240
        1280           32           0.589        81920        20480
        1280           64           0.776       163840        40960
        1280          128           1.008       327680        81920
        1280          256           1.470       655360       163840
        1280          512           2.412      1310720       327680
        1280         1024           4.125      2621440       655360
        1280         2048           7.437      5242880      1310720
        1280         4096          14.764     10485760      2621440
        1280         8192          29.009     20971520      5242880
        1280        16384          57.329     41943040     10485760
        1408            1           0.616         2816          704
        1408            2           0.457         5632         1408
        1408            4           0.947        11264         2816
        1408            8           0.608        22528         5632
        1408           16           0.779        45056        11264
        1408           32           0.760        90112        22528
        1408           64           0.975       180224        45056
        1408          128           1.257       360448        90112
        1408          256           1.483       720896       180224
        1408          512           2.424      1441792       360448
        1408         1024           4.399      2883584       720896
        1408         2048           7.906      5767168      1441792
        1408         4096          15.196     11534336      2883584
        1408         8192          30.125     23068672      5767168
        1408        16384          60.096     46137344     11534336
        1536            1           0.574         3072          768
        1536            2           0.747         6144         1536
        1536            4           0.580        12288         3072
        1536            8           0.641        24576         6144
        1536           16           0.878        49152        12288
        1536           32           0.651        98304        24576
        1536           64           0.707       196608        49152
        1536          128           1.011       393216        98304
        1536          256           1.598       786432       196608
        1536          512           2.243      1572864       393216
        1536         1024           4.321      3145728       786432
        1536         2048           7.607      6291456      1572864
        1536         4096          14.790     12582912      3145728
        1536         8192          29.290     25165824      6291456
        1536        16384          58.003     50331648     12582912
        1664            1           0.541         3328          832
        1664            2           0.539         6656         1664
        1664            4           0.588        13312         3328
        1664            8           0.676        26624         6656
        1664           16           0.830        53248        13312
        1664           32           0.772       106496        26624
        1664           64           1.144       212992        53248
        1664          128           1.592       425984       106496
        1664          256           2.348       851968       212992
        1664          512           3.684      1703936       425984
        1664         1024           7.283      3407872       851968
        1664         2048           9.710      6815744      1703936
        1664         4096          16.197     13631488      3407872
        1664         8192          32.234     27262976      6815744
        1664        16384          63.937     54525952     13631488
        1792            1           0.409         3584          896
        1792            2           0.530         7168         1792
        1792            4           0.669        14336         3584
        1792            8           0.641        28672         7168
        1792           16           0.572        57344        14336
        1792           32           0.835       114688        28672
        1792           64           0.771       229376        57344
        1792          128           1.209       458752       114688
        1792          256           1.551       917504       229376
        1792          512           2.346      1835008       458752
        1792         1024           4.256      3670016       917504
        1792         2048           7.778      7340032      1835008
        1792         4096          15.419     14680064      3670016
        1792         8192          30.265     29360128      7340032
        1792        16384          60.274     58720256     14680064
        1920            1           1.047         3840          960
        1920            2           0.637         7680         1920
        1920            4           0.802        15360         3840
        1920            8           0.710        30720         7680
        1920           16           0.626        61440        15360
        1920           32           0.883       122880        30720
        1920           64           0.799       245760        61440
        1920          128           0.988       491520       122880
        1920          256           1.591       983040       245760
        1920          512           2.333      1966080       491520
        1920         1024           4.337      3932160       983040
        1920         2048           8.323      7864320      1966080
        1920         4096          20.722     15728640      3932160
        1920         8192          31.939     31457280      7864320
        2112            1           0.887         4224         1056
        2112            2           0.515         8448         2112
        2112            4           0.538        16896         4224
        2112            8           0.789        33792         8448
        2112           16           0.607        67584        16896
        2112           32           0.739       135168        33792
        2112           64           0.815       270336        67584
        2112          128           1.011       540672       135168
        2112          256           1.414      1081344       270336
        2112          512           2.405      2162688       540672
        2112         1024           4.507      4325376      1081344
        2112         2048           8.413      8650752      2162688
        2112         4096          16.372     17301504      4325376
        2112         8192          32.156     34603008      8650752
        2304            1           1.376         4608         1152
        2304            2           0.487         9216         2304
        2304            4           0.657        18432         4608
        2304            8           0.793        36864         9216
        2304           16           0.618        73728        18432
        2304           32           0.711       147456        36864
        2304           64           0.961       294912        73728
        2304          128           1.137       589824       147456
        2304          256           1.492      1179648       294912
        2304          512           2.572      2359296       589824
        2304         1024           4.566      4718592      1179648
        2304         2048           8.514      9437184      2359296
        2304         4096          16.316     18874368      4718592
        2304         8192          31.931     37748736      9437184
        2496            1           0.472         4992         1248
        2496            2           0.382         9984         2496
        2496            4           0.767        19968         4992
        2496            8           0.741        39936         9984
        2496           16           0.600        79872        19968
        2496           32           0.705       159744        39936
        2496           64           0.892       319488        79872
        2496          128           1.109       638976       159744
        2496          256           1.858      1277952       319488
        2496          512           2.971      2555904       638976
        2496         1024           5.542      5111808      1277952
        2496         2048          10.570     10223616      2555904
        2496         4096          20.930     20447232      5111808
        2496         8192          41.365     40894464     10223616
        2688            1           0.748         5376         1344
        2688            2           0.845        10752         2688
        2688            4           0.714        21504         5376
        2688            8           0.598        43008        10752
        2688           16           0.579        86016        21504
        2688           32           0.786       172032        43008
        2688           64           0.868       344064        86016
        2688          128           1.193       688128       172032
        2688          256           1.776      1376256       344064
        2688          512           2.994      2752512       688128
        2688         1024           5.568      5505024      1376256
        2688         2048          10.823     11010048      2752512
        2688         4096          21.152     22020096      5505024
        2688         8192          41.967     44040192     11010048
        2944            1           0.574         5888         1472
        2944            2           1.043        11776         2944
        2944            4           0.776        23552         5888
        2944            8           0.644        47104        11776
        2944           16           0.697        94208        23552
        2944           32           0.790       188416        47104
        2944           64           0.989       376832        94208
        2944          128           1.250       753664       188416
        2944          256           1.943      1507328       376832
        2944          512           3.118      3014656       753664
        2944         1024           5.891      6029312      1507328
        2944         2048          11.715     12058624      3014656
        2944         4096          22.869     24117248      6029312
        2944         8192          50.008     48234496     12058624
        3200            1           0.267         6400         1600
        3200            2           0.556        12800         3200
        3200            4           0.618        25600         6400
        3200            8           0.732        51200        12800
        3200           16           0.702       102400        25600
        3200           32           0.773       204800        51200
        3200           64           0.954       409600       102400
        3200          128           1.280       819200       204800
        3200          256           2.046      1638400       409600
        3200          512           3.289      3276800       819200
        3200         1024           6.494      6553600      1638400
        3200         2048          12.438     13107200      3276800
        3200         4096          24.339     26214400      6553600
        3200         8192          48.250     52428800     13107200
        3520            1           0.652         7040         1760
        3520            2           0.576        14080         3520
        3520            4           0.714        28160         7040
        3520            8           0.764        56320        14080
        3520           16           0.613       112640        28160
        3520           32           0.685       225280        56320
        3520           64           0.937       450560       112640
        3520          128           1.672       901120       225280
        3520          256           2.735      1802240       450560
        3520          512           5.376      3604480       901120
        3520         1024          10.854      7208960      1802240
        3520         2048          16.102     14417920      3604480
        3520         4096          26.612     28835840      7208960
        3520         8192          52.963     57671680     14417920
        3840            1           0.480         7680         1920
        3840            2           0.725        15360         3840
        3840            4           0.743        30720         7680
        3840            8           0.598        61440        15360
        3840           16           0.657       122880        30720
        3840           32           0.739       245760        61440
        3840           64           0.909       491520       122880
        3840          128           1.380       983040       245760
        3840          256           2.064      1966080       491520
        3840          512           3.475      3932160       983040
        3840         1024           6.487      7864320      1966080
        3840         2048          12.471     15728640      3932160
        3840         4096          23.985     31457280      7864320
        4224            1           0.274         8448         2112
        4224            2           0.734        16896         4224
        4224            4           0.783        33792         8448
        4224            8           0.769        67584        16896
        4224           16           0.900       135168        33792
        4224           32           0.728       270336        67584
        4224           64           1.228       540672       135168
        4224          128           1.507      1081344       270336
        4224          256           2.388      2162688       540672
        4224          512           4.124      4325376      1081344
        4224         1024           7.681      8650752      2162688
        4224         2048          15.161     17301504      4325376
        4224         4096          30.001     34603008      8650752
        4608            1           0.304         9216         2304
        4608            2           0.726        18432         4608
        4608            4           0.765        36864         9216
        4608            8           0.736        73728        18432
        4608           16           0.704       147456        36864
        4608           32           0.847       294912        73728
        4608           64           1.148       589824       147456
        4608          128           1.417      1179648       294912
        4608          256           2.352      2359296       589824
        4608          512           3.990      4718592      1179648
        4608         1024           7.622      9437184      2359296
        4608         2048          14.606     18874368      4718592
        4608         4096          28.558     37748736      9437184
        5056            1           1.329        10112         2528
        5056            2           0.584        20224         5056
        5056            4           0.598        40448        10112
        5056            8           0.743        80896        20224
        5056           16           0.895       161792        40448
        5056           32           1.008       323584        80896
        5056           64           1.136       647168       161792
        5056          128           1.596      1294336       323584
        5056          256           2.946      2588672       647168
        5056          512           5.004      5177344      1294336
        5056         1024           9.226     10354688      2588672
        5056         2048          17.998     20709376      5177344
        5056         4096          35.396     41418752     10354688
        5504            1           0.291        11008         2752
        5504            2           0.594        22016         5504
        5504            4           0.597        44032        11008
        5504            8           0.622        88064        22016
        5504           16           0.713       176128        44032
        5504           32           1.043       352256        88064
        5504           64           1.215       704512       176128
        5504          128           1.722      1409024       352256
        5504          256           2.775      2818048       704512
        5504          512           5.142      5636096      1409024
        5504         1024           9.657     11272192      2818048
        5504         2048          18.747     22544384      5636096
        5504         4096          36.832     45088768     11272192
        6016            1           0.770        12032         3008
        6016            2           0.344        24064         6016
        6016            4           0.785        48128        12032
        6016            8           0.700        96256        24064
        6016           16           0.698       192512        48128
        6016           32           0.958       385024        96256
        6016           64           1.124       770048       192512
        6016          128           2.158      1540096       385024
        6016          256           3.865      3080192       770048
        6016          512           7.478      6160384      1540096
        6016         1024          13.717     12320768      3080192
        6016         2048          20.071     24641536      6160384
        6016         4096          39.620     49283072     12320768
        6592            1           0.469        13184         3296
        6592            2           0.489        26368         6592
        6592            4           0.597        52736        13184
        6592            8           0.846       105472        26368
        6592           16           0.821       210944        52736
        6592           32           0.964       421888       105472
        6592           64           1.241       843776       210944
        6592          128           2.023      1687552       421888
        6592          256           3.456      3375104       843776
        6592          512           6.023      6750208      1687552
        6592         1024          11.520     13500416      3375104
        6592         2048          22.422     27000832      6750208
        6592         4096          44.296     54001664     13500416
        7232            1           0.749        14464         3616
        7232            2           0.772        28928         7232
        7232            4           0.708        57856        14464
        7232            8           0.691       115712        28928
        7232           16           0.765       231424        57856
        7232           32           1.133       462848       115712
        7232           64           1.357       925696       231424
        7232          128           1.958      1851392       462848
        7232          256           3.484      3702784       925696
        7232          512           6.539      7405568      1851392
        7232         1024          11.973     14811136      3702784
        7232         2048          23.104     29622272      7405568
        7232         4096          45.480     59244544     14811136
        7936            1           0.696        15872         3968
        7936            2           0.560        31744         7936
        7936            4           0.713        63488        15872
        7936            8           0.836       126976        31744
        7936           16           0.925       253952        63488
        7936           32           1.106       507904       126976
        7936           64           1.397      1015808       253952
        7936          128           2.116      2031616       507904
        7936          256           3.638      4063232      1015808
        7936          512           6.585      8126464      2031616
        7936         1024          12.483     16252928      4063232
        7936         2048          24.429     32505856      8126464
        8704            1           0.650        17408         4352
        8704            2           0.727        34816         8704
        8704            4           0.832        69632        17408
        8704            8           0.711       139264        34816
        8704           16           0.913       278528        69632
        8704           32           1.151       557056       139264
        8704           64           1.672      1114112       278528
        8704          128           2.808      2228224       557056
        8704          256           4.550      4456448      1114112
        8704          512           8.526      8912896      2228224
        8704         1024          16.525     17825792      4456448
        8704         2048          32.525     35651584      8912896
        9536            1           0.689        19072         4768
        9536            2           0.686        38144         9536
        9536            4           0.693        76288        19072
        9536            8           0.925       152576        38144
        9536           16           0.909       305152        76288
        9536           32           1.095       610304       152576
        9536           64           1.579      1220608       305152
        9536          128           2.420      2441216       610304
        9536          256           4.338      4882432      1220608
        9536          512           7.901      9764864      2441216
        9536         1024          15.201     19529728      4882432
        9536         2048          29.948     39059456      9764864
       10432            1           0.795        20864         5216
       10432            2           0.878        41728        10432
       10432            4           0.793        83456        20864
       10432            8           0.744       166912        41728
       10432           16           1.076       333824        83456
       10432           32           1.133       667648       166912
       10432           64           1.740      1335296       333824
       10432          128           2.751      2670592       667648
       10432          256           5.168      5341184      1335296
       10432          512           9.911     10682368      2670592
       10432         1024          19.229     21364736      5341184
       10432         2048          38.137     42729472     10682368
       11456            1           0.648        22912         5728
       11456            2           0.831        45824        11456
       11456            4           0.860        91648        22912
       11456            8           0.752       183296        45824
       11456           16           0.983       366592        91648
       11456           32           1.255       733184       183296
       11456           64           1.790      1466368       366592
       11456          128           3.150      2932736       733184
       11456          256           5.665      5865472      1466368
       11456          512          10.797     11730944      2932736
       11456         1024          20.790     23461888      5865472
       11456         2048          41.176     46923776     11730944
       12544            1           0.646        25088         6272
       12544            2           0.411        50176        12544
       12544            4           0.852       100352        25088
       12544            8           0.743       200704        50176
       12544           16           0.899       401408       100352
       12544           32           1.227       802816       200704
       12544           64           2.099      1605632       401408
       12544          128           3.488      3211264       802816
       12544          256           5.323      6422528      1605632
       12544          512          10.053     12845056      3211264
       12544         1024          19.378     25690112      6422528
       12544         2048          38.114     51380224     12845056
       13760            1           0.532        27520         6880
       13760            2           0.427        55040        13760
       13760            4           0.724       110080        27520
       13760            8           0.767       220160        55040
       13760           16           1.065       440320       110080
       13760           32           1.329       880640       220160
       13760           64           1.883      1761280       440320
       13760          128           3.262      3522560       880640
       13760          256           6.123      7045120      1761280
       13760          512          11.373     14090240      3522560
       13760         1024          22.054     28180480      7045120
       13760         2048          43.692     56360960     14090240
       15104            1           0.502        30208         7552
       15104            2           0.404        60416        15104
       15104            4           0.819       120832        30208
       15104            8           0.941       241664        60416
       15104           16           1.152       483328       120832
       15104           32           1.275       966656       241664
       15104           64           2.058      1933312       483328
       15104          128           3.282      3866624       966656
       15104          256           6.312      7733248      1933312
       15104          512          11.938     15466496      3866624
       15104         1024          23.126     30932992      7733248
       15104         2048          45.783     61865984     15466496
       16576            1           0.388        33152         8288
       16576            2           0.810        66304        16576
       16576            4           0.710       132608        33152
       16576            8           0.904       265216        66304
       16576           16           1.025       530432       132608
       16576           32           1.382      1060864       265216
       16576           64           2.194      2121728       530432
       16576          128           3.758      4243456      1060864
       16576          256           6.942      8486912      2121728
       16576          512          13.382     16973824      4243456
       16576         1024          26.442     33947648      8486912
       18176            1           1.012        36352         9088
       18176            2           0.417        72704        18176
       18176            4           0.882       145408        36352
       18176            8           0.946       290816        72704
       18176           16           1.088       581632       145408
       18176           32           1.434      1163264       290816
       18176           64           2.325      2326528       581632
       18176          128           3.918      4653056      1163264
       18176          256           7.378      9306112      2326528
       18176          512          14.151     18612224      4653056
       18176         1024          27.745     37224448      9306112
       19968            1           0.774        39936         9984
       19968            2           0.625        79872        19968
       19968            4           0.994       159744        39936
       19968            8           1.037       319488        79872
       19968           16           1.090       638976       159744
       19968           32           1.569      1277952       319488
       19968           64           2.616      2555904       638976
       19968          128           4.688      5111808      1277952
       19968          256           8.833     10223616      2555904
       19968          512          16.845     20447232      5111808
       19968         1024          33.356     40894464     10223616
       21952            1           0.424        43904        10976
       21952            2           0.684        87808        21952
       21952            4           0.725       175616        43904
       21952            8           1.130       351232        87808
       21952           16           1.299       702464       175616
       21952           32           1.785      1404928       351232
       21952           64           2.894      2809856       702464
       21952          128           5.085      5619712      1404928
       21952          256           9.577     11239424      2809856
       21952          512          19.245     22478848      5619712
       21952         1024          52.728     44957696     11239424
       24128            1           0.708        48256        12064
       24128            2           0.902        96512        24128
       24128            4           0.776       193024        48256
       24128            8           0.989       386048        96512
       24128           16           1.238       772096       193024
       24128           32           1.818      1544192       386048
       24128           64           2.954      3088384       772096
       24128          128           5.187      6176768      1544192
       24128          256           9.734     12353536      3088384
       24128          512          18.978     24707072      6176768
       24128         1024          52.600     49414144     12353536
       26496            1           1.011        52992        13248
       26496            2           0.515       105984        26496
       26496            4           0.805       211968        52992
       26496            8           0.933       423936       105984
       26496           16           1.453       847872       211968
       26496           32           2.255      1695744       423936
       26496           64           4.040      3391488       847872
       26496          128           8.108      6782976      1695744
       26496          256          16.801     13565952      3391488
       26496          512          35.314     27131904      6782976
       26496         1024          46.277     54263808     13565952
       29120            1           0.748        58240        14560
       29120            2           0.646       116480        29120
       29120            4           0.845       232960        58240
       29120            8           1.014       465920       116480
       29120           16           1.410       931840       232960
       29120           32           2.173      1863680       465920
       29120           64           3.489      3727360       931840
       29120          128           6.327      7454720      1863680
       29120          256          12.144     14909440      3727360
       29120          512          23.719     29818880      7454720
       29120         1024          46.891     59637760     14909440
       32000            1           0.726        64000        16000
       32000            2           0.950       128000        32000
       32000            4           0.842       256000        64000
       32000            8           1.187       512000       128000
       32000           16           1.443      1024000       256000
       32000           32           2.208      2048000       512000
       32000           64           3.843      4096000      1024000
       32000          128           9.531      8192000      2048000
       32000          256          16.309     16384000      4096000
       32000          512          25.862     32768000      8192000
       35200            1           1.474        70400        17600
       35200            2           0.573       140800        35200
       35200            4           0.973       281600        70400
       35200            8           1.128       563200       140800
       35200           16           1.720      1126400       281600
       35200           32           3.288      2252800       563200
       35200           64           5.935      4505600      1126400
       35200          128          11.808      9011200      2252800
       35200          256          21.117     18022400      4505600
       35200          512          42.357     36044800      9011200
       38720            1           0.806        77440        19360
       38720            2           0.896       154880        38720
       38720            4           0.918       309760        77440
       38720            8           1.325       619520       154880
       38720           16           1.765      1239040       309760
       38720           32           3.348      2478080       619520
       38720           64           6.308      4956160      1239040
       38720          128          11.606      9912320      2478080
       38720          256          15.813     19824640      4956160
       38720          512          30.981     39649280      9912320
       42560            1           0.659        85120        21280
       42560            2           0.760       170240        42560
       42560            4           1.219       340480        85120
       42560            8           1.367       680960       170240
       42560           16           1.530      1361920       340480
       42560           32           2.804      2723840       680960
       42560           64           4.905      5447680      1361920
       42560          128          11.566     10895360      2723840
       42560          256          28.438     21790720      5447680
       42560          512          37.958     43581440     10895360
       46784            1           0.651        93568        23392
       46784            2           0.760       187136        46784
       46784            4           0.986       374272        93568
       46784            8           1.306       748544       187136
       46784           16           1.916      1497088       374272
       46784           32           2.991      2994176       748544
       46784           64           5.239      5988352      1497088
       46784          128           9.742     11976704      2994176
       46784          256          18.878     23953408      5988352
       46784          512          37.142     47906816     11976704
       51456            1           0.909       102912        25728
       51456            2           0.826       205824        51456
       51456            4           1.053       411648       102912
       51456            8           1.212       823296       205824
       51456           16           1.857      1646592       411648
       51456           32           3.187      3293184       823296
       51456           64           5.686      6586368      1646592
       51456          128          10.578     13172736      3293184
       51456          256          25.454     26345472      6586368
       51456          512          40.389     52690944     13172736
       56576            1           1.124       113152        28288
       56576            2           0.712       226304        56576
       56576            4           0.985       452608       113152
       56576            8           1.368       905216       226304
       56576           16           2.093      1810432       452608
       56576           32           3.413      3620864       905216
       56576           64           6.098      7241728      1810432
       56576          128          11.546     14483456      3620864
       56576          256          22.512     28966912      7241728
       56576          512          44.178     57933824     14483456
       62208            1           0.655       124416        31104
       62208            2           1.114       248832        62208
       62208            4           1.101       497664       124416
       62208            8           1.581       995328       248832
       62208           16           2.286      1990656       497664
       62208           32           3.678      3981312       995328
       62208           64           6.705      7962624      1990656
       62208          128          12.757     15925248      3981312
       62208          256          24.603     31850496      7962624
       68416            1           1.038       136832        34208
       68416            2           0.886       273664        68416
       68416            4           1.237       547328       136832
       68416            8           1.505      1094656       273664
       68416           16           2.450      2189312       547328
       68416           32           3.964      4378624      1094656
       68416           64           7.294      8757248      2189312
       68416          128          13.776     17514496      4378624
       68416          256          26.820     35028992      8757248
       75200            1           1.311       150400        37600
       75200            2           0.954       300800        75200
       75200            4           1.103       601600       150400
       75200            8           1.702      1203200       300800
       75200           16           2.421      2406400       601600
       75200           32           4.406      4812800      1203200
       75200           64           7.927      9625600      2406400
       75200          128          15.192     19251200      4812800
       75200          256          29.397     38502400      9625600
       82688            1           1.369       165376        41344
       82688            2           0.963       330752        82688
       82688            4           1.204       661504       165376
       82688            8           1.700      1323008       330752
       82688           16           2.728      2646016       661504
       82688           32           4.611      5292032      1323008
       82688           64           8.520     10584064      2646016
       82688          128          16.895     21168128      5292032
       82688          256          32.271     42336256     10584064
       90944            1           1.291       181888        45472
       90944            2           0.942       363776        90944
       90944            4           1.260       727552       181888
       90944            8           1.748      1455104       363776
       90944           16           2.956      2910208       727552
       90944           32           5.015      5820416      1455104
       90944           64           9.412     11640832      2910208
       90944          128          17.862     23281664      5820416
       90944          256          35.224     46563328     11640832
      100032            1           1.565       200064        50016
      100032            2           0.952       400128       100032
      100032            4           1.268       800256       200064
      100032            8           1.952      1600512       400128
      100032           16           3.033      3201024       800256
      100032           32           5.384      6402048      1600512
      100032           64          10.261     12804096      3201024
      100032          128          19.913     25608192      6402048
      100032          256          39.298     51216384     12804096
      110016            1           2.126       220032        55008
      110016            2           1.182       440064       110016
      110016            4           1.389       880128       220032
      110016            8           1.990      1760256       440064
      110016           16           3.489      3520512       880128
      110016           32           5.951      7041024      1760256
      110016           64          11.153     14082048      3520512
      110016          128          21.656     28164096      7041024
      110016          256          42.836     56328192     14082048
      120960            1           1.423       241920        60480
      120960            2           0.811       483840       120960
      120960            4           1.497       967680       241920
      120960            8           2.221      1935360       483840
      120960           16           3.724      3870720       967680
      120960           32           6.494      7741440      1935360
      120960           64          12.142     15482880      3870720
      120960          128          23.804     30965760      7741440
      120960          256          46.698     61931520     15482880
      133056            1           1.739       266112        66528
      133056            2           1.155       532224       133056
      133056            4           1.607      1064448       266112
      133056            8           2.328      2128896       532224
      133056           16           3.909      4257792      1064448
      133056           32           7.020      8515584      2128896
      133056           64          13.392     17031168      4257792
      133056          128          25.912     34062336      8515584
      146304            1           1.932       292608        73152
      146304            2           1.357       585216       146304
      146304            4           1.700      1170432       292608
      146304            8           2.512      2340864       585216
      146304           16           4.254      4681728      1170432
      146304           32           7.613      9363456      2340864
      146304           64          14.619     18726912      4681728
      146304          128          28.444     37453824      9363456
      160896            1           2.326       321792        80448
      160896            2           1.314       643584       160896
      160896            4           1.694      1287168       321792
      160896            8           2.556      2574336       643584
      160896           16           4.594      5148672      1287168
      160896           32           8.350     10297344      2574336
      160896           64          15.956     20594688      5148672
      160896          128          31.141     41189376     10297344
      176960            1           2.100       353920        88480
      176960            2           1.232       707840       176960
      176960            4           1.785      1415680       353920
      176960            8           2.964      2831360       707840
      176960           16           5.046      5662720      1415680
      176960           32           9.130     11325440      2831360
      176960           64          17.402     22650880      5662720
      176960          128          34.325     45301760     11325440
      194624            1           2.500       389248        97312
      194624            2           1.119       778496       194624
      194624            4          13.967      1556992       389248
      194624            8           5.083      3113984       778496
      194624           16           7.521      6227968      1556992
      194624           32           9.983     12455936      3113984
      194624           64          19.043     24911872      6227968
      194624          128          37.656     49823744     12455936
      214080            1           2.786       428160       107040
      214080            2           1.488       856320       214080
      214080            4           2.151      1712640       428160
      214080            8           3.447      3425280       856320
      214080           16           5.838      6850560      1712640
      214080           32          10.997     13701120      3425280
      214080           64          33.093     27402240      6850560
      214080          128          41.289     54804480     13701120
      235456            1           2.909       470912       117728
      235456            2           1.577       941824       235456
      235456            4           2.326      1883648       470912
      235456            8           3.719      3767296       941824
      235456           16           6.423      7534592      1883648
      235456           32          12.026     15069184      3767296
      235456           64          23.140     30138368      7534592
      235456          128          55.758     60276736     15069184
      258944            1           3.214       517888       129472
      258944            2           1.781      1035776       258944
      258944            4           2.590      2071552       517888
      258944            8           4.162      4143104      1035776
      258944           16           7.127      8286208      2071552
      258944           32          13.235     16572416      4143104
      258944           64          25.525     33144832      8286208
      284800            1           3.605       569600       142400
      284800            2           2.163      1139200       284800
      284800            4           3.000      2278400       569600
      284800            8           5.105      4556800      1139200
      284800           16           8.853      9113600      2278400
      284800           32          16.774     18227200      4556800
      284800           64          42.774     36454400      9113600
      313280            1           3.988       626560       156640
      313280            2           2.415      1253120       313280
      313280            4           3.595      2506240       626560
      313280            8           5.911      5012480      1253120
      313280           16          15.083     10024960      2506240
      313280           32          21.784     20049920      5012480
      313280           64          51.055     40099840     10024960
      344576            1          14.365       689152       172288
      344576            2           3.040      1378304       344576
      344576            4           4.260      2756608       689152
      344576            8           7.016      5513216      1378304
      344576           16          12.616     11026432      2756608
      344576           32          26.196     22052864      5513216
      344576           64          47.255     44105728     11026432
      379008            1           4.802       758016       189504
      379008            2           2.550      1516032       379008
      379008            4           4.281      3032064       758016
      379008            8          18.090      6064128      1516032
      379008           16          14.653     12128256      3032064
      379008           32          29.415     24256512      6064128
      379008           64          51.994     48513024     12128256
      416896            1           5.093       833792       208448
      416896            2           3.067      1667584       416896
      416896            4           4.485      3335168       833792
      416896            8           7.917      6670336      1667584
      416896           16          26.032     13340672      3335168
      416896           32          29.021     26681344      6670336
      416896           64          59.503     53362688     13340672
      458560            1           5.581       917120       229280
      458560            2           3.211      1834240       458560
      458560            4           4.892      3668480       917120
      458560            8          18.224      7336960      1834240
      458560           16          17.317     14673920      3668480
      458560           32          33.713     29347840      7336960
      458560           64          67.970     58695680     14673920
      504384            1           6.027      1008768       252192
      504384            2           3.303      2017536       504384
      504384            4           5.306      4035072      1008768
      504384            8          21.237      8070144      2017536
      504384           16          18.212     16140288      4035072
      504384           32          37.583     32280576      8070144
      554816            1           6.148      1109632       277408
      554816            2           3.651      2219264       554816
      554816            4           6.939      4438528      1109632
      554816            8          13.026      8877056      2219264
      554816           16          19.848     17754112      4438528
      554816           32          51.822     35508224      8877056
      610240            1           7.175      1220480       305120
      610240            2           3.975      2440960       610240
      610240            4           6.448      4881920      1220480
      610240            8          11.511      9763840      2440960
      610240           16          21.742     19527680      4881920
      610240           32          52.902     39055360      9763840
      671232            1           7.269      1342464       335616
      671232            2           4.072      2684928       671232
      671232            4           7.160      5369856      1342464
      671232            8          12.561     10739712      2684928
      671232           16          23.654     21479424      5369856
      671232           32          72.282     42958848     10739712
      738304            1           7.977      1476608       369152
      738304            2           4.420      2953216       738304
      738304            4           7.624      5906432      1476608
      738304            8          13.804     11812864      2953216
      738304           16          26.218     23625728      5906432
      738304           32          50.857     47251456     11812864
      812096            1           8.802      1624192       406048
      812096            2           5.000      3248384       812096
      812096            4           8.413      6496768      1624192
      812096            8          14.928     12993536      3248384
      812096           16          28.611     25987072      6496768
      812096           32          55.932     51974144     12993536
      893248            1           9.230      1786496       446624
      893248            2           5.657      3572992       893248
      893248            4           9.102      7145984      1786496
      893248            8          16.549     14291968      3572992
      893248           16          31.467     28583936      7145984
      893248           32          61.031     57167872     14291968
      982528            1           9.776      1965056       491264
      982528            2           5.894      3930112       982528
      982528            4           9.984      7860224      1965056
      982528            8          18.087     15720448      3930112
      982528           16          34.869     31440896      7860224
     1080768            1          11.068      2161536       540384
     1080768            2           6.533      4323072      1080768
     1080768            4          10.996      8646144      2161536
     1080768            8          20.031     17292288      4323072
     1080768           16          37.971     34584576      8646144
     1188800            1          12.106      2377600       594400
     1188800            2           6.965      4755200      1188800
     1188800            4          12.016      9510400      2377600
     1188800            8          22.068     19020800      4755200
     1188800           16          41.568     38041600      9510400
     1307648            1          13.805      2615296       653824
     1307648            2           7.482      5230592      1307648
     1307648            4          12.975     10461184      2615296
     1307648            8          23.951     20922368      5230592
     1307648           16          45.535     41844736     10461184
     1438400            1          14.581      2876800       719200
     1438400            2           8.334      5753600      1438400
     1438400            4          14.192     11507200      2876800
     1438400            8          31.693     23014400      5753600
     1438400           16          50.286     46028800     11507200
     1582208            1          16.369      3164416       791104
     1582208            2           8.731      6328832      1582208
     1582208            4          15.418     12657664      3164416
     1582208            8          28.704     25315328      6328832
     1582208           16          55.132     50630656     12657664
     1740416            1          21.626      3480832       870208
     1740416            2          14.268      6961664      1740416
     1740416            4          25.415     13923328      3480832
     1740416            8          43.576     27846656      6961664
     1740416           16          75.154     55693312     13923328
     1914432            1          26.265      3828864       957216
     1914432            2          11.310      7657728      1914432
     1914432            4          18.610     15315456      3828864
     1914432            8          34.995     30630912      7657728
     1914432           16          66.515     61261824     15315456
     2105856            1          23.079      4211712      1052928
     2105856            2          11.915      8423424      2105856
     2105856            4          20.711     16846848      4211712
     2105856            8          37.656     33693696      8423424
     2316416            1          24.316      4632832      1158208
     2316416            2          12.947      9265664      2316416
     2316416            4          22.672     18531328      4632832
     2316416            8          41.752     37062656      9265664
     2548032            1          64.511      5096064      1274016
     2548032            2          21.314     10192128      2548032
     2548032            4          35.439     20384256      5096064
     2548032            8          63.352     40768512     10192128
     2802816            1          28.746      5605632      1401408
     2802816            2          15.265     11211264      2802816
     2802816            4          27.039     22422528      5605632
     2802816            8          55.529     44845056     11211264
     3083072            1          32.660      6166144      1541536
     3083072            2          16.787     12332288      3083072
     3083072            4          29.646     24664576      6166144
     3083072            8          55.023     49329152     12332288
     3391360            1          37.002      6782720      1695680
     3391360            2          18.526     13565440      3391360
     3391360            4          32.315     27130880      6782720
     3391360            8          60.632     54261760     13565440
     3730496            1          39.018      7460992      1865248
     3730496            2          20.577     14921984      3730496
     3730496            4          35.737     29843968      7460992
     3730496            8          66.506     59687936     14921984
     4103488            1          42.420      8206976      2051744
     4103488            2          22.492     16413952      4103488
     4103488            4          39.279     32827904      8206976
     4513792            1          52.208      9027584      2256896
     4513792            2          25.496     18055168      4513792
     4513792            4          43.128     36110336      9027584
     4965120            1          51.727      9930240      2482560
     4965120            2          28.381     19860480      4965120
     4965120            4          47.421     39720960      9930240
     5461632            1          57.076     10923264      2730816
     5461632            2          32.816     21846528      5461632
     5461632            4          53.246     43693056     10923264
     6007744            1          62.365     12015488      3003872
     6007744            2          37.696     24030976      6007744
     6007744            4          60.761     48061952     12015488
     6608512            1          65.688     13217024      3304256
     6608512            2          45.047     26434048      6608512
     6608512            4          71.636     52868096     13217024
     7269312            1          72.480     14538624      3634656
     7269312            2          53.026     29077248      7269312
     7269312            4          77.813     58154496     14538624
     7996224            1          75.362     15992448      3998112
     7996224            2          62.658     31984896      7996224
     8795840            1          77.237     17591680      4397920
     8795840            2          73.267     35183360      8795840
     9675392            1          84.561     19350784      4837696
     9675392            2          89.795     38701568      9675392
    10642880            1          89.548     21285760      5321440
    10642880            2         109.442     42571520     10642880
    11707136            1          96.291     23414272      5853568
    11707136            2         138.886     46828544     11707136
    12877824            1         102.347     25755648      6438912
    12877824            2         153.144     51511296     12877824
    14165568            1         145.688     28331136      7082784
    14165568            2         191.597     56662272     14165568
    15582080            1         137.493     31164160      7791040
    17140288            1         158.975     34280576      8570144
    18854272            1         202.951     37708544      9427136
    20739648            1         228.566     41479296     10369824
    22813568            1         247.349     45627136     11406784
    25094912            1         289.675     50189824     12547456
    27604352            1         364.548     55208704     13802176
    30364736            1         342.936     60729472     15182368

META_DATA
FLOPS          4
OPENMP_THREADS 8
ERT_VERSION  1.1.0
HOSTNAME  ('cirrus4.computing.clemson.edu', ['cirrus4'], ['127.0.1.1'])
UNAME  uname_result(system='Linux', node='cirrus4.computing.clemson.edu', release='5.4.0-81-generic', version='#91-Ubuntu SMP Thu Jul 15 19:09:17 UTC 2021', machine='x86_64', processor='x86_64')
TIMESTAMP_DATA  1632245418.048656
CONFIG  {'ERT_RESULTS': ['Results.cs.clemson.edu'], 'ERT_DRIVER': ['driver1'], 'ERT_KERNEL': ['kernel1'], 'ERT_MPI': ['False'], 'ERT_MPI_CFLAGS': [], 'ERT_MPI_LDFLAGS': [], 'ERT_OPENMP': ['True'], 'ERT_OPENMP_CFLAGS': ['-fopenmp'], 'ERT_OPENMP_LDFLAGS': ['-fopenmp'], 'ERT_FLOPS': ['1,2,4'], 'ERT_ALIGN': ['32'], 'ERT_CC': ['g++'], 'ERT_CFLAGS': ['-O3', '-std=c++11', '-fstrict-aliasing', '-march=native'], 'ERT_LD': ['g++'], 'ERT_LDFLAGS': [], 'ERT_LDLIBS': [], 'ERT_PRECISION': ['FP64'], 'ERT_RUN': ['export', 'OMP_NUM_THREADS=ERT_OPENMP_THREADS;', 'export', 'OMP_PLACES=threads;', 'export', 'OMP_PROC_BIND=spread;', './ERT_CODE'], 'ERT_PROCS_THREADS': ['8'], 'ERT_MPI_PROCS': ['2,4,8'], 'ERT_OPENMP_THREADS': ['1-8'], 'ERT_NUM_EXPERIMENTS': ['5'], 'ERT_MEMORY_MAX': ['31000000'], 'ERT_WORKING_SET_MIN': ['1'], 'ERT_TRIALS_MIN': ['1'], 'ERT_GNUPLOT': ['gnuplot'], 'ERT_GPU': [False], 'ERT_HIP': [False], 'ERT_OCL': [False], 'ERT_SYCL': [False], 'ERT_WSS_MULT': [1.1]}
