fp64
          64            1           1.650          128            8
          64            2           0.762          256           16
          64            4           1.184          512           32
          64            8           1.070         1024           64
          64           16           1.227         2048          128
          64           32           1.166         4096          256
          64           64           1.495         8192          512
          64          128           1.853        16384         1024
          64          256           2.583        32768         2048
          64          512           3.943        65536         4096
          64         1024           7.095       131072         8192
          64         2048          13.161       262144        16384
          64         4096          25.435       524288        32768
          64         8192          49.431      1048576        65536
          64        16384          97.767      2097152       131072
          64        32768         194.293      4194304       262144
          64        65536         387.352      8388608       524288
          64       131072         787.486     16777216      1048576
          64       262144        1549.821     33554432      2097152
         128            1           0.784          256           16
         128            2           1.160          512           32
         128            4           1.008         1024           64
         128            8           0.858         2048          128
         128           16           1.062         4096          256
         128           32           1.048         8192          512
         128           64           1.372        16384         1024
         128          128           1.691        32768         2048
         128          256           2.592        65536         4096
         128          512           4.166       131072         8192
         128         1024           7.182       262144        16384
         128         2048          13.506       524288        32768
         128         4096          25.992      1048576        65536
         128         8192          50.985      2097152       131072
         128        16384         100.867      4194304       262144
         128        32768         202.414      8388608       524288
         128        65536         400.952     16777216      1048576
         128       131072         762.983     33554432      2097152
         192            1           0.714          384           24
         192            2           0.959          768           48
         192            4           1.085         1536           96
         192            8           0.905         3072          192
         192           16           1.149         6144          384
         192           32           1.090        12288          768
         192           64           1.403        24576         1536
         192          128           1.446        49152         3072
         192          256           2.349        98304         6144
         192          512           3.595       196608        12288
         192         1024           6.561       393216        24576
         192         2048          12.179       786432        49152
         192         4096          23.750      1572864        98304
         192         8192          46.570      3145728       196608
         192        16384          92.302      6291456       393216
         192        32768         183.426     12582912       786432
         192        65536         368.909     25165824      1572864
         192       131072         751.359     50331648      3145728
         256            1           1.216          512           32
         256            2           1.092         1024           64
         256            4           1.087         2048          128
         256            8           1.211         4096          256
         256           16           0.739         8192          512
         256           32           1.474        16384         1024
         256           64           1.411        32768         2048
         256          128           1.694        65536         4096
         256          256           2.478       131072         8192
         256          512           4.057       262144        16384
         256         1024           7.123       524288        32768
         256         2048          13.288      1048576        65536
         256         4096          26.305      2097152       131072
         256         8192          51.829      4194304       262144
         256        16384         103.085      8388608       524288
         256        32768         205.991     16777216      1048576
         256        65536         413.117     33554432      2097152
         320            1           0.904          640           40
         320            2           1.063         1280           80
         320            4           1.152         2560          160
         320            8           1.094         5120          320
         320           16           0.909        10240          640
         320           32           1.122        20480         1280
         320           64           1.285        40960         2560
         320          128           1.796        81920         5120
         320          256           2.381       163840        10240
         320          512           3.838       327680        20480
         320         1024           7.005       655360        40960
         320         2048          13.571      1310720        81920
         320         4096          26.472      2621440       163840
         320         8192          52.345      5242880       327680
         320        16384         103.627     10485760       655360
         320        32768         209.619     20971520      1310720
         320        65536         413.494     41943040      2621440
         384            1           1.081          768           48
         384            2           0.987         1536           96
         384            4           1.084         3072          192
         384            8           0.988         6144          384
         384           16           0.927        12288          768
         384           32           1.154        24576         1536
         384           64           1.678        49152         3072
         384          128           1.655        98304         6144
         384          256           2.343       196608        12288
         384          512           3.711       393216        24576
         384         1024           7.176       786432        49152
         384         2048          13.514      1572864        98304
         384         4096          26.553      3145728       196608
         384         8192          53.211      6291456       393216
         384        16384         105.229     12582912       786432
         384        32768         207.856     25165824      1572864
         384        65536         415.181     50331648      3145728
         448            1           0.757          896           56
         448            2           0.814         1792          112
         448            4           1.127         3584          224
         448            8           0.914         7168          448
         448           16           1.025        14336          896
         448           32           1.187        28672         1792
         448           64           1.298        57344         3584
         448          128           1.732       114688         7168
         448          256           2.519       229376        14336
         448          512           3.945       458752        28672
         448         1024           7.184       917504        57344
         448         2048          13.473      1835008       114688
         448         4096          26.426      3670016       229376
         448         8192          52.638      7340032       458752
         448        16384         104.087     14680064       917504
         448        32768         208.035     29360128      1835008
         448        65536         415.265     58720256      3670016
         512            1           0.504         1024           64
         512            2           1.209         2048          128
         512            4           0.730         4096          256
         512            8           1.013         8192          512
         512           16           1.014        16384         1024
         512           32           1.268        32768         2048
         512           64           1.274        65536         4096
         512          128           1.569       131072         8192
         512          256           2.730       262144        16384
         512          512           3.875       524288        32768
         512         1024          19.824      1048576        65536
         512         2048          13.580      2097152       131072
         512         4096          26.424      4194304       262144
         512         8192          52.307      8388608       524288
         512        16384         102.566     16777216      1048576
         512        32768         204.503     33554432      2097152
         576            1           1.106         1152           72
         576            2           1.219         2304          144
         576            4           1.052         4608          288
         576            8           0.930         9216          576
         576           16           1.129        18432         1152
         576           32           1.034        36864         2304
         576           64           1.333        73728         4608
         576          128           1.495       147456         9216
         576          256           2.294       294912        18432
         576          512           4.108       589824        36864
         576         1024           7.332      1179648        73728
         576         2048          34.672      2359296       147456
         576         4096          27.741      4718592       294912
         576         8192          52.670      9437184       589824
         576        16384         103.684     18874368      1179648
         576        32768         206.683     37748736      2359296
         640            1           0.856         1280           80
         640            2           0.552         2560          160
         640            4           1.074         5120          320
         640            8           1.197        10240          640
         640           16           0.906        20480         1280
         640           32           1.134        40960         2560
         640           64           1.285        81920         5120
         640          128           1.436       163840        10240
         640          256           2.504       327680        20480
         640          512           4.208       655360        40960
         640         1024           7.303      1310720        81920
         640         2048          40.003      2621440       163840
         640         4096          18.384      5242880       327680
         640         8192          35.724     10485760       655360
         640        16384          67.261     20971520      1310720
         640        32768         133.991     41943040      2621440
         704            1           1.092         1408           88
         704            2           0.578         2816          176
         704            4           0.670         5632          352
         704            8           0.900        11264          704
         704           16           1.023        22528         1408
         704           32           0.810        45056         2816
         704           64           0.885        90112         5632
         704          128           1.399       180224        11264
         704          256           1.724       360448        22528
         704          512           2.800       720896        45056
         704         1024           4.898      1441792        90112
         704         2048           9.119      2883584       180224
         704         4096          17.066      5767168       360448
         704         8192          34.035     11534336       720896
         704        16384          80.966     23068672      1441792
         704        32768         134.626     46137344      2883584
         768            1           0.604         1536           96
         768            2           0.799         3072          192
         768            4           0.747         6144          384
         768            8           1.054        12288          768
         768           16           0.960        24576         1536
         768           32           0.877        49152         3072
         768           64           0.867        98304         6144
         768          128           1.456       196608        12288
         768          256           1.715       393216        24576
         768          512           2.858       786432        49152
         768         1024           4.919      1572864        98304
         768         2048           9.089      3145728       196608
         768         4096          17.558      6291456       393216
         768         8192          34.695     12582912       786432
         768        16384          68.474     25165824      1572864
         768        32768         136.290     50331648      3145728
         832            1           1.388         1664          104
         832            2           1.005         3328          208
         832            4           0.812         6656          416
         832            8           1.103        13312          832
         832           16           0.869        26624         1664
         832           32           1.065        53248         3328
         832           64           1.115       106496         6656
         832          128           1.329       212992        13312
         832          256           1.566       425984        26624
         832          512           2.932       851968        53248
         832         1024           4.905      1703936       106496
         832         2048           9.493      3407872       212992
         832         4096          20.029      6815744       425984
         832         8192          39.404     13631488       851968
         832        16384          79.359     27262976      1703936
         832        32768         152.713     54525952      3407872
         896            1           0.941         1792          112
         896            2           0.663         3584          224
         896            4           1.000         7168          448
         896            8           0.961        14336          896
         896           16           1.031        28672         1792
         896           32           1.094        57344         3584
         896           64           1.139       114688         7168
         896          128           1.401       229376        14336
         896          256           1.815       458752        28672
         896          512           2.778       917504        57344
         896         1024           4.896      1835008       114688
         896         2048           9.184      3670016       229376
         896         4096          17.346      7340032       458752
         896         8192          34.392     14680064       917504
         896        16384          68.241     29360128      1835008
         896        32768         135.365     58720256      3670016
         960            1           1.101         1920          120
         960            2           1.042         3840          240
         960            4           0.762         7680          480
         960            8           0.980        15360          960
         960           16           0.939        30720         1920
         960           32           0.824        61440         3840
         960           64           1.216       122880         7680
         960          128           1.441       245760        15360
         960          256           1.664       491520        30720
         960          512           3.012       983040        61440
         960         1024           5.144      1966080       122880
         960         2048           9.183      3932160       245760
         960         4096          17.545      7864320       491520
         960         8192          34.303     15728640       983040
         960        16384          68.263     31457280      1966080
        1024            1           0.861         2048          128
        1024            2           0.641         4096          256
        1024            4           0.751         8192          512
        1024            8           0.991        16384         1024
        1024           16           0.938        32768         2048
        1024           32           0.838        65536         4096
        1024           64           0.961       131072         8192
        1024          128           1.724       262144        16384
        1024          256           1.808       524288        32768
        1024          512           2.944      1048576        65536
        1024         1024           5.097      2097152       131072
        1024         2048          10.483      4194304       262144
        1024         4096          20.027      8388608       524288
        1024         8192          37.773     16777216      1048576
        1024        16384          75.120     33554432      2097152
        1088            1           1.181         2176          136
        1088            2           0.676         4352          272
        1088            4           0.993         8704          544
        1088            8           1.044        17408         1088
        1088           16           0.898        34816         2176
        1088           32           0.929        69632         4352
        1088           64           0.962       139264         8704
        1088          128           1.321       278528        17408
        1088          256           1.639       557056        34816
        1088          512           2.975      1114112        69632
        1088         1024           5.420      2228224       139264
        1088         2048           9.128      4456448       278528
        1088         4096          17.614      8912896       557056
        1088         8192          34.370     17825792      1114112
        1088        16384          68.090     35651584      2228224
        1152            1           0.439         2304          144
        1152            2           1.022         4608          288
        1152            4           1.006         9216          576
        1152            8           1.101        18432         1152
        1152           16           0.952        36864         2304
        1152           32           1.024        73728         4608
        1152           64           0.983       147456         9216
        1152          128           1.433       294912        18432
        1152          256           1.899       589824        36864
        1152          512           2.863      1179648        73728
        1152         1024           4.875      2359296       147456
        1152         2048           9.097      4718592       294912
        1152         4096          17.556      9437184       589824
        1152         8192          34.353     18874368      1179648
        1152        16384          68.235     37748736      2359296
        1216            1           0.373         2432          152
        1216            2           0.934         4864          304
        1216            4           0.988         9728          608
        1216            8           0.876        19456         1216
        1216           16           1.022        38912         2432
        1216           32           0.878        77824         4864
        1216           64           0.998       155648         9728
        1216          128           1.315       311296        19456
        1216          256           1.756       622592        38912
        1216          512           2.936      1245184        77824
        1216         1024           4.940      2490368       155648
        1216         2048           9.546      4980736       311296
        1216         4096          21.183      9961472       622592
        1216         8192          39.403     19922944      1245184
        1216        16384          72.705     39845888      2490368
        1280            1           0.417         2560          160
        1280            2           0.975         5120          320
        1280            4           0.958        10240          640
        1280            8           0.886        20480         1280
        1280           16           1.007        40960         2560
        1280           32           0.871        81920         5120
        1280           64           1.331       163840        10240
        1280          128           1.332       327680        20480
        1280          256           1.832       655360        40960
        1280          512           2.913      1310720        81920
        1280         1024           4.972      2621440       163840
        1280         2048           9.311      5242880       327680
        1280         4096          17.832     10485760       655360
        1280         8192          35.204     20971520      1310720
        1280        16384          69.909     41943040      2621440
        1408            1           1.076         2816          176
        1408            2           0.862         5632          352
        1408            4           0.778        11264          704
        1408            8           0.839        22528         1408
        1408           16           0.964        45056         2816
        1408           32           1.030        90112         5632
        1408           64           0.955       180224        11264
        1408          128           1.293       360448        22528
        1408          256           1.972       720896        45056
        1408          512           3.090      1441792        90112
        1408         1024           5.121      2883584       180224
        1408         2048           9.595      5767168       360448
        1408         4096          18.488     11534336       720896
        1408         8192          36.415     23068672      1441792
        1408        16384          77.530     46137344      2883584
        1536            1           1.367         3072          192
        1536            2           0.897         6144          384
        1536            4           0.958        12288          768
        1536            8           0.855        24576         1536
        1536           16           1.177        49152         3072
        1536           32           0.828        98304         6144
        1536           64           1.095       196608        12288
        1536          128           1.301       393216        24576
        1536          256           1.961       786432        49152
        1536          512           3.084      1572864        98304
        1536         1024           5.514      3145728       196608
        1536         2048          10.557      6291456       393216
        1536         4096          21.039     12582912       786432
        1536         8192          41.530     25165824      1572864
        1536        16384          82.748     50331648      3145728
        1664            1           0.381         3328          208
        1664            2           0.970         6656          416
        1664            4           1.006        13312          832
        1664            8           0.992        26624         1664
        1664           16           0.799        53248         3328
        1664           32           0.974       106496         6656
        1664           64           1.260       212992        13312
        1664          128           1.415       425984        26624
        1664          256           1.920       851968        53248
        1664          512           3.510      1703936       106496
        1664         1024           6.679      3407872       212992
        1664         2048          13.133      6815744       425984
        1664         4096          25.673     13631488       851968
        1664         8192          51.218     27262976      1703936
        1664        16384         101.606     54525952      3407872
        1792            1           0.632         3584          224
        1792            2           0.962         7168          448
        1792            4           0.833        14336          896
        1792            8           0.900        28672         1792
        1792           16           0.810        57344         3584
        1792           32           0.833       114688         7168
        1792           64           1.086       229376        14336
        1792          128           1.360       458752        28672
        1792          256           1.937       917504        57344
        1792          512           3.355      1835008       114688
        1792         1024           6.502      3670016       229376
        1792         2048          12.848      7340032       458752
        1792         4096          25.044     14680064       917504
        1792         8192          49.666     29360128      1835008
        1792        16384          98.901     58720256      3670016
        1920            1           0.387         3840          240
        1920            2           0.991         7680          480
        1920            4           1.167        15360          960
        1920            8           1.069        30720         1920
        1920           16           0.739        61440         3840
        1920           32           0.826       122880         7680
        1920           64           1.120       245760        15360
        1920          128           1.158       491520        30720
        1920          256           2.009       983040        61440
        1920          512           3.333      1966080       122880
        1920         1024           6.430      3932160       245760
        1920         2048          12.452      7864320       491520
        1920         4096          25.380     15728640       983040
        1920         8192          48.973     31457280      1966080
        2112            1           0.662         4224          264
        2112            2           0.912         8448          528
        2112            4           0.742        16896         1056
        2112            8           0.987        33792         2112
        2112           16           0.844        67584         4224
        2112           32           1.028       135168         8448
        2112           64           0.949       270336        16896
        2112          128           1.192       540672        33792
        2112          256           1.999      1081344        67584
        2112          512           3.883      2162688       135168
        2112         1024           7.121      4325376       270336
        2112         2048          13.927      8650752       540672
        2112         4096          27.498     17301504      1081344
        2112         8192          54.595     34603008      2162688
        2304            1           0.696         4608          288
        2304            2           0.860         9216          576
        2304            4           0.831        18432         1152
        2304            8           0.886        36864         2304
        2304           16           0.928        73728         4608
        2304           32           1.011       147456         9216
        2304           64           1.147       294912        18432
        2304          128           1.281       589824        36864
        2304          256           2.248      1179648        73728
        2304          512           4.018      2359296       147456
        2304         1024           7.779      4718592       294912
        2304         2048          15.280      9437184       589824
        2304         4096          30.339     18874368      1179648
        2304         8192          60.019     37748736      2359296
        2496            1           0.814         4992          312
        2496            2           0.798         9984          624
        2496            4           1.029        19968         1248
        2496            8           1.067        39936         2496
        2496           16           1.020        79872         4992
        2496           32           1.040       159744         9984
        2496           64           1.039       319488        19968
        2496          128           1.392       638976        39936
        2496          256           2.198      1277952        79872
        2496          512           4.302      2555904       159744
        2496         1024           8.079      5111808       319488
        2496         2048          15.657     10223616       638976
        2496         4096          30.846     20447232      1277952
        2496         8192          61.621     40894464      2555904
        2688            1           0.369         5376          336
        2688            2           0.550        10752          672
        2688            4           0.846        21504         1344
        2688            8           0.903        43008         2688
        2688           16           0.733        86016         5376
        2688           32           0.824       172032        10752
        2688           64           0.933       344064        21504
        2688          128           1.194       688128        43008
        2688          256           1.646      1376256        86016
        2688          512           3.026      2752512       172032
        2688         1024           5.767      5505024       344064
        2688         2048          11.334     11010048       688128
        2688         4096          22.523     22020096      1376256
        2688         8192          44.536     44040192      2752512
        2944            1           0.750         5888          368
        2944            2           0.631        11776          736
        2944            4           0.737        23552         1472
        2944            8           0.976        47104         2944
        2944           16           0.738        94208         5888
        2944           32           0.822       188416        11776
        2944           64           1.094       376832        23552
        2944          128           1.156       753664        47104
        2944          256           1.680      1507328        94208
        2944          512           3.193      3014656       188416
        2944         1024           6.082      6029312       376832
        2944         2048          11.993     12058624       753664
        2944         4096          23.728     24117248      1507328
        2944         8192          47.079     48234496      3014656
        3200            1           0.459         6400          400
        3200            2           0.886        12800          800
        3200            4           0.803        25600         1600
        3200            8           0.733        51200         3200
        3200           16           0.782       102400         6400
        3200           32           0.901       204800        12800
        3200           64           0.941       409600        25600
        3200          128           1.223       819200        51200
        3200          256           1.823      1638400       102400
        3200          512           3.378      3276800       204800
        3200         1024           6.522      6553600       409600
        3200         2048          12.817     13107200       819200
        3200         4096          25.364     26214400      1638400
        3200         8192          50.348     52428800      3276800
        3520            1           0.539         7040          440
        3520            2           0.613        14080          880
        3520            4           0.790        28160         1760
        3520            8           0.749        56320         3520
        3520           16           0.753       112640         7040
        3520           32           0.939       225280        14080
        3520           64           1.101       450560        28160
        3520          128           1.328       901120        56320
        3520          256           2.115      1802240       112640
        3520          512           3.515      3604480       225280
        3520         1024           6.928      7208960       450560
        3520         2048          13.493     14417920       901120
        3520         4096          26.727     28835840      1802240
        3520         8192          53.286     57671680      3604480
        3840            1           0.692         7680          480
        3840            2           0.669        15360          960
        3840            4           0.859        30720         1920
        3840            8           0.805        61440         3840
        3840           16           1.089       122880         7680
        3840           32           0.779       245760        15360
        3840           64           0.988       491520        30720
        3840          128           1.324       983040        61440
        3840          256           1.863      1966080       122880
        3840          512           3.433      3932160       245760
        3840         1024           6.637      7864320       491520
        3840         2048          12.998     15728640       983040
        3840         4096          25.347     31457280      1966080
        4224            1           0.333         8448          528
        4224            2           0.733        16896         1056
        4224            4           0.729        33792         2112
        4224            8           0.803        67584         4224
        4224           16           0.889       135168         8448
        4224           32           0.982       270336        16896
        4224           64           1.158       540672        33792
        4224          128           1.378      1081344        67584
        4224          256           2.235      2162688       135168
        4224          512           4.065      4325376       270336
        4224         1024           7.937      8650752       540672
        4224         2048          15.590     17301504      1081344
        4224         4096          31.100     34603008      2162688
        4608            1           0.523         9216          576
        4608            2           0.908        18432         1152
        4608            4           0.781        36864         2304
        4608            8           0.982        73728         4608
        4608           16           0.772       147456         9216
        4608           32           0.773       294912        18432
        4608           64           1.115       589824        36864
        4608          128           1.375      1179648        73728
        4608          256           2.033      2359296       147456
        4608          512           3.889      4718592       294912
        4608         1024           7.794      9437184       589824
        4608         2048          14.992     18874368      1179648
        4608         4096          29.670     37748736      2359296
        5056            1           0.657        10112          632
        5056            2           0.738        20224         1264
        5056            4           0.750        40448         2528
        5056            8           1.032        80896         5056
        5056           16           0.813       161792        10112
        5056           32           0.983       323584        20224
        5056           64           1.068       647168        40448
        5056          128           1.642      1294336        80896
        5056          256           2.424      2588672       161792
        5056          512           4.582      5177344       323584
        5056         1024           8.884     10354688       647168
        5056         2048          17.570     20709376      1294336
        5056         4096          34.672     41418752      2588672
        5504            1           0.340        11008          688
        5504            2           1.027        22016         1376
        5504            4           0.977        44032         2752
        5504            8           0.933        88064         5504
        5504           16           0.974       176128        11008
        5504           32           0.993       352256        22016
        5504           64           1.232       704512        44032
        5504          128           1.494      1409024        88064
        5504          256           2.510      2818048       176128
        5504          512           4.733      5636096       352256
        5504         1024           9.256     11272192       704512
        5504         2048          18.276     22544384      1409024
        5504         4096          36.352     45088768      2818048
        6016            1           0.758        12032          752
        6016            2           0.847        24064         1504
        6016            4           0.767        48128         3008
        6016            8           0.936        96256         6016
        6016           16           0.938       192512        12032
        6016           32           1.144       385024        24064
        6016           64           1.324       770048        48128
        6016          128           1.619      1540096        96256
        6016          256           2.651      3080192       192512
        6016          512           5.085      6160384       385024
        6016         1024           9.869     12320768       770048
        6016         2048          19.428     24641536      1540096
        6016         4096          38.564     49283072      3080192
        6592            1           0.399        13184          824
        6592            2           0.821        26368         1648
        6592            4           0.731        52736         3296
        6592            8           0.909       105472         6592
        6592           16           0.781       210944        13184
        6592           32           0.876       421888        26368
        6592           64           1.221       843776        52736
        6592          128           1.954      1687552       105472
        6592          256           2.891      3375104       210944
        6592          512           5.373      6750208       421888
        6592         1024          10.661     13500416       843776
        6592         2048          20.835     27000832      1687552
        6592         4096          41.401     54001664      3375104
        7232            1           0.355        14464          904
        7232            2           0.842        28928         1808
        7232            4           0.782        57856         3616
        7232            8           0.698       115712         7232
        7232           16           0.790       231424        14464
        7232           32           1.085       462848        28928
        7232           64           1.382       925696        57856
        7232          128           2.034      1851392       115712
        7232          256           3.541      3702784       231424
        7232          512           6.844      7405568       462848
        7232         1024          11.285     14811136       925696
        7232         2048          22.085     29622272      1851392
        7232         4096          43.802     59244544      3702784
        7936            1           0.862        15872          992
        7936            2           0.600        31744         1984
        7936            4           0.711        63488         3968
        7936            8           1.048       126976         7936
        7936           16           0.895       253952        15872
        7936           32           0.997       507904        31744
        7936           64           1.407      1015808        63488
        7936          128           2.054      2031616       126976
        7936          256           3.164      4063232       253952
        7936          512           6.053      8126464       507904
        7936         1024          11.799     16252928      1015808
        7936         2048          23.311     32505856      2031616
        8704            1           0.364        17408         1088
        8704            2           1.009        34816         2176
        8704            4           0.781        69632         4352
        8704            8           0.774       139264         8704
        8704           16           1.074       278528        17408
        8704           32           1.210       557056        34816
        8704           64           1.712      1114112        69632
        8704          128           2.531      2228224       139264
        8704          256           4.681      4456448       278528
        8704          512           8.384      8912896       557056
        8704         1024          16.410     17825792      1114112
        8704         2048          32.066     35651584      2228224
        9536            1           0.377        19072         1192
        9536            2           0.684        38144         2384
        9536            4           0.703        76288         4768
        9536            8           0.892       152576         9536
        9536           16           1.099       305152        19072
        9536           32           1.179       610304        38144
        9536           64           1.326      1220608        76288
        9536          128           2.410      2441216       152576
        9536          256           3.756      4882432       305152
        9536          512           7.187      9764864       610304
        9536         1024          13.920     19529728      1220608
        9536         2048          27.530     39059456      2441216
       10432            1           1.458        20864         1304
       10432            2           0.987        41728         2608
       10432            4           0.657        83456         5216
       10432            8           1.058       166912        10432
       10432           16           1.115       333824        20864
       10432           32           1.308       667648        41728
       10432           64           1.888      1335296        83456
       10432          128           2.723      2670592       166912
       10432          256           5.007      5341184       333824
       10432          512           9.471     10682368       667648
       10432         1024          27.710     21364736      1335296
       10432         2048          37.411     42729472      2670592
       11456            1           0.404        22912         1432
       11456            2           0.911        45824         2864
       11456            4           0.733        91648         5728
       11456            8           0.740       183296        11456
       11456           16           1.213       366592        22912
       11456           32           1.217       733184        45824
       11456           64           1.856      1466368        91648
       11456          128           2.858      2932736       183296
       11456          256           5.367      5865472       366592
       11456          512          10.070     11730944       733184
       11456         1024          19.223     23461888      1466368
       11456         2048          38.299     46923776      2932736
       12544            1           0.577        25088         1568
       12544            2           0.790        50176         3136
       12544            4           0.752       100352         6272
       12544            8           0.823       200704        12544
       12544           16           0.833       401408        25088
       12544           32           1.170       802816        50176
       12544           64           1.573      1605632       100352
       12544          128           2.552      3211264       200704
       12544          256           4.985      6422528       401408
       12544          512           8.955     12845056       802816
       12544         1024          17.544     25690112      1605632
       12544         2048          34.681     51380224      3211264
       13760            1           0.541        27520         1720
       13760            2           1.129        55040         3440
       13760            4           0.678       110080         6880
       13760            8           0.986       220160        13760
       13760           16           1.121       440320        27520
       13760           32           1.389       880640        55040
       13760           64           1.794      1761280       110080
       13760          128           2.928      3522560       220160
       13760          256           5.228      7045120       440320
       13760          512           9.836     14090240       880640
       13760         1024          19.376     28180480      1761280
       13760         2048          38.534     56360960      3522560
       15104            1           0.679        30208         1888
       15104            2           0.934        60416         3776
       15104            4           1.042       120832         7552
       15104            8           0.914       241664        15104
       15104           16           1.023       483328        30208
       15104           32           1.242       966656        60416
       15104           64           2.355      1933312       120832
       15104          128           3.208      3866624       241664
       15104          256           5.401      7733248       483328
       15104          512          10.527     15466496       966656
       15104         1024          21.287     30932992      1933312
       15104         2048          47.385     61865984      3866624
       16576            1           0.884        33152         2072
       16576            2           0.561        66304         4144
       16576            4           0.941       132608         8288
       16576            8           0.969       265216        16576
       16576           16           1.137       530432        33152
       16576           32           1.445      1060864        66304
       16576           64           2.182      2121728       132608
       16576          128           3.466      4243456       265216
       16576          256           6.012      8486912       530432
       16576          512          11.710     16973824      1060864
       16576         1024          22.925     33947648      2121728
       18176            1           0.624        36352         2272
       18176            2           0.831        72704         4544
       18176            4           0.854       145408         9088
       18176            8           0.965       290816        18176
       18176           16           1.019       581632        36352
       18176           32           1.301      1163264        72704
       18176           64           2.247      2326528       145408
       18176          128           3.454      4653056       290816
       18176          256           6.491      9306112       581632
       18176          512          12.516     18612224      1163264
       18176         1024          24.474     37224448      2326528
       19968            1           0.683        39936         2496
       19968            2           0.444        79872         4992
       19968            4           0.994       159744         9984
       19968            8           0.893       319488        19968
       19968           16           1.274       638976        39936
       19968           32           1.642      1277952        79872
       19968           64           2.522      2555904       159744
       19968          128           4.425      5111808       319488
       19968          256           8.258     10223616       638976
       19968          512          15.629     20447232      1277952
       19968         1024          30.827     40894464      2555904
       21952            1           0.988        43904         2744
       21952            2           0.810        87808         5488
       21952            4           0.816       175616        10976
       21952            8           0.972       351232        21952
       21952           16           1.196       702464        43904
       21952           32           1.718      1404928        87808
       21952           64           2.660      2809856       175616
       21952          128           4.647      5619712       351232
       21952          256           8.901     11239424       702464
       21952          512          16.841     22478848      1404928
       21952         1024          41.295     44957696      2809856
       24128            1           0.642        48256         3016
       24128            2           0.715        96512         6032
       24128            4           0.935       193024        12064
       24128            8           0.900       386048        24128
       24128           16           1.179       772096        48256
       24128           32           1.411      1544192        96512
       24128           64           2.217      3088384       193024
       24128          128           3.732      6176768       386048
       24128          256           6.772     12353536       772096
       24128          512          13.545     24707072      1544192
       24128         1024          26.600     49414144      3088384
       26496            1           0.888        52992         3312
       26496            2           0.754       105984         6624
       26496            4           0.856       211968        13248
       26496            8           0.993       423936        26496
       26496           16           1.083       847872        52992
       26496           32           1.696      1695744       105984
       26496           64           2.770      3391488       211968
       26496          128           5.012      6782976       423936
       26496          256           9.934     13565952       847872
       26496          512          19.242     27131904      1695744
       26496         1024          38.299     54263808      3391488
       29120            1           1.182        58240         3640
       29120            2           0.646       116480         7280
       29120            4           0.870       232960        14560
       29120            8           1.065       465920        29120
       29120           16           1.320       931840        58240
       29120           32           1.871      1863680       116480
       29120           64           2.920      3727360       232960
       29120          128           5.573      7454720       465920
       29120          256          11.491     14909440       931840
       29120          512          22.437     29818880      1863680
       29120         1024          42.485     59637760      3727360
       32000            1           1.561        64000         4000
       32000            2           0.800       128000         8000
       32000            4           0.892       256000        16000
       32000            8           1.107       512000        32000
       32000           16           1.422      1024000        64000
       32000           32           1.921      2048000       128000
       32000           64           2.900      4096000       256000
       32000          128           5.119      8192000       512000
       32000          256           9.756     16384000      1024000
       32000          512          18.750     32768000      2048000
       35200            1           1.203        70400         4400
       35200            2           0.853       140800         8800
       35200            4           1.047       281600        17600
       35200            8           1.187       563200        35200
       35200           16           1.279      1126400        70400
       35200           32           1.910      2252800       140800
       35200           64           3.059      4505600       281600
       35200          128           5.517      9011200       563200
       35200          256          10.717     18022400      1126400
       35200          512          20.717     36044800      2252800
       38720            1           0.833        77440         4840
       38720            2           0.696       154880         9680
       38720            4           1.048       309760        19360
       38720            8           0.933       619520        38720
       38720           16           1.605      1239040        77440
       38720           32           2.146      2478080       154880
       38720           64           3.471      4956160       309760
       38720          128           6.143      9912320       619520
       38720          256          11.475     19824640      1239040
       38720          512          22.422     39649280      2478080
       42560            1           0.600        85120         5320
       42560            2           0.815       170240        10640
       42560            4           0.911       340480        21280
       42560            8           1.118       680960        42560
       42560           16           1.414      1361920        85120
       42560           32           2.309      2723840       170240
       42560           64           3.747      5447680       340480
       42560          128           6.700     10895360       680960
       42560          256          12.432     21790720      1361920
       42560          512          24.518     43581440      2723840
       46784            1           3.246        93568         5848
       46784            2           0.699       187136        11696
       46784            4           1.223       374272        23392
       46784            8           1.555       748544        46784
       46784           16           1.557      1497088        93568
       46784           32           3.266      2994176       187136
       46784           64           5.615      5988352       374272
       46784          128          10.403     11976704       748544
       46784          256          20.497     23953408      1497088
       46784          512          40.223     47906816      2994176
       51456            1           1.997       102912         6432
       51456            2           0.739       205824        12864
       51456            4           1.048       411648        25728
       51456            8           1.194       823296        51456
       51456           16           1.672      1646592       102912
       51456           32           2.805      3293184       205824
       51456           64           5.001      6586368       411648
       51456          128           9.471     13172736       823296
       51456          256          20.725     26345472      1646592
       51456          512          46.021     52690944      3293184
       56576            1           2.127       113152         7072
       56576            2           0.764       226304        14144
       56576            4           0.998       452608        28288
       56576            8           1.498       905216        56576
       56576           16           2.382      1810432       113152
       56576           32           3.862      3620864       226304
       56576           64           7.495      7241728       452608
       56576          128          12.105     14483456       905216
       56576          256          21.221     28966912      1810432
       56576          512          61.802     57933824      3620864
       62208            1           0.631       124416         7776
       62208            2           0.868       248832        15552
       62208            4           1.223       497664        31104
       62208            8           1.315       995328        62208
       62208           16           1.854      1990656       124416
       62208           32           2.956      3981312       248832
       62208           64           5.075      7962624       497664
       62208          128           9.293     15925248       995328
       62208          256          17.623     31850496      1990656
       68416            1           1.015       136832         8552
       68416            2           1.002       273664        17104
       68416            4           1.251       547328        34208
       68416            8           1.407      1094656        68416
       68416           16           1.916      2189312       136832
       68416           32           3.192      4378624       273664
       68416           64           5.433      8757248       547328
       68416          128          10.155     17514496      1094656
       68416          256          20.438     35028992      2189312
       75200            1           1.321       150400         9400
       75200            2           0.781       300800        18800
       75200            4           1.031       601600        37600
       75200            8           1.394      1203200        75200
       75200           16           2.075      2406400       150400
       75200           32           3.316      4812800       300800
       75200           64           6.097      9625600       601600
       75200          128          11.189     19251200      1203200
       75200          256          27.120     38502400      2406400
       82688            1           0.878       165376        10336
       82688            2           1.038       330752        20672
       82688            4           1.223       661504        41344
       82688            8           1.295      1323008        82688
       82688           16           2.328      2646016       165376
       82688           32           3.728      5292032       330752
       82688           64           6.589     10584064       661504
       82688          128          12.197     21168128      1323008
       82688          256          23.763     42336256      2646016
       90944            1           1.018       181888        11368
       90944            2           1.097       363776        22736
       90944            4           1.278       727552        45472
       90944            8           1.568      1455104        90944
       90944           16           2.310      2910208       181888
       90944           32           3.843      5820416       363776
       90944           64           6.889     11640832       727552
       90944          128          13.189     23281664      1455104
       90944          256          25.710     46563328      2910208
      100032            1           1.921       200064        12504
      100032            2           1.068       400128        25008
      100032            4           1.526       800256        50016
      100032            8           1.815      1600512       100032
      100032           16           2.488      3201024       200064
      100032           32           4.227      6402048       400128
      100032           64           7.636     12804096       800256
      100032          128          14.460     25608192      1600512
      100032          256          28.739     51216384      3201024
      110016            1           1.256       220032        13752
      110016            2           1.129       440064        27504
      110016            4           1.303       880128        55008
      110016            8           1.704      1760256       110016
      110016           16           2.753      3520512       220032
      110016           32           4.608      7041024       440064
      110016           64           8.391     14082048       880128
      110016          128          15.818     28164096      1760256
      110016          256          30.998     56328192      3520512
      120960            1           2.407       241920        15120
      120960            2           0.914       483840        30240
      120960            4           1.359       967680        60480
      120960            8           2.035      1935360       120960
      120960           16           2.926      3870720       241920
      120960           32           5.001      7741440       483840
      120960           64           9.013     15482880       967680
      120960          128          17.328     30965760      1935360
      120960          256          33.762     61931520      3870720
      133056            1           2.155       266112        16632
      133056            2           1.140       532224        33264
      133056            4           1.470      1064448        66528
      133056            8           2.056      2128896       133056
      133056           16           3.375      4257792       266112
      133056           32           5.453      8515584       532224
      133056           64           9.896     17031168      1064448
      133056          128          19.098     34062336      2128896
      146304            1           2.491       292608        18288
      146304            2           1.505       585216        36576
      146304            4           1.928      1170432        73152
      146304            8           2.657      2340864       146304
      146304           16           4.765      4681728       292608
      146304           32           7.555      9363456       585216
      146304           64          10.804     18726912      1170432
      146304          128          21.003     37453824      2340864
      160896            1           2.458       321792        20112
      160896            2           1.210       643584        40224
      160896            4           1.581      1287168        80448
      160896            8           2.495      2574336       160896
      160896           16           4.066      5148672       321792
      160896           32           7.976     10297344       643584
      160896           64          11.775     20594688      1287168
      160896          128          23.062     41189376      2574336
      176960            1           3.027       353920        22120
      176960            2           1.511       707840        44240
      176960            4           1.694      1415680        88480
      176960            8           2.292      2831360       176960
      176960           16           3.835      5662720       353920
      176960           32           7.018     11325440       707840
      176960           64          12.819     22650880      1415680
      176960          128          25.298     45301760      2831360
      194624            1           2.584       389248        24328
      194624            2           1.353       778496        48656
      194624            4           1.812      1556992        97312
      194624            8           2.655      3113984       194624
      194624           16           4.408      6227968       389248
      194624           32           7.487     12455936       778496
      194624           64          14.454     24911872      1556992
      194624          128          28.019     49823744      3113984
      214080            1           2.463       428160        26760
      214080            2           1.413       856320        53520
      214080            4           1.974      1712640       107040
      214080            8           2.807      3425280       214080
      214080           16           4.632      6850560       428160
      214080           32           8.144     13701120       856320
      214080           64          15.401     27402240      1712640
      214080          128          30.191     54804480      3425280
      235456            1           2.252       470912        29432
      235456            2           1.537       941824        58864
      235456            4           2.184      1883648       117728
      235456            8           3.165      3767296       235456
      235456           16           5.083      7534592       470912
      235456           32           9.134     15069184       941824
      235456           64          16.958     30138368      1883648
      235456          128          33.214     60276736      3767296
      258944            1           3.360       517888        32368
      258944            2           1.728      1035776        64736
      258944            4           2.209      2071552       129472
      258944            8           3.238      4143104       258944
      258944           16           5.626      8286208       517888
      258944           32           9.858     16572416      1035776
      258944           64          18.905     33144832      2071552
      284800            1           3.443       569600        35600
      284800            2           1.847      1139200        71200
      284800            4           2.587      2278400       142400
      284800            8           4.014      4556800       284800
      284800           16           7.327      9113600       569600
      284800           32          13.267     18227200      1139200
      284800           64          25.806     36454400      2278400
      313280            1           3.721       626560        39160
      313280            2           2.100      1253120        78320
      313280            4           3.152      2506240       156640
      313280            8           5.239      5012480       313280
      313280           16           9.145     10024960       626560
      313280           32          17.131     20049920      1253120
      313280           64          33.479     40099840      2506240
      344576            1           3.821       689152        43072
      344576            2           2.528      1378304        86144
      344576            4           3.530      2756608       172288
      344576            8           6.376      5513216       344576
      344576           16          10.709     11026432       689152
      344576           32          20.012     22052864      1378304
      344576           64          39.053     44105728      2756608
      379008            1           4.782       758016        47376
      379008            2           2.651      1516032        94752
      379008            4           3.611      3032064       189504
      379008            8           6.430      6064128       379008
      379008           16          11.530     12128256       758016
      379008           32          21.929     24256512      1516032
      379008           64          42.867     48513024      3032064
      416896            1           4.648       833792        52112
      416896            2           2.710      1667584       104224
      416896            4           3.908      3335168       208448
      416896            8           6.904      6670336       416896
      416896           16          12.546     13340672       833792
      416896           32          24.127     26681344      1667584
      416896           64          46.767     53362688      3335168
      458560            1           6.295       917120        57320
      458560            2           2.929      1834240       114640
      458560            4           4.335      3668480       229280
      458560            8           7.575      7336960       458560
      458560           16          13.710     14673920       917120
      458560           32          26.362     29347840      1834240
      458560           64          51.544     58695680      3668480
      504384            1           6.335      1008768        63048
      504384            2           2.977      2017536       126096
      504384            4           4.784      4035072       252192
      504384            8           8.039      8070144       504384
      504384           16          15.174     16140288      1008768
      504384           32          28.740     32280576      2017536
      554816            1           6.891      1109632        69352
      554816            2           3.368      2219264       138704
      554816            4           5.031      4438528       277408
      554816            8           8.973      8877056       554816
      554816           16          16.639     17754112      1109632
      554816           32          31.588     35508224      2219264
      610240            1           6.989      1220480        76280
      610240            2           3.447      2440960       152560
      610240            4           5.396      4881920       305120
      610240            8           9.688      9763840       610240
      610240           16          19.035     19527680      1220480
      610240           32          49.703     39055360      2440960
      671232            1          11.554      1342464        83904
      671232            2           5.911      2684928       167808
      671232            4           9.116      5369856       335616
      671232            8          15.614     10739712       671232
      671232           16          29.249     21479424      1342464
      671232           32          56.340     42958848      2684928
      738304            1           7.832      1476608        92288
      738304            2           4.130      2953216       184576
      738304            4           6.686      5906432       369152
      738304            8          11.658     11812864       738304
      738304           16          21.685     23625728      1476608
      738304           32          41.900     47251456      2953216
      812096            1           9.601      1624192       101512
      812096            2           4.468      3248384       203024
      812096            4           7.294      6496768       406048
      812096            8          12.840     12993536       812096
      812096           16          23.735     25987072      1624192
      812096           32          62.924     51974144      3248384
      893248            1           9.515      1786496       111656
      893248            2           5.049      3572992       223312
      893248            4           7.841      7145984       446624
      893248            8          13.679     14291968       893248
      893248           16          29.726     28583936      1786496
      893248           32          53.040     57167872      3572992
      982528            1          10.017      1965056       122816
      982528            2           5.438      3930112       245632
      982528            4           8.712      7860224       491264
      982528            8          15.277     15720448       982528
      982528           16          28.523     31440896      1965056
     1080768            1          11.295      2161536       135096
     1080768            2           5.518      4323072       270192
     1080768            4           9.349      8646144       540384
     1080768            8          16.593     17292288      1080768
     1080768           16          31.503     34584576      2161536
     1188800            1          12.826      2377600       148600
     1188800            2           6.343      4755200       297200
     1188800            4          10.141      9510400       594400
     1188800            8          18.183     19020800      1188800
     1188800           16          34.494     38041600      2377600
     1307648            1          13.658      2615296       163456
     1307648            2           6.689      5230592       326912
     1307648            4          11.030     10461184       653824
     1307648            8          20.039     20922368      1307648
     1307648           16          37.642     41844736      2615296
     1438400            1          15.042      2876800       179800
     1438400            2           7.302      5753600       359600
     1438400            4          12.144     11507200       719200
     1438400            8          21.866     23014400      1438400
     1438400           16          41.502     46028800      2876800
     1582208            1          15.613      3164416       197776
     1582208            2           8.028      6328832       395552
     1582208            4          13.219     12657664       791104
     1582208            8          24.190     25315328      1582208
     1582208           16          45.798     50630656      3164416
     1740416            1          18.052      3480832       217552
     1740416            2           8.549      6961664       435104
     1740416            4          14.807     13923328       870208
     1740416            8          26.408     27846656      1740416
     1740416           16          50.031     55693312      3480832
     1914432            1          20.131      3828864       239304
     1914432            2           9.464      7657728       478608
     1914432            4          15.969     15315456       957216
     1914432            8          28.889     30630912      1914432
     1914432           16          54.968     61261824      3828864
     2105856            1          22.304      4211712       263232
     2105856            2          10.272      8423424       526464
     2105856            4          17.513     16846848      1052928
     2105856            8          31.766     33693696      2105856
     2316416            1          23.069      4632832       289552
     2316416            2          11.542      9265664       579104
     2316416            4          19.274     18531328      1158208
     2316416            8          34.922     37062656      2316416
     2548032            1          24.716      5096064       318504
     2548032            2          12.342     10192128       637008
     2548032            4          21.157     20384256      1274016
     2548032            8          38.386     40768512      2548032
     2802816            1          29.742      5605632       350352
     2802816            2          13.761     11211264       700704
     2802816            4          24.880     22422528      1401408
     2802816            8          44.021     44845056      2802816
     3083072            1          30.522      6166144       385384
     3083072            2          14.899     12332288       770768
     3083072            4          25.377     24664576      1541536
     3083072            8          46.276     49329152      3083072
     3391360            1          34.465      6782720       423920
     3391360            2          16.216     13565440       847840
     3391360            4          27.553     27130880      1695680
     3391360            8          50.854     54261760      3391360
     3730496            1          35.688      7460992       466312
     3730496            2          17.915     14921984       932624
     3730496            4          30.415     29843968      1865248
     3730496            8          55.833     59687936      3730496
     4103488            1          42.073      8206976       512936
     4103488            2          19.834     16413952      1025872
     4103488            4          33.346     32827904      2051744
     4513792            1          44.594      9027584       564224
     4513792            2          22.093     18055168      1128448
     4513792            4          36.524     36110336      2256896
     4965120            1          48.582      9930240       620640
     4965120            2          27.285     19860480      1241280
     4965120            4          44.124     39720960      2482560
     5461632            1          55.819     10923264       682704
     5461632            2          27.834     21846528      1365408
     5461632            4          46.811     43693056      2730816
     6007744            1          64.845     12015488       750968
     6007744            2          33.243     24030976      1501936
     6007744            4          51.614     48061952      3003872
     6608512            1          61.952     13217024       826064
     6608512            2          38.218     26434048      1652128
     6608512            4          59.670     52868096      3304256
     7269312            1          68.219     14538624       908664
     7269312            2          45.350     29077248      1817328
     7269312            4          68.465     58154496      3634656
     7996224            1          70.625     15992448       999528
     7996224            2          57.459     31984896      1999056
     8795840            1          74.849     17591680      1099480
     8795840            2          69.213     35183360      2198960
     9675392            1          78.980     19350784      1209424
     9675392            2          85.604     38701568      2418848
    10642880            1          82.673     21285760      1330360
    10642880            2         105.963     42571520      2660720
    11707136            1          88.217     23414272      1463392
    11707136            2         129.787     46828544      2926784
    12877824            1          98.785     25755648      1609728
    12877824            2         148.835     51511296      3219456
    14165568            1         108.393     28331136      1770696
    14165568            2         167.938     56662272      3541392
    15582080            1         117.965     31164160      1947760
    17140288            1         141.109     34280576      2142536
    18854272            1         187.404     37708544      2356784
    20739648            1         180.155     41479296      2592456
    22813568            1         203.615     45627136      2851696
    25094912            1         238.208     50189824      3136864
    27604352            1         281.054     55208704      3450544
    30364736            1         323.375     60729472      3795592

META_DATA
FLOPS          1
OPENMP_THREADS 8
ERT_VERSION  1.1.0
HOSTNAME  ('cirrus4.computing.clemson.edu', ['cirrus4'], ['127.0.1.1'])
UNAME  uname_result(system='Linux', node='cirrus4.computing.clemson.edu', release='5.4.0-81-generic', version='#91-Ubuntu SMP Thu Jul 15 19:09:17 UTC 2021', machine='x86_64', processor='x86_64')
TIMESTAMP_DATA  1632245393.8328707
CONFIG  {'ERT_RESULTS': ['Results.cs.clemson.edu'], 'ERT_DRIVER': ['driver1'], 'ERT_KERNEL': ['kernel1'], 'ERT_MPI': ['False'], 'ERT_MPI_CFLAGS': [], 'ERT_MPI_LDFLAGS': [], 'ERT_OPENMP': ['True'], 'ERT_OPENMP_CFLAGS': ['-fopenmp'], 'ERT_OPENMP_LDFLAGS': ['-fopenmp'], 'ERT_FLOPS': ['1,2,4'], 'ERT_ALIGN': ['32'], 'ERT_CC': ['g++'], 'ERT_CFLAGS': ['-O3', '-std=c++11', '-fstrict-aliasing', '-march=native'], 'ERT_LD': ['g++'], 'ERT_LDFLAGS': [], 'ERT_LDLIBS': [], 'ERT_PRECISION': ['FP64'], 'ERT_RUN': ['export', 'OMP_NUM_THREADS=ERT_OPENMP_THREADS;', 'export', 'OMP_PLACES=threads;', 'export', 'OMP_PROC_BIND=spread;', './ERT_CODE'], 'ERT_PROCS_THREADS': ['8'], 'ERT_MPI_PROCS': ['2,4,8'], 'ERT_OPENMP_THREADS': ['1-8'], 'ERT_NUM_EXPERIMENTS': ['5'], 'ERT_MEMORY_MAX': ['31000000'], 'ERT_WORKING_SET_MIN': ['1'], 'ERT_TRIALS_MIN': ['1'], 'ERT_GNUPLOT': ['gnuplot'], 'ERT_GPU': [False], 'ERT_HIP': [False], 'ERT_OCL': [False], 'ERT_SYCL': [False], 'ERT_WSS_MULT': [1.1]}
