fp64
          64            1           1.620          128            8
          64            2           0.800          256           16
          64            4           0.925          512           32
          64            8           1.162         1024           64
          64           16           1.114         2048          128
          64           32           1.097         4096          256
          64           64           1.369         8192          512
          64          128           1.573        16384         1024
          64          256           2.625        32768         2048
          64          512           3.968        65536         4096
          64         1024           7.037       131072         8192
          64         2048          13.067       262144        16384
          64         4096          25.342       524288        32768
          64         8192          49.282      1048576        65536
          64        16384          97.397      2097152       131072
          64        32768         207.147      4194304       262144
          64        65536         388.515      8388608       524288
          64       131072         775.423     16777216      1048576
          64       262144        1583.071     33554432      2097152
         128            1           1.037          256           16
         128            2           0.895          512           32
         128            4           0.982         1024           64
         128            8           1.151         2048          128
         128           16           0.992         4096          256
         128           32           0.985         8192          512
         128           64           1.346        16384         1024
         128          128           1.317        32768         2048
         128          256           2.381        65536         4096
         128          512           4.019       131072         8192
         128         1024           7.193       262144        16384
         128         2048          13.330       524288        32768
         128         4096          25.770      1048576        65536
         128         8192          50.720      2097152       131072
         128        16384         110.829      4194304       262144
         128        32768         208.675      8388608       524288
         128        65536         440.348     16777216      1048576
         128       131072         840.739     33554432      2097152
         192            1           1.023          384           24
         192            2           1.096          768           48
         192            4           1.098         1536           96
         192            8           1.169         3072          192
         192           16           1.087         6144          384
         192           32           1.206        12288          768
         192           64           1.233        24576         1536
         192          128           1.720        49152         3072
         192          256           2.581        98304         6144
         192          512           4.056       196608        12288
         192         1024           6.899       393216        24576
         192         2048          13.163       786432        49152
         192         4096          25.730      1572864        98304
         192         8192          50.427      3145728       196608
         192        16384          99.983      6291456       393216
         192        32768         199.006     12582912       786432
         192        65536         396.800     25165824      1572864
         192       131072         795.618     50331648      3145728
         256            1           0.973          512           32
         256            2           0.971         1024           64
         256            4           1.153         2048          128
         256            8           1.238         4096          256
         256           16           1.007         8192          512
         256           32           1.185        16384         1024
         256           64           1.222        32768         2048
         256          128           1.929        65536         4096
         256          256           2.797       131072         8192
         256          512           4.285       262144        16384
         256         1024           7.598       524288        32768
         256         2048          14.263      1048576        65536
         256         4096          28.431      2097152       131072
         256         8192          56.105      4194304       262144
         256        16384         125.185      8388608       524288
         256        32768         223.239     16777216      1048576
         256        65536         447.199     33554432      2097152
         320            1           0.609          640           40
         320            2           1.197         1280           80
         320            4           1.131         2560          160
         320            8           1.203         5120          320
         320           16           0.953        10240          640
         320           32           1.313        20480         1280
         320           64           1.557        40960         2560
         320          128           1.832        81920         5120
         320          256           2.679       163840        10240
         320          512           4.247       327680        20480
         320         1024           7.563       655360        40960
         320         2048          14.649      1310720        81920
         320         4096          28.499      2621440       163840
         320         8192          56.457      5242880       327680
         320        16384         112.342     10485760       655360
         320        32768         223.843     20971520      1310720
         320        65536         450.400     41943040      2621440
         384            1           0.783          768           48
         384            2           1.110         1536           96
         384            4           1.036         3072          192
         384            8           1.214         6144          384
         384           16           0.996        12288          768
         384           32           1.320        24576         1536
         384           64           1.435        49152         3072
         384          128           1.468        98304         6144
         384          256           2.691       196608        12288
         384          512           4.441       393216        24576
         384         1024           7.660       786432        49152
         384         2048          14.697      1572864        98304
         384         4096          28.805      3145728       196608
         384         8192          56.800      6291456       393216
         384        16384         115.026     12582912       786432
         384        32768         225.075     25165824      1572864
         384        65536         449.662     50331648      3145728
         448            1           0.579          896           56
         448            2           0.803         1792          112
         448            4           1.064         3584          224
         448            8           1.275         7168          448
         448           16           0.860        14336          896
         448           32           1.171        28672         1792
         448           64           1.517        57344         3584
         448          128           1.838       114688         7168
         448          256           2.777       229376        14336
         448          512           4.277       458752        28672
         448         1024          21.054       917504        57344
         448         2048          14.595      1835008       114688
         448         4096          54.081      3670016       229376
         448         8192          58.109      7340032       458752
         448        16384         123.359     14680064       917504
         448        32768         142.461     29360128      1835008
         448        65536         284.185     58720256      3670016
         512            1           0.923         1024           64
         512            2           0.801         2048          128
         512            4           1.113         4096          256
         512            8           0.993         8192          512
         512           16           0.747        16384         1024
         512           32           1.010        32768         2048
         512           64           1.048        65536         4096
         512          128           1.381       131072         8192
         512          256           1.739       262144        16384
         512          512           2.898       524288        32768
         512         1024           4.953      1048576        65536
         512         2048           9.304      2097152       131072
         512         4096          18.721      4194304       262144
         512         8192          39.133      8388608       524288
         512        16384          70.552     16777216      1048576
         512        32768         142.018     33554432      2097152
         576            1           1.194         1152           72
         576            2           0.870         2304          144
         576            4           0.795         4608          288
         576            8           1.099         9216          576
         576           16           0.855        18432         1152
         576           32           0.824        36864         2304
         576           64           1.050        73728         4608
         576          128           1.495       147456         9216
         576          256           2.039       294912        18432
         576          512           3.202       589824        36864
         576         1024          16.669      1179648        73728
         576         2048          21.846      2359296       147456
         576         4096          29.627      4718592       294912
         576         8192          37.802      9437184       589824
         576        16384          82.318     18874368      1179648
         576        32768         144.005     37748736      2359296
         640            1           0.673         1280           80
         640            2           0.707         2560          160
         640            4           0.947         5120          320
         640            8           1.113        10240          640
         640           16           0.793        20480         1280
         640           32           0.841        40960         2560
         640           64           0.953        81920         5120
         640          128           1.447       163840        10240
         640          256           1.773       327680        20480
         640          512           3.162       655360        40960
         640         1024          17.408      1310720        81920
         640         2048          21.466      2621440       163840
         640         4096          18.405      5242880       327680
         640         8192          36.127     10485760       655360
         640        16384          71.179     20971520      1310720
         640        32768         143.121     41943040      2621440
         704            1           0.390         1408           88
         704            2           0.995         2816          176
         704            4           0.909         5632          352
         704            8           0.998        11264          704
         704           16           1.131        22528         1408
         704           32           1.193        45056         2816
         704           64           1.079        90112         5632
         704          128           1.468       180224        11264
         704          256           2.018       360448        22528
         704          512           3.235       720896        45056
         704         1024           5.285      1441792        90112
         704         2048           9.306      2883584       180224
         704         4096          18.487      5767168       360448
         704         8192          36.033     11534336       720896
         704        16384          71.721     23068672      1441792
         704        32768         143.135     46137344      2883584
         768            1           0.426         1536           96
         768            2           1.011         3072          192
         768            4           0.903         6144          384
         768            8           0.987        12288          768
         768           16           1.273        24576         1536
         768           32           0.937        49152         3072
         768           64           1.115        98304         6144
         768          128           1.371       196608        12288
         768          256           1.836       393216        24576
         768          512           2.895       786432        49152
         768         1024           5.447      1572864        98304
         768         2048           9.564      3145728       196608
         768         4096          18.687      6291456       393216
         768         8192          36.089     12582912       786432
         768        16384          90.316     25165824      1572864
         768        32768         144.379     50331648      3145728
         832            1           0.414         1664          104
         832            2           0.844         3328          208
         832            4           1.029         6656          416
         832            8           1.166        13312          832
         832           16           0.831        26624         1664
         832           32           0.939        53248         3328
         832           64           0.952       106496         6656
         832          128           1.424       212992        13312
         832          256           1.902       425984        26624
         832          512           3.160       851968        53248
         832         1024           5.132      1703936       106496
         832         2048           9.861      3407872       212992
         832         4096          19.130      6815744       425984
         832         8192          37.804     13631488       851968
         832        16384          74.950     27262976      1703936
         832        32768         191.959     54525952      3407872
         896            1           0.869         1792          112
         896            2           0.824         3584          224
         896            4           1.031         7168          448
         896            8           0.936        14336          896
         896           16           0.943        28672         1792
         896           32           0.904        57344         3584
         896           64           1.132       114688         7168
         896          128           1.314       229376        14336
         896          256           1.965       458752        28672
         896          512           3.321       917504        57344
         896         1024           6.047      1835008       114688
         896         2048          10.689      3670016       229376
         896         4096          20.121      7340032       458752
         896         8192          39.648     14680064       917504
         896        16384          78.744     29360128      1835008
         896        32768         156.937     58720256      3670016
         960            1           0.491         1920          120
         960            2           1.020         3840          240
         960            4           1.003         7680          480
         960            8           1.086        15360          960
         960           16           1.044        30720         1920
         960           32           0.816        61440         3840
         960           64           0.825       122880         7680
         960          128           1.264       245760        15360
         960          256           1.756       491520        30720
         960          512           3.218       983040        61440
         960         1024           5.612      1966080       122880
         960         2048          11.268      3932160       245760
         960         4096          21.926      7864320       491520
         960         8192          43.258     15728640       983040
         960        16384          85.795     31457280      1966080
        1024            1           0.610         2048          128
        1024            2           0.805         4096          256
        1024            4           0.746         8192          512
        1024            8           0.820        16384         1024
        1024           16           1.014        32768         2048
        1024           32           1.147        65536         4096
        1024           64           1.153       131072         8192
        1024          128           1.562       262144        16384
        1024          256           2.030       524288        32768
        1024          512           3.041      1048576        65536
        1024         1024           5.124      2097152       131072
        1024         2048           9.736      4194304       262144
        1024         4096          18.573      8388608       524288
        1024         8192          36.728     16777216      1048576
        1024        16384          75.169     33554432      2097152
        1088            1           0.412         2176          136
        1088            2           0.822         4352          272
        1088            4           1.058         8704          544
        1088            8           1.013        17408         1088
        1088           16           0.850        34816         2176
        1088           32           1.154        69632         4352
        1088           64           1.124       139264         8704
        1088          128           1.297       278528        17408
        1088          256           1.828       557056        34816
        1088          512           3.152      1114112        69632
        1088         1024           5.503      2228224       139264
        1088         2048          10.738      4456448       278528
        1088         4096          21.072      8912896       557056
        1088         8192          41.695     17825792      1114112
        1088        16384          83.339     35651584      2228224
        1152            1           0.444         2304          144
        1152            2           0.737         4608          288
        1152            4           0.943         9216          576
        1152            8           0.926        18432         1152
        1152           16           0.859        36864         2304
        1152           32           0.844        73728         4608
        1152           64           1.091       147456         9216
        1152          128           1.296       294912        18432
        1152          256           1.906       589824        36864
        1152          512           3.079      1179648        73728
        1152         1024           5.845      2359296       147456
        1152         2048          11.483      4718592       294912
        1152         4096          22.409      9437184       589824
        1152         8192          44.442     18874368      1179648
        1152        16384          88.331     37748736      2359296
        1216            1           0.668         2432          152
        1216            2           0.727         4864          304
        1216            4           1.006         9728          608
        1216            8           1.161        19456         1216
        1216           16           0.994        38912         2432
        1216           32           0.958        77824         4864
        1216           64           1.142       155648         9728
        1216          128           1.420       311296        19456
        1216          256           2.069       622592        38912
        1216          512           3.680      1245184        77824
        1216         1024           6.159      2490368       155648
        1216         2048          12.160      4980736       311296
        1216         4096          23.700      9961472       622592
        1216         8192          47.014     19922944      1245184
        1216        16384          93.234     39845888      2490368
        1280            1           0.883         2560          160
        1280            2           0.766         5120          320
        1280            4           0.988        10240          640
        1280            8           0.963        20480         1280
        1280           16           0.814        40960         2560
        1280           32           0.855        81920         5120
        1280           64           1.087       163840        10240
        1280          128           1.384       327680        20480
        1280          256           1.886       655360        40960
        1280          512           3.114      1310720        81920
        1280         1024           5.886      2621440       163840
        1280         2048          11.425      5242880       327680
        1280         4096          22.564     10485760       655360
        1280         8192          44.084     20971520      1310720
        1280        16384          87.885     41943040      2621440
        1408            1           0.577         2816          176
        1408            2           0.941         5632          352
        1408            4           0.834        11264          704
        1408            8           0.989        22528         1408
        1408           16           1.025        45056         2816
        1408           32           1.065        90112         5632
        1408           64           1.310       180224        11264
        1408          128           1.347       360448        22528
        1408          256           2.035       720896        45056
        1408          512           3.638      1441792        90112
        1408         1024           6.750      2883584       180224
        1408         2048          13.077      5767168       360448
        1408         4096          25.572     11534336       720896
        1408         8192          50.547     23068672      1441792
        1408        16384         100.932     46137344      2883584
        1536            1           1.383         3072          192
        1536            2           0.974         6144          384
        1536            4           0.953        12288          768
        1536            8           1.025        24576         1536
        1536           16           0.696        49152         3072
        1536           32           1.153        98304         6144
        1536           64           1.290       196608        12288
        1536          128           1.278       393216        24576
        1536          256           2.097       786432        49152
        1536          512           3.418      1572864        98304
        1536         1024           6.478      3145728       196608
        1536         2048          12.471      6291456       393216
        1536         4096          24.943     12582912       786432
        1536         8192          49.415     25165824      1572864
        1536        16384          98.237     50331648      3145728
        1664            1           0.300         3328          208
        1664            2           0.897         6656          416
        1664            4           0.650        13312          832
        1664            8           0.780        26624         1664
        1664           16           0.844        53248         3328
        1664           32           1.044       106496         6656
        1664           64           1.159       212992        13312
        1664          128           1.081       425984        26624
        1664          256           1.416       851968        53248
        1664          512           2.557      1703936       106496
        1664         1024           4.835      3407872       212992
        1664         2048           9.449      6815744       425984
        1664         4096          18.640     13631488       851968
        1664         8192          37.047     27262976      1703936
        1664        16384          73.694     54525952      3407872
        1792            1           0.643         3584          224
        1792            2           0.559         7168          448
        1792            4           0.672        14336          896
        1792            8           0.832        28672         1792
        1792           16           0.692        57344         3584
        1792           32           0.744       114688         7168
        1792           64           1.140       229376        14336
        1792          128           1.121       458752        28672
        1792          256           1.499       917504        57344
        1792          512           2.756      1835008       114688
        1792         1024           4.979      3670016       229376
        1792         2048           9.516      7340032       458752
        1792         4096          18.509     14680064       917504
        1792         8192          36.729     29360128      1835008
        1792        16384          73.257     58720256      3670016
        1920            1           0.296         3840          240
        1920            2           0.740         7680          480
        1920            4           0.679        15360          960
        1920            8           0.817        30720         1920
        1920           16           0.955        61440         3840
        1920           32           0.691       122880         7680
        1920           64           0.677       245760        15360
        1920          128           1.048       491520        30720
        1920          256           1.642       983040        61440
        1920          512           2.834      1966080       122880
        1920         1024           5.091      3932160       245760
        1920         2048           9.689      7864320       491520
        1920         4096          19.084     15728640       983040
        1920         8192          37.552     31457280      1966080
        2112            1           0.973         4224          264
        2112            2           0.861         8448          528
        2112            4           0.876        16896         1056
        2112            8           0.850        33792         2112
        2112           16           0.879        67584         4224
        2112           32           0.876       135168         8448
        2112           64           0.931       270336        16896
        2112          128           1.239       540672        33792
        2112          256           1.517      1081344        67584
        2112          512           2.831      2162688       135168
        2112         1024           5.325      4325376       270336
        2112         2048          10.137      8650752       540672
        2112         4096          19.906     17301504      1081344
        2112         8192          39.709     34603008      2162688
        2304            1           0.770         4608          288
        2304            2           0.699         9216          576
        2304            4           0.749        18432         1152
        2304            8           0.953        36864         2304
        2304           16           0.780        73728         4608
        2304           32           0.909       147456         9216
        2304           64           0.997       294912        18432
        2304          128           1.096       589824        36864
        2304          256           1.801      1179648        73728
        2304          512           3.365      2359296       147456
        2304         1024           6.086      4718592       294912
        2304         2048          11.906      9437184       589824
        2304         4096          23.104     18874368      1179648
        2304         8192          45.507     37748736      2359296
        2496            1           0.789         4992          312
        2496            2           0.829         9984          624
        2496            4           0.929        19968         1248
        2496            8           0.773        39936         2496
        2496           16           0.667        79872         4992
        2496           32           0.867       159744         9984
        2496           64           1.066       319488        19968
        2496          128           1.266       638976        39936
        2496          256           2.009      1277952        79872
        2496          512           3.370      2555904       159744
        2496         1024           6.209      5111808       319488
        2496         2048          11.620     10223616       638976
        2496         4096          23.179     20447232      1277952
        2496         8192          45.869     40894464      2555904
        2688            1           0.657         5376          336
        2688            2           0.639        10752          672
        2688            4           0.690        21504         1344
        2688            8           0.587        43008         2688
        2688           16           0.831        86016         5376
        2688           32           0.813       172032        10752
        2688           64           0.940       344064        21504
        2688          128           1.152       688128        43008
        2688          256           1.774      1376256        86016
        2688          512           3.330      2752512       172032
        2688         1024           6.490      5505024       344064
        2688         2048          12.318     11010048       688128
        2688         4096          23.976     22020096      1376256
        2688         8192          47.293     44040192      2752512
        2944            1           0.487         5888          368
        2944            2           0.745        11776          736
        2944            4           0.839        23552         1472
        2944            8           0.838        47104         2944
        2944           16           0.809        94208         5888
        2944           32           0.888       188416        11776
        2944           64           0.992       376832        23552
        2944          128           1.194       753664        47104
        2944          256           1.927      1507328        94208
        2944          512           3.750      3014656       188416
        2944         1024           6.979      6029312       376832
        2944         2048          13.442     12058624       753664
        2944         4096          26.458     24117248      1507328
        2944         8192          52.423     48234496      3014656
        3200            1           0.317         6400          400
        3200            2           0.641        12800          800
        3200            4           0.727        25600         1600
        3200            8           0.696        51200         3200
        3200           16           0.848       102400         6400
        3200           32           0.909       204800        12800
        3200           64           0.991       409600        25600
        3200          128           1.240       819200        51200
        3200          256           2.133      1638400       102400
        3200          512           3.773      3276800       204800
        3200         1024           7.248      6553600       409600
        3200         2048          14.018     13107200       819200
        3200         4096          27.505     26214400      1638400
        3200         8192          54.668     52428800      3276800
        3520            1           0.327         7040          440
        3520            2           0.648        14080          880
        3520            4           0.866        28160         1760
        3520            8           0.769        56320         3520
        3520           16           0.792       112640         7040
        3520           32           0.939       225280        14080
        3520           64           1.084       450560        28160
        3520          128           1.542       901120        56320
        3520          256           2.285      1802240       112640
        3520          512           4.210      3604480       225280
        3520         1024           7.980      7208960       450560
        3520         2048          15.381     14417920       901120
        3520         4096          30.233     28835840      1802240
        3520         8192          60.120     57671680      3604480
        3840            1           0.314         7680          480
        3840            2           0.754        15360          960
        3840            4           1.026        30720         1920
        3840            8           0.786        61440         3840
        3840           16           0.804       122880         7680
        3840           32           0.768       245760        15360
        3840           64           1.085       491520        30720
        3840          128           1.423       983040        61440
        3840          256           2.042      1966080       122880
        3840          512           3.983      3932160       245760
        3840         1024           7.253      7864320       491520
        3840         2048          13.832     15728640       983040
        3840         4096          27.179     31457280      1966080
        4224            1           0.343         8448          528
        4224            2           0.940        16896         1056
        4224            4           0.856        33792         2112
        4224            8           0.910        67584         4224
        4224           16           0.974       135168         8448
        4224           32           0.828       270336        16896
        4224           64           1.542       540672        33792
        4224          128           1.614      1081344        67584
        4224          256           2.426      2162688       135168
        4224          512           4.662      4325376       270336
        4224         1024           8.677      8650752       540672
        4224         2048          16.911     17301504      1081344
        4224         4096          33.165     34603008      2162688
        4608            1           0.327         9216          576
        4608            2           0.745        18432         1152
        4608            4           0.794        36864         2304
        4608            8           0.854        73728         4608
        4608           16           0.712       147456         9216
        4608           32           0.820       294912        18432
        4608           64           1.157       589824        36864
        4608          128           1.393      1179648        73728
        4608          256           2.466      2359296       147456
        4608          512           4.228      4718592       294912
        4608         1024           8.328      9437184       589824
        4608         2048          16.255     18874368      1179648
        4608         4096          31.966     37748736      2359296
        5056            1           0.948        10112          632
        5056            2           0.948        20224         1264
        5056            4           0.749        40448         2528
        5056            8           0.900        80896         5056
        5056           16           0.879       161792        10112
        5056           32           0.848       323584        20224
        5056           64           1.217       647168        40448
        5056          128           1.579      1294336        80896
        5056          256           2.707      2588672       161792
        5056          512           4.937      5177344       323584
        5056         1024           9.690     10354688       647168
        5056         2048          19.061     20709376      1294336
        5056         4096          37.461     41418752      2588672
        5504            1           0.733        11008          688
        5504            2           0.841        22016         1376
        5504            4           0.806        44032         2752
        5504            8           0.956        88064         5504
        5504           16           0.975       176128        11008
        5504           32           1.113       352256        22016
        5504           64           1.190       704512        44032
        5504          128           1.762      1409024        88064
        5504          256           2.717      2818048       176128
        5504          512           5.180      5636096       352256
        5504         1024          10.154     11272192       704512
        5504         2048          19.759     22544384      1409024
        5504         4096          38.979     45088768      2818048
        6016            1           1.078        12032          752
        6016            2           0.922        24064         1504
        6016            4           0.976        48128         3008
        6016            8           0.798        96256         6016
        6016           16           0.867       192512        12032
        6016           32           1.212       385024        24064
        6016           64           1.221       770048        48128
        6016          128           1.949      1540096        96256
        6016          256           3.013      3080192       192512
        6016          512           5.512      6160384       385024
        6016         1024          10.487     12320768       770048
        6016         2048          21.030     24641536      1540096
        6016         4096          41.553     49283072      3080192
        6592            1           0.759        13184          824
        6592            2           0.856        26368         1648
        6592            4           0.844        52736         3296
        6592            8           0.966       105472         6592
        6592           16           0.925       210944        13184
        6592           32           1.165       421888        26368
        6592           64           1.334       843776        52736
        6592          128           1.824      1687552       105472
        6592          256           3.089      3375104       210944
        6592          512           6.008      6750208       421888
        6592         1024          11.717     13500416       843776
        6592         2048          22.882     27000832      1687552
        6592         4096          45.019     54001664      3375104
        7232            1           0.342        14464          904
        7232            2           0.830        28928         1808
        7232            4           0.787        57856         3616
        7232            8           0.838       115712         7232
        7232           16           0.912       231424        14464
        7232           32           1.098       462848        28928
        7232           64           1.499       925696        57856
        7232          128           1.999      1851392       115712
        7232          256           3.328      3702784       231424
        7232          512           6.214      7405568       462848
        7232         1024          11.929     14811136       925696
        7232         2048          23.607     29622272      1851392
        7232         4096          46.820     59244544      3702784
        7936            1           1.158        15872          992
        7936            2           0.711        31744         1984
        7936            4           0.741        63488         3968
        7936            8           1.112       126976         7936
        7936           16           0.922       253952        15872
        7936           32           1.200       507904        31744
        7936           64           1.395      1015808        63488
        7936          128           1.988      2031616       126976
        7936          256           3.519      4063232       253952
        7936          512           6.877      8126464       507904
        7936         1024          12.986     16252928      1015808
        7936         2048          25.588     32505856      2031616
        8704            1           0.407        17408         1088
        8704            2           0.984        34816         2176
        8704            4           0.832        69632         4352
        8704            8           1.026       139264         8704
        8704           16           0.948       278528        17408
        8704           32           1.304       557056        34816
        8704           64           1.733      1114112        69632
        8704          128           2.696      2228224       139264
        8704          256           4.814      4456448       278528
        8704          512           8.685      8912896       557056
        8704         1024          17.042     17825792      1114112
        8704         2048          33.393     35651584      2228224
        9536            1           0.430        19072         1192
        9536            2           1.037        38144         2384
        9536            4           0.734        76288         4768
        9536            8           0.922       152576         9536
        9536           16           0.897       305152        19072
        9536           32           1.058       610304        38144
        9536           64           1.525      1220608        76288
        9536          128           2.472      2441216       152576
        9536          256           4.008      4882432       305152
        9536          512           7.828      9764864       610304
        9536         1024          17.517     19529728      1220608
        9536         2048          30.010     39059456      2441216
       10432            1           0.378        20864         1304
       10432            2           0.952        41728         2608
       10432            4           0.894        83456         5216
       10432            8           0.845       166912        10432
       10432           16           1.011       333824        20864
       10432           32           1.216       667648        41728
       10432           64           1.927      1335296        83456
       10432          128           2.973      2670592       166912
       10432          256           5.226      5341184       333824
       10432          512          10.093     10682368       667648
       10432         1024          19.711     21364736      1335296
       10432         2048          38.916     42729472      2670592
       11456            1           0.865        22912         1432
       11456            2           0.747        45824         2864
       11456            4           0.993        91648         5728
       11456            8           0.957       183296        11456
       11456           16           0.906       366592        22912
       11456           32           1.288       733184        45824
       11456           64           1.852      1466368        91648
       11456          128           3.226      2932736       183296
       11456          256           5.665      5865472       366592
       11456          512          10.630     11730944       733184
       11456         1024          20.716     23461888      1466368
       11456         2048          39.661     46923776      2932736
       12544            1           0.463        25088         1568
       12544            2           0.937        50176         3136
       12544            4           0.853       100352         6272
       12544            8           0.797       200704        12544
       12544           16           0.992       401408        25088
       12544           32           1.243       802816        50176
       12544           64           1.683      1605632       100352
       12544          128           2.782      3211264       200704
       12544          256           5.236      6422528       401408
       12544          512           9.813     12845056       802816
       12544         1024          19.022     25690112      1605632
       12544         2048          37.817     51380224      3211264
       13760            1           0.665        27520         1720
       13760            2           0.608        55040         3440
       13760            4           0.872       110080         6880
       13760            8           0.959       220160        13760
       13760           16           0.906       440320        27520
       13760           32           1.052       880640        55040
       13760           64           1.559      1761280       110080
       13760          128           2.526      3522560       220160
       13760          256           4.406      7045120       440320
       13760          512           8.380     14090240       880640
       13760         1024          16.084     28180480      1761280
       13760         2048          31.904     56360960      3522560
       15104            1           0.949        30208         1888
       15104            2           0.734        60416         3776
       15104            4           0.725       120832         7552
       15104            8           0.685       241664        15104
       15104           16           0.880       483328        30208
       15104           32           1.250       966656        60416
       15104           64           1.700      1933312       120832
       15104          128           2.720      3866624       241664
       15104          256           4.654      7733248       483328
       15104          512           8.854     15466496       966656
       15104         1024          17.356     30932992      1933312
       15104         2048          34.265     61865984      3866624
       16576            1           1.232        33152         2072
       16576            2           0.895        66304         4144
       16576            4           0.816       132608         8288
       16576            8           0.920       265216        16576
       16576           16           1.201       530432        33152
       16576           32           1.179      1060864        66304
       16576           64           1.878      2121728       132608
       16576          128           2.828      4243456       265216
       16576          256           5.220      8486912       530432
       16576          512           9.711     16973824      1060864
       16576         1024          18.879     33947648      2121728
       18176            1           0.615        36352         2272
       18176            2           0.922        72704         4544
       18176            4           0.876       145408         9088
       18176            8           0.964       290816        18176
       18176           16           0.987       581632        36352
       18176           32           1.321      1163264        72704
       18176           64           1.937      2326528       145408
       18176          128           2.899      4653056       290816
       18176          256           5.402      9306112       581632
       18176          512          10.371     18612224      1163264
       18176         1024          20.383     37224448      2326528
       19968            1           0.672        39936         2496
       19968            2           0.902        79872         4992
       19968            4           0.945       159744         9984
       19968            8           0.942       319488        19968
       19968           16           1.115       638976        39936
       19968           32           1.491      1277952        79872
       19968           64           2.190      2555904       159744
       19968          128           3.832      5111808       319488
       19968          256           6.526     10223616       638976
       19968          512          12.628     20447232      1277952
       19968         1024          29.038     40894464      2555904
       21952            1           1.260        43904         2744
       21952            2           0.879        87808         5488
       21952            4           1.021       175616        10976
       21952            8           1.064       351232        21952
       21952           16           1.099       702464        43904
       21952           32           1.307      1404928        87808
       21952           64           2.398      2809856       175616
       21952          128           3.901      5619712       351232
       21952          256           7.316     11239424       702464
       21952          512          13.715     22478848      1404928
       21952         1024          26.574     44957696      2809856
       24128            1           0.477        48256         3016
       24128            2           0.943        96512         6032
       24128            4           0.761       193024        12064
       24128            8           0.909       386048        24128
       24128           16           1.033       772096        48256
       24128           32           1.553      1544192        96512
       24128           64           2.423      3088384       193024
       24128          128           3.968      6176768       386048
       24128          256           6.916     12353536       772096
       24128          512          13.318     24707072      1544192
       24128         1024          26.483     49414144      3088384
       26496            1           0.709        52992         3312
       26496            2           0.898       105984         6624
       26496            4           0.706       211968        13248
       26496            8           1.304       423936        26496
       26496           16           1.183       847872        52992
       26496           32           1.652      1695744       105984
       26496           64           2.546      3391488       211968
       26496          128           4.459      6782976       423936
       26496          256           8.222     13565952       847872
       26496          512          15.919     27131904      1695744
       26496         1024          31.298     54263808      3391488
       29120            1           0.441        58240         3640
       29120            2           0.816       116480         7280
       29120            4           0.910       232960        14560
       29120            8           0.964       465920        29120
       29120           16           1.363       931840        58240
       29120           32           1.822      1863680       116480
       29120           64           3.660      3727360       232960
       29120          128           6.738      7454720       465920
       29120          256          10.490     14909440       931840
       29120          512          17.451     29818880      1863680
       29120         1024          34.569     59637760      3727360
       32000            1           1.339        64000         4000
       32000            2           0.801       128000         8000
       32000            4           0.814       256000        16000
       32000            8           1.024       512000        32000
       32000           16           1.334      1024000        64000
       32000           32           1.739      2048000       128000
       32000           64           3.094      4096000       256000
       32000          128           5.608      8192000       512000
       32000          256          10.698     16384000      1024000
       32000          512          20.973     32768000      2048000
       35200            1           0.918        70400         4400
       35200            2           0.830       140800         8800
       35200            4           0.898       281600        17600
       35200            8           1.049       563200        35200
       35200           16           1.281      1126400        70400
       35200           32           1.897      2252800       140800
       35200           64           3.291      4505600       281600
       35200          128           6.082      9011200       563200
       35200          256          11.830     18022400      1126400
       35200          512          22.896     36044800      2252800
       38720            1           0.783        77440         4840
       38720            2           0.798       154880         9680
       38720            4           0.876       309760        19360
       38720            8           1.333       619520        38720
       38720           16           1.608      1239040        77440
       38720           32           2.028      2478080       154880
       38720           64           3.537      4956160       309760
       38720          128           6.469      9912320       619520
       38720          256          12.555     19824640      1239040
       38720          512          24.014     39649280      2478080
       42560            1           0.988        85120         5320
       42560            2           0.724       170240        10640
       42560            4           0.921       340480        21280
       42560            8           1.068       680960        42560
       42560           16           1.495      1361920        85120
       42560           32           2.286      2723840       170240
       42560           64           3.761      5447680       340480
       42560          128           6.947     10895360       680960
       42560          256          54.202     21790720      1361920
       42560          512          27.330     43581440      2723840
       46784            1           0.871        93568         5848
       46784            2           0.624       187136        11696
       46784            4           1.196       374272        23392
       46784            8           1.225       748544        46784
       46784           16           1.555      1497088        93568
       46784           32           2.454      2994176       187136
       46784           64           4.094      5988352       374272
       46784          128           7.696     11976704       748544
       46784          256          15.300     23953408      1497088
       46784          512          30.254     47906816      2994176
       51456            1           1.331       102912         6432
       51456            2           0.949       205824        12864
       51456            4           1.212       411648        25728
       51456            8           1.146       823296        51456
       51456           16           1.574      1646592       102912
       51456           32           2.531      3293184       205824
       51456           64           4.692      6586368       411648
       51456          128           8.896     13172736       823296
       51456          256          17.181     26345472      1646592
       51456          512          33.699     52690944      3293184
       56576            1           0.630       113152         7072
       56576            2           0.820       226304        14144
       56576            4           0.970       452608        28288
       56576            8           1.292       905216        56576
       56576           16           1.868      1810432       113152
       56576           32           2.655      3620864       226304
       56576           64           4.621      7241728       452608
       56576          128           8.488     14483456       905216
       56576          256          16.434     28966912      1810432
       56576          512          36.498     57933824      3620864
       62208            1           0.697       124416         7776
       62208            2           0.930       248832        15552
       62208            4           1.051       497664        31104
       62208            8           1.240       995328        62208
       62208           16           1.674      1990656       124416
       62208           32           2.792      3981312       248832
       62208           64           4.875      7962624       497664
       62208          128           9.216     15925248       995328
       62208          256          17.990     31850496      1990656
       68416            1           1.110       136832         8552
       68416            2           0.988       273664        17104
       68416            4           1.045       547328        34208
       68416            8           1.427      1094656        68416
       68416           16           1.868      2189312       136832
       68416           32           3.109      4378624       273664
       68416           64           5.435      8757248       547328
       68416          128          10.146     17514496      1094656
       68416          256          20.521     35028992      2189312
       75200            1           0.780       150400         9400
       75200            2           1.038       300800        18800
       75200            4           1.208       601600        37600
       75200            8           1.345      1203200        75200
       75200           16           2.120      2406400       150400
       75200           32           3.757      4812800       300800
       75200           64           5.945      9625600       601600
       75200          128          11.231     19251200      1203200
       75200          256          22.608     38502400      2406400
       82688            1           1.433       165376        10336
       82688            2           0.995       330752        20672
       82688            4           1.139       661504        41344
       82688            8           1.407      1323008        82688
       82688           16           2.411      2646016       165376
       82688           32           3.657      5292032       330752
       82688           64           6.520     10584064       661504
       82688          128          12.440     21168128      1323008
       82688          256          24.478     42336256      2646016
       90944            1           0.892       181888        11368
       90944            2           1.031       363776        22736
       90944            4           1.363       727552        45472
       90944            8           1.457      1455104        90944
       90944           16           2.398      2910208       181888
       90944           32           3.826      5820416       363776
       90944           64           7.030     11640832       727552
       90944          128          13.376     23281664      1455104
       90944          256          26.820     46563328      2910208
      100032            1           1.386       200064        12504
      100032            2           1.059       400128        25008
      100032            4           1.281       800256        50016
      100032            8           1.639      1600512       100032
      100032           16           2.549      3201024       200064
      100032           32           4.443      6402048       400128
      100032           64           7.923     12804096       800256
      100032          128          15.234     25608192      1600512
      100032          256          29.302     51216384      3201024
      110016            1           1.308       220032        13752
      110016            2           1.016       440064        27504
      110016            4           1.209       880128        55008
      110016            8           1.747      1760256       110016
      110016           16           2.666      3520512       220032
      110016           32           4.643      7041024       440064
      110016           64           8.660     14082048       880128
      110016          128          16.289     28164096      1760256
      110016          256          32.209     56328192      3520512
      120960            1           1.330       241920        15120
      120960            2           1.130       483840        30240
      120960            4           1.143       967680        60480
      120960            8           1.871      1935360       120960
      120960           16           2.682      3870720       241920
      120960           32           4.854      7741440       483840
      120960           64           9.090     15482880       967680
      120960          128          17.762     30965760      1935360
      120960          256          34.910     61931520      3870720
      133056            1           1.604       266112        16632
      133056            2           1.175       532224        33264
      133056            4           1.377      1064448        66528
      133056            8           1.970      2128896       133056
      133056           16           3.042      4257792       266112
      133056           32           5.388      8515584       532224
      133056           64          10.009     17031168      1064448
      133056          128          19.678     34062336      2128896
      146304            1           1.521       292608        18288
      146304            2           1.365       585216        36576
      146304            4           1.538      1170432        73152
      146304            8           2.144      2340864       146304
      146304           16           3.336      4681728       292608
      146304           32           6.043      9363456       585216
      146304           64          10.948     18726912      1170432
      146304          128          21.304     37453824      2340864
      160896            1           1.741       321792        20112
      160896            2           1.385       643584        40224
      160896            4           1.616      1287168        80448
      160896            8           2.282      2574336       160896
      160896           16           3.648      5148672       321792
      160896           32           6.297     10297344       643584
      160896           64          11.772     20594688      1287168
      160896          128          23.512     41189376      2574336
      176960            1           1.822       353920        22120
      176960            2           1.305       707840        44240
      176960            4           1.679      1415680        88480
      176960            8           2.495      2831360       176960
      176960           16           3.810      5662720       353920
      176960           32           6.901     11325440       707840
      176960           64          12.784     22650880      1415680
      176960          128          25.785     45301760      2831360
      194624            1           1.706       389248        24328
      194624            2           1.318       778496        48656
      194624            4           1.613      1556992        97312
      194624            8           2.829      3113984       194624
      194624           16           4.259      6227968       389248
      194624           32           7.521     12455936       778496
      194624           64          14.342     24911872      1556992
      194624          128          28.201     49823744      3113984
      214080            1           2.724       428160        26760
      214080            2           1.399       856320        53520
      214080            4           1.934      1712640       107040
      214080            8           2.807      3425280       214080
      214080           16           4.583      6850560       428160
      214080           32           8.205     13701120       856320
      214080           64          15.416     27402240      1712640
      214080          128          30.042     54804480      3425280
      235456            1           2.823       470912        29432
      235456            2           1.628       941824        58864
      235456            4           2.345      1883648       117728
      235456            8           3.076      3767296       235456
      235456           16           5.243      7534592       470912
      235456           32           9.102     15069184       941824
      235456           64          17.337     30138368      1883648
      235456          128          33.460     60276736      3767296
      258944            1           2.686       517888        32368
      258944            2           1.728      1035776        64736
      258944            4           2.361      2071552       129472
      258944            8           3.449      4143104       258944
      258944           16           5.520      8286208       517888
      258944           32          10.284     16572416      1035776
      258944           64          19.032     33144832      2071552
      284800            1           3.282       569600        35600
      284800            2           1.890      1139200        71200
      284800            4           2.589      2278400       142400
      284800            8           4.329      4556800       284800
      284800           16           7.867      9113600       569600
      284800           32          14.757     18227200      1139200
      284800           64          32.344     36454400      2278400
      313280            1           3.205       626560        39160
      313280            2           2.153      1253120        78320
      313280            4           3.251      2506240       156640
      313280            8           5.155      5012480       313280
      313280           16           9.104     10024960       626560
      313280           32          16.890     20049920      1253120
      313280           64          33.434     40099840      2506240
      344576            1           3.469       689152        43072
      344576            2           2.332      1378304        86144
      344576            4           3.558      2756608       172288
      344576            8           5.948      5513216       344576
      344576           16          10.292     11026432       689152
      344576           32          19.819     22052864      1378304
      344576           64          38.899     44105728      2756608
      379008            1           4.853       758016        47376
      379008            2           2.265      1516032        94752
      379008            4           3.753      3032064       189504
      379008            8           6.325      6064128       379008
      379008           16          11.410     12128256       758016
      379008           32          21.962     24256512      1516032
      379008           64          43.015     48513024      3032064
      416896            1           4.518       833792        52112
      416896            2           2.705      1667584       104224
      416896            4           4.156      3335168       208448
      416896            8           6.908      6670336       416896
      416896           16          12.611     13340672       833792
      416896           32          24.222     26681344      1667584
      416896           64          47.082     53362688      3335168
      458560            1           4.816       917120        57320
      458560            2           2.755      1834240       114640
      458560            4           4.461      3668480       229280
      458560            8           7.508      7336960       458560
      458560           16          13.819     14673920       917120
      458560           32          26.335     29347840      1834240
      458560           64          51.590     58695680      3668480
      504384            1           5.182      1008768        63048
      504384            2           2.839      2017536       126096
      504384            4           4.749      4035072       252192
      504384            8           8.331      8070144       504384
      504384           16          15.040     16140288      1008768
      504384           32          29.049     32280576      2017536
      554816            1           5.871      1109632        69352
      554816            2           3.329      2219264       138704
      554816            4           5.170      4438528       277408
      554816            8           9.072      8877056       554816
      554816           16          16.319     17754112      1109632
      554816           32          31.779     35508224      2219264
      610240            1           6.555      1220480        76280
      610240            2           3.503      2440960       152560
      610240            4           5.729      4881920       305120
      610240            8           9.850      9763840       610240
      610240           16          18.262     19527680      1220480
      610240           32          37.078     39055360      2440960
      671232            1           7.011      1342464        83904
      671232            2           3.498      2684928       167808
      671232            4           6.061      5369856       335616
      671232            8          10.772     10739712       671232
      671232           16          19.772     21479424      1342464
      671232           32          38.123     42958848      2684928
      738304            1           7.403      1476608        92288
      738304            2           4.123      2953216       184576
      738304            4           6.608      5906432       369152
      738304            8          11.453     11812864       738304
      738304           16          21.699     23625728      1476608
      738304           32          42.024     47251456      2953216
      812096            1           8.203      1624192       101512
      812096            2           4.372      3248384       203024
      812096            4           7.244      6496768       406048
      812096            8          12.817     12993536       812096
      812096           16          24.030     25987072      1624192
      812096           32          45.993     51974144      3248384
      893248            1           8.373      1786496       111656
      893248            2           4.837      3572992       223312
      893248            4           7.947      7145984       446624
      893248            8          13.851     14291968       893248
      893248           16          26.407     28583936      1786496
      893248           32          50.673     57167872      3572992
      982528            1           9.157      1965056       122816
      982528            2           4.911      3930112       245632
      982528            4           8.751      7860224       491264
      982528            8          15.263     15720448       982528
      982528           16          28.746     31440896      1965056
     1080768            1          11.111      2161536       135096
     1080768            2           5.509      4323072       270192
     1080768            4           9.304      8646144       540384
     1080768            8          16.819     17292288      1080768
     1080768           16          31.444     34584576      2161536
     1188800            1          11.163      2377600       148600
     1188800            2           6.188      4755200       297200
     1188800            4          10.252      9510400       594400
     1188800            8          18.089     19020800      1188800
     1188800           16          34.407     38041600      2377600
     1307648            1          13.213      2615296       163456
     1307648            2           6.690      5230592       326912
     1307648            4          11.270     10461184       653824
     1307648            8          20.047     20922368      1307648
     1307648           16          39.768     41844736      2615296
     1438400            1          15.727      2876800       179800
     1438400            2           7.060      5753600       359600
     1438400            4          11.965     11507200       719200
     1438400            8          22.039     23014400      1438400
     1438400           16          41.526     46028800      2876800
     1582208            1          16.025      3164416       197776
     1582208            2           7.940      6328832       395552
     1582208            4          13.418     12657664       791104
     1582208            8          24.132     25315328      1582208
     1582208           16          45.638     50630656      3164416
     1740416            1          17.907      3480832       217552
     1740416            2           8.818      6961664       435104
     1740416            4          14.722     13923328       870208
     1740416            8          26.438     27846656      1740416
     1740416           16          50.330     55693312      3480832
     1914432            1          19.913      3828864       239304
     1914432            2           9.504      7657728       478608
     1914432            4          16.115     15315456       957216
     1914432            8          28.928     30630912      1914432
     1914432           16          55.040     61261824      3828864
     2105856            1          20.700      4211712       263232
     2105856            2          10.436      8423424       526464
     2105856            4          17.658     16846848      1052928
     2105856            8          31.693     33693696      2105856
     2316416            1          22.962      4632832       289552
     2316416            2          11.486      9265664       579104
     2316416            4          19.193     18531328      1158208
     2316416            8          34.931     37062656      2316416
     2548032            1          25.274      5096064       318504
     2548032            2          12.356     10192128       637008
     2548032            4          21.062     20384256      1274016
     2548032            8          38.368     40768512      2548032
     2802816            1          28.744      5605632       350352
     2802816            2          13.536     11211264       700704
     2802816            4          25.651     22422528      1401408
     2802816            8          43.819     44845056      2802816
     3083072            1          31.497      6166144       385384
     3083072            2          14.962     12332288       770768
     3083072            4          25.417     24664576      1541536
     3083072            8          46.333     49329152      3083072
     3391360            1          33.384      6782720       423920
     3391360            2          16.588     13565440       847840
     3391360            4          27.844     27130880      1695680
     3391360            8          59.651     54261760      3391360
     3730496            1          36.211      7460992       466312
     3730496            2          17.879     14921984       932624
     3730496            4          30.460     29843968      1865248
     3730496            8          55.735     59687936      3730496
     4103488            1          40.343      8206976       512936
     4103488            2          20.314     16413952      1025872
     4103488            4          33.497     32827904      2051744
     4513792            1          44.993      9027584       564224
     4513792            2          24.346     18055168      1128448
     4513792            4          37.640     36110336      2256896
     4965120            1          49.216      9930240       620640
     4965120            2          26.529     19860480      1241280
     4965120            4          41.625     39720960      2482560
     5461632            1          53.275     10923264       682704
     5461632            2          30.296     21846528      1365408
     5461632            4          47.963     43693056      2730816
     6007744            1          63.535     12015488       750968
     6007744            2          37.227     24030976      1501936
     6007744            4          57.962     48061952      3003872
     6608512            1          64.510     13217024       826064
     6608512            2          39.766     26434048      1652128
     6608512            4          61.174     52868096      3304256
     7269312            1          71.962     14538624       908664
     7269312            2          47.806     29077248      1817328
     7269312            4          72.689     58154496      3634656
     7996224            1          70.994     15992448       999528
     7996224            2          56.327     31984896      1999056
     8795840            1          76.486     17591680      1099480
     8795840            2          71.436     35183360      2198960
     9675392            1          79.309     19350784      1209424
     9675392            2          91.021     38701568      2418848
    10642880            1          84.073     21285760      1330360
    10642880            2         103.928     42571520      2660720
    11707136            1          89.860     23414272      1463392
    11707136            2         124.059     46828544      2926784
    12877824            1          97.517     25755648      1609728
    12877824            2         144.580     51511296      3219456
    14165568            1         111.939     28331136      1770696
    14165568            2         165.531     56662272      3541392
    15582080            1         116.659     31164160      1947760
    17140288            1         139.174     34280576      2142536
    18854272            1         157.400     37708544      2356784
    20739648            1         177.743     41479296      2592456
    22813568            1         202.694     45627136      2851696
    25094912            1         240.558     50189824      3136864
    27604352            1         302.101     55208704      3450544
    30364736            1         329.311     60729472      3795592

META_DATA
FLOPS          1
OPENMP_THREADS 8
ERT_VERSION  1.1.0
HOSTNAME  ('cirrus4.computing.clemson.edu', ['cirrus4'], ['127.0.1.1'])
UNAME  uname_result(system='Linux', node='cirrus4.computing.clemson.edu', release='5.4.0-81-generic', version='#91-Ubuntu SMP Thu Jul 15 19:09:17 UTC 2021', machine='x86_64', processor='x86_64')
TIMESTAMP_DATA  1632245394.0151176
CONFIG  {'ERT_RESULTS': ['Results.cs.clemson.edu'], 'ERT_DRIVER': ['driver1'], 'ERT_KERNEL': ['kernel1'], 'ERT_MPI': ['False'], 'ERT_MPI_CFLAGS': [], 'ERT_MPI_LDFLAGS': [], 'ERT_OPENMP': ['True'], 'ERT_OPENMP_CFLAGS': ['-fopenmp'], 'ERT_OPENMP_LDFLAGS': ['-fopenmp'], 'ERT_FLOPS': ['1,2,4'], 'ERT_ALIGN': ['32'], 'ERT_CC': ['g++'], 'ERT_CFLAGS': ['-O3', '-std=c++11', '-fstrict-aliasing', '-march=native'], 'ERT_LD': ['g++'], 'ERT_LDFLAGS': [], 'ERT_LDLIBS': [], 'ERT_PRECISION': ['FP64'], 'ERT_RUN': ['export', 'OMP_NUM_THREADS=ERT_OPENMP_THREADS;', 'export', 'OMP_PLACES=threads;', 'export', 'OMP_PROC_BIND=spread;', './ERT_CODE'], 'ERT_PROCS_THREADS': ['8'], 'ERT_MPI_PROCS': ['2,4,8'], 'ERT_OPENMP_THREADS': ['1-8'], 'ERT_NUM_EXPERIMENTS': ['5'], 'ERT_MEMORY_MAX': ['31000000'], 'ERT_WORKING_SET_MIN': ['1'], 'ERT_TRIALS_MIN': ['1'], 'ERT_GNUPLOT': ['gnuplot'], 'ERT_GPU': [False], 'ERT_HIP': [False], 'ERT_OCL': [False], 'ERT_SYCL': [False], 'ERT_WSS_MULT': [1.1]}
