fp64
          64            1           1.631          128            8
          64            2           1.003          256           16
          64            4           1.021          512           32
          64            8           1.174         1024           64
          64           16           1.116         2048          128
          64           32           1.170         4096          256
          64           64           1.481         8192          512
          64          128           1.565        16384         1024
          64          256           2.737        32768         2048
          64          512           4.069        65536         4096
          64         1024           7.043       131072         8192
          64         2048          13.008       262144        16384
          64         4096          25.234       524288        32768
          64         8192          49.190      1048576        65536
          64        16384          97.352      2097152       131072
          64        32768         194.009      4194304       262144
          64        65536         406.629      8388608       524288
          64       131072         775.655     16777216      1048576
          64       262144        1550.131     33554432      2097152
         128            1           0.647          256           16
         128            2           0.736          512           32
         128            4           1.059         1024           64
         128            8           1.012         2048          128
         128           16           0.949         4096          256
         128           32           1.145         8192          512
         128           64           1.039        16384         1024
         128          128           1.701        32768         2048
         128          256           2.419        65536         4096
         128          512           4.000       131072         8192
         128         1024           7.201       262144        16384
         128         2048          13.436       524288        32768
         128         4096          25.784      1048576        65536
         128         8192          50.862      2097152       131072
         128        16384         100.930      4194304       262144
         128        32768         213.694      8388608       524288
         128        65536         370.197     16777216      1048576
         128       131072         750.314     33554432      2097152
         192            1           1.343          384           24
         192            2           0.960          768           48
         192            4           1.141         1536           96
         192            8           1.098         3072          192
         192           16           1.065         6144          384
         192           32           1.184        12288          768
         192           64           1.066        24576         1536
         192          128           1.764        49152         3072
         192          256           2.323        98304         6144
         192          512           3.662       196608        12288
         192         1024           6.929       393216        24576
         192         2048          13.386       786432        49152
         192         4096          25.431      1572864        98304
         192         8192          46.533      3145728       196608
         192        16384         108.620      6291456       393216
         192        32768         183.635     12582912       786432
         192        65536         368.963     25165824      1572864
         192       131072         739.883     50331648      3145728
         256            1           0.774          512           32
         256            2           1.077         1024           64
         256            4           0.961         2048          128
         256            8           0.958         4096          256
         256           16           1.027         8192          512
         256           32           1.203        16384         1024
         256           64           1.342        32768         2048
         256          128           1.785        65536         4096
         256          256           2.252       131072         8192
         256          512           4.003       262144        16384
         256         1024           7.289       524288        32768
         256         2048          13.506      1048576        65536
         256         4096          26.189      2097152       131072
         256         8192          51.816      4194304       262144
         256        16384         103.209      8388608       524288
         256        32768         205.849     16777216      1048576
         256        65536         411.643     33554432      2097152
         320            1           1.131          640           40
         320            2           0.950         1280           80
         320            4           1.157         2560          160
         320            8           0.782         5120          320
         320           16           0.892        10240          640
         320           32           1.232        20480         1280
         320           64           1.376        40960         2560
         320          128           1.645        81920         5120
         320          256           2.489       163840        10240
         320          512           3.630       327680        20480
         320         1024           7.020       655360        40960
         320         2048          13.427      1310720        81920
         320         4096          26.403      2621440       163840
         320         8192          51.999      5242880       327680
         320        16384         103.574     10485760       655360
         320        32768         209.445     20971520      1310720
         320        65536         412.570     41943040      2621440
         384            1           0.856          768           48
         384            2           0.691         1536           96
         384            4           0.974         3072          192
         384            8           1.204         6144          384
         384           16           1.080        12288          768
         384           32           1.153        24576         1536
         384           64           1.283        49152         3072
         384          128           1.682        98304         6144
         384          256           2.106       196608        12288
         384          512           3.822       393216        24576
         384         1024           7.101       786432        49152
         384         2048          13.586      1572864        98304
         384         4096          26.447      3145728       196608
         384         8192          52.521      6291456       393216
         384        16384         154.526     12582912       786432
         384        32768         213.614     25165824      1572864
         384        65536         429.799     50331648      3145728
         448            1           0.852          896           56
         448            2           0.660         1792          112
         448            4           1.021         3584          224
         448            8           1.064         7168          448
         448           16           1.062        14336          896
         448           32           1.202        28672         1792
         448           64           1.093        57344         3584
         448          128           1.656       114688         7168
         448          256           2.368       229376        14336
         448          512           3.783       458752        28672
         448         1024           7.172       917504        57344
         448         2048          13.559      1835008       114688
         448         4096          26.597      3670016       229376
         448         8192          52.247      7340032       458752
         448        16384         104.366     14680064       917504
         448        32768         220.783     29360128      1835008
         448        65536         415.395     58720256      3670016
         512            1           1.085         1024           64
         512            2           1.239         2048          128
         512            4           0.922         4096          256
         512            8           0.896         8192          512
         512           16           1.175        16384         1024
         512           32           1.249        32768         2048
         512           64           1.351        65536         4096
         512          128           1.752       131072         8192
         512          256           2.254       262144        16384
         512          512           3.979       524288        32768
         512         1024           7.277      1048576        65536
         512         2048          13.350      2097152       131072
         512         4096          26.281      4194304       262144
         512         8192          51.759      8388608       524288
         512        16384         117.051     16777216      1048576
         512        32768         207.502     33554432      2097152
         576            1           0.984         1152           72
         576            2           1.077         2304          144
         576            4           0.858         4608          288
         576            8           1.013         9216          576
         576           16           1.025        18432         1152
         576           32           1.099        36864         2304
         576           64           1.362        73728         4608
         576          128           1.704       147456         9216
         576          256           2.613       294912        18432
         576          512           3.575       589824        36864
         576         1024          19.891      1179648        73728
         576         2048          13.502      2359296       147456
         576         4096          38.974      4718592       294912
         576         8192          64.091      9437184       589824
         576        16384          83.157     18874368      1179648
         576        32768         134.960     37748736      2359296
         640            1           0.430         1280           80
         640            2           2.112         2560          160
         640            4           0.921         5120          320
         640            8           0.835        10240          640
         640           16           1.056        20480         1280
         640           32           0.965        40960         2560
         640           64           1.076        81920         5120
         640          128           1.319       163840        10240
         640          256           1.783       327680        20480
         640          512           2.875       655360        40960
         640         1024          17.404      1310720        81920
         640         2048          21.248      2621440       163840
         640         4096          17.542      5242880       327680
         640         8192          34.079     10485760       655360
         640        16384          70.792     20971520      1310720
         640        32768         135.129     41943040      2621440
         704            1           0.373         1408           88
         704            2           1.200         2816          176
         704            4           0.817         5632          352
         704            8           1.076        11264          704
         704           16           0.854        22528         1408
         704           32           0.835        45056         2816
         704           64           1.238        90112         5632
         704          128           1.290       180224        11264
         704          256           1.726       360448        22528
         704          512           2.602       720896        45056
         704         1024           4.893      1441792        90112
         704         2048           9.146      2883584       180224
         704         4096          17.218      5767168       360448
         704         8192          34.297     11534336       720896
         704        16384          67.962     23068672      1441792
         704        32768         135.168     46137344      2883584
         768            1           0.801         1536           96
         768            2           0.758         3072          192
         768            4           0.757         6144          384
         768            8           0.845        12288          768
         768           16           0.855        24576         1536
         768           32           1.027        49152         3072
         768           64           1.077        98304         6144
         768          128           1.337       196608        12288
         768          256           1.688       393216        24576
         768          512           2.751       786432        49152
         768         1024           4.656      1572864        98304
         768         2048           9.096      3145728       196608
         768         4096          17.633      6291456       393216
         768         8192          34.603     12582912       786432
         768        16384          71.292     25165824      1572864
         768        32768         135.016     50331648      3145728
         832            1           0.430         1664          104
         832            2           0.807         3328          208
         832            4           0.813         6656          416
         832            8           0.790        13312          832
         832           16           1.022        26624         1664
         832           32           1.044        53248         3328
         832           64           1.212       106496         6656
         832          128           1.331       212992        13312
         832          256           1.825       425984        26624
         832          512           2.903       851968        53248
         832         1024           4.991      1703936       106496
         832         2048           9.494      3407872       212992
         832         4096          18.202      6815744       425984
         832         8192          35.989     13631488       851968
         832        16384          71.294     27262976      1703936
         832        32768         158.892     54525952      3407872
         896            1           0.799         1792          112
         896            2           0.821         3584          224
         896            4           0.835         7168          448
         896            8           0.883        14336          896
         896           16           0.957        28672         1792
         896           32           0.785        57344         3584
         896           64           1.134       114688         7168
         896          128           1.172       229376        14336
         896          256           2.011       458752        28672
         896          512           2.973       917504        57344
         896         1024           5.051      1835008       114688
         896         2048          10.213      3670016       229376
         896         4096          19.187      7340032       458752
         896         8192          37.729     14680064       917504
         896        16384          75.049     29360128      1835008
         896        32768         149.113     58720256      3670016
         960            1           0.680         1920          120
         960            2           0.631         3840          240
         960            4           1.044         7680          480
         960            8           0.906        15360          960
         960           16           1.017        30720         1920
         960           32           0.941        61440         3840
         960           64           1.111       122880         7680
         960          128           1.323       245760        15360
         960          256           1.687       491520        30720
         960          512           2.854       983040        61440
         960         1024           5.347      1966080       122880
         960         2048          10.531      3932160       245760
         960         4096          21.235      7864320       491520
         960         8192          41.053     15728640       983040
         960        16384          81.386     31457280      1966080
        1024            1           0.892         2048          128
        1024            2           0.897         4096          256
        1024            4           1.043         8192          512
        1024            8           0.910        16384         1024
        1024           16           0.861        32768         2048
        1024           32           0.936        65536         4096
        1024           64           1.093       131072         8192
        1024          128           1.036       262144        16384
        1024          256           1.832       524288        32768
        1024          512           2.808      1048576        65536
        1024         1024           5.057      2097152       131072
        1024         2048           9.158      4194304       262144
        1024         4096          17.761      8388608       524288
        1024         8192          34.612     16777216      1048576
        1024        16384          69.134     33554432      2097152
        1088            1           1.052         2176          136
        1088            2           0.878         4352          272
        1088            4           0.911         8704          544
        1088            8           1.080        17408         1088
        1088           16           0.731        34816         2176
        1088           32           0.985        69632         4352
        1088           64           1.236       139264         8704
        1088          128           1.277       278528        17408
        1088          256           1.839       557056        34816
        1088          512           3.186      1114112        69632
        1088         1024           5.153      2228224       139264
        1088         2048          10.387      4456448       278528
        1088         4096          20.228      8912896       557056
        1088         8192          39.880     17825792      1114112
        1088        16384          79.224     35651584      2228224
        1152            1           0.391         2304          144
        1152            2           0.885         4608          288
        1152            4           0.970         9216          576
        1152            8           1.015        18432         1152
        1152           16           0.778        36864         2304
        1152           32           1.049        73728         4608
        1152           64           0.956       147456         9216
        1152          128           1.413       294912        18432
        1152          256           2.000       589824        36864
        1152          512           3.148      1179648        73728
        1152         1024           5.871      2359296       147456
        1152         2048          10.940      4718592       294912
        1152         4096          21.383      9437184       589824
        1152         8192          42.341     18874368      1179648
        1152        16384          83.899     37748736      2359296
        1216            1           0.375         2432          152
        1216            2           0.781         4864          304
        1216            4           0.785         9728          608
        1216            8           0.796        19456         1216
        1216           16           0.815        38912         2432
        1216           32           1.111        77824         4864
        1216           64           1.218       155648         9728
        1216          128           1.482       311296        19456
        1216          256           2.021       622592        38912
        1216          512           3.386      1245184        77824
        1216         1024           5.838      2490368       155648
        1216         2048          11.208      4980736       311296
        1216         4096          22.389      9961472       622592
        1216         8192          44.693     19922944      1245184
        1216        16384          88.196     39845888      2490368
        1280            1           1.070         2560          160
        1280            2           0.642         5120          320
        1280            4           0.935        10240          640
        1280            8           0.948        20480         1280
        1280           16           0.822        40960         2560
        1280           32           0.914        81920         5120
        1280           64           1.015       163840        10240
        1280          128           1.268       327680        20480
        1280          256           1.756       655360        40960
        1280          512           3.023      1310720        81920
        1280         1024           5.601      2621440       163840
        1280         2048          11.095      5242880       327680
        1280         4096          21.318     10485760       655360
        1280         8192          41.929     20971520      1310720
        1280        16384          83.724     41943040      2621440
        1408            1           0.540         2816          176
        1408            2           0.418         5632          352
        1408            4           1.033        11264          704
        1408            8           0.975        22528         1408
        1408           16           0.867        45056         2816
        1408           32           0.798        90112         5632
        1408           64           1.088       180224        11264
        1408          128           1.271       360448        22528
        1408          256           1.840       720896        45056
        1408          512           3.461      1441792        90112
        1408         1024           6.424      2883584       180224
        1408         2048          12.437      5767168       360448
        1408         4096          24.488     11534336       720896
        1408         8192          48.230     23068672      1441792
        1408        16384          95.911     46137344      2883584
        1536            1           0.890         3072          192
        1536            2           0.822         6144          384
        1536            4           1.109        12288          768
        1536            8           0.931        24576         1536
        1536           16           1.092        49152         3072
        1536           32           0.835        98304         6144
        1536           64           0.919       196608        12288
        1536          128           1.452       393216        24576
        1536          256           1.956       786432        49152
        1536          512           3.554      1572864        98304
        1536         1024           6.109      3145728       196608
        1536         2048          12.231      6291456       393216
        1536         4096          23.974     12582912       786432
        1536         8192          47.162     25165824      1572864
        1536        16384          93.699     50331648      3145728
        1664            1           0.876         3328          208
        1664            2           0.746         6656          416
        1664            4           0.991        13312          832
        1664            8           0.843        26624         1664
        1664           16           1.110        53248         3328
        1664           32           1.107       106496         6656
        1664           64           1.299       212992        13312
        1664          128           1.378       425984        26624
        1664          256           2.091       851968        53248
        1664          512           3.761      1703936       106496
        1664         1024           6.989      3407872       212992
        1664         2048          13.086      6815744       425984
        1664         4096          25.850     13631488       851968
        1664         8192          50.979     27262976      1703936
        1664        16384         101.724     54525952      3407872
        1792            1           0.451         3584          224
        1792            2           0.898         7168          448
        1792            4           0.928        14336          896
        1792            8           1.059        28672         1792
        1792           16           0.797        57344         3584
        1792           32           1.266       114688         7168
        1792           64           0.985       229376        14336
        1792          128           1.418       458752        28672
        1792          256           1.893       917504        57344
        1792          512           3.967      1835008       114688
        1792         1024           7.208      3670016       229376
        1792         2048          13.665      7340032       458752
        1792         4096          26.881     14680064       917504
        1792         8192          53.163     29360128      1835008
        1792        16384         105.879     58720256      3670016
        1920            1           0.818         3840          240
        1920            2           0.427         7680          480
        1920            4           1.066        15360          960
        1920            8           1.060        30720         1920
        1920           16           0.791        61440         3840
        1920           32           0.891       122880         7680
        1920           64           1.084       245760        15360
        1920          128           1.409       491520        30720
        1920          256           2.195       983040        61440
        1920          512           3.641      1966080       122880
        1920         1024           7.310      3932160       245760
        1920         2048          13.985      7864320       491520
        1920         4096          27.408     15728640       983040
        1920         8192          54.349     31457280      1966080
        2112            1           1.080         4224          264
        2112            2           0.737         8448          528
        2112            4           0.832        16896         1056
        2112            8           0.813        33792         2112
        2112           16           0.763        67584         4224
        2112           32           1.014       135168         8448
        2112           64           0.984       270336        16896
        2112          128           1.549       540672        33792
        2112          256           2.288      1081344        67584
        2112          512           3.957      2162688       135168
        2112         1024          17.634      4325376       270336
        2112         2048           9.937      8650752       540672
        2112         4096          19.228     17301504      1081344
        2112         8192          38.025     34603008      2162688
        2304            1           0.886         4608          288
        2304            2           0.853         9216          576
        2304            4           0.967        18432         1152
        2304            8           1.151        36864         2304
        2304           16           0.811        73728         4608
        2304           32           0.842       147456         9216
        2304           64           0.926       294912        18432
        2304          128           0.987       589824        36864
        2304          256           1.694      1179648        73728
        2304          512           3.195      2359296       147456
        2304         1024           5.928      4718592       294912
        2304         2048          11.492      9437184       589824
        2304         4096          22.447     18874368      1179648
        2304         8192          44.186     37748736      2359296
        2496            1          47.308         4992          312
        2496            2           0.753         9984          624
        2496            4           0.741        19968         1248
        2496            8           0.759        39936         2496
        2496           16           0.766        79872         4992
        2496           32           0.812       159744         9984
        2496           64           1.038       319488        19968
        2496          128           1.241       638976        39936
        2496          256           1.691      1277952        79872
        2496          512           6.714      2555904       159744
        2496         1024           6.026      5111808       319488
        2496         2048          11.395     10223616       638976
        2496         4096          22.532     20447232      1277952
        2496         8192          44.420     40894464      2555904
        2688            1           0.865         5376          336
        2688            2           0.473        10752          672
        2688            4           0.814        21504         1344
        2688            8           0.904        43008         2688
        2688           16           0.861        86016         5376
        2688           32           0.758       172032        10752
        2688           64           0.803       344064        21504
        2688          128           1.297       688128        43008
        2688          256           1.943      1376256        86016
        2688          512           3.268      2752512       172032
        2688         1024           5.989      5505024       344064
        2688         2048          12.056     11010048       688128
        2688         4096          23.282     22020096      1376256
        2688         8192          45.936     44040192      2752512
        2944            1           1.195         5888          368
        2944            2           0.649        11776          736
        2944            4           0.845        23552         1472
        2944            8           0.741        47104         2944
        2944           16           0.626        94208         5888
        2944           32           0.791       188416        11776
        2944           64           1.008       376832        23552
        2944          128           1.175       753664        47104
        2944          256           1.906      1507328        94208
        2944          512           3.371      3014656       188416
        2944         1024           6.902      6029312       376832
        2944         2048          13.169     12058624       753664
        2944         4096          25.644     24117248      1507328
        2944         8192          50.773     48234496      3014656
        3200            1           0.713         6400          400
        3200            2           0.830        12800          800
        3200            4           0.868        25600         1600
        3200            8           0.718        51200         3200
        3200           16           0.809       102400         6400
        3200           32           0.901       204800        12800
        3200           64           0.794       409600        25600
        3200          128           1.293       819200        51200
        3200          256           2.067      1638400       102400
        3200          512           3.678      3276800       204800
        3200         1024           6.933      6553600       409600
        3200         2048          13.628     13107200       819200
        3200         4096          26.693     26214400      1638400
        3200         8192          52.620     52428800      3276800
        3520            1           1.593         7040          440
        3520            2           0.731        14080          880
        3520            4           0.640        28160         1760
        3520            8           0.615        56320         3520
        3520           16           0.983       112640         7040
        3520           32           0.863       225280        14080
        3520           64           1.119       450560        28160
        3520          128           1.346       901120        56320
        3520          256           2.102      1802240       112640
        3520          512           4.071      3604480       225280
        3520         1024           7.545      7208960       450560
        3520         2048          14.981     14417920       901120
        3520         4096          29.207     28835840      1802240
        3520         8192          57.912     57671680      3604480
        3840            1           0.308         7680          480
        3840            2           0.827        15360          960
        3840            4           0.809        30720         1920
        3840            8           0.937        61440         3840
        3840           16           0.812       122880         7680
        3840           32           0.962       245760        15360
        3840           64           0.996       491520        30720
        3840          128           1.280       983040        61440
        3840          256           2.058      1966080       122880
        3840          512           3.486      3932160       245760
        3840         1024           7.169      7864320       491520
        3840         2048          13.352     15728640       983040
        3840         4096          26.262     31457280      1966080
        4224            1           0.304         8448          528
        4224            2           0.749        16896         1056
        4224            4           0.903        33792         2112
        4224            8           0.854        67584         4224
        4224           16           0.956       135168         8448
        4224           32           0.883       270336        16896
        4224           64           1.013       540672        33792
        4224          128           1.458      1081344        67584
        4224          256           2.424      2162688       135168
        4224          512           4.414      4325376       270336
        4224         1024           8.290      8650752       540672
        4224         2048          16.253     17301504      1081344
        4224         4096          31.720     34603008      2162688
        4608            1           1.004         9216          576
        4608            2           0.736        18432         1152
        4608            4           0.766        36864         2304
        4608            8           0.869        73728         4608
        4608           16           0.815       147456         9216
        4608           32           0.872       294912        18432
        4608           64           0.981       589824        36864
        4608          128           1.563      1179648        73728
        4608          256           2.598      2359296       147456
        4608          512           4.391      4718592       294912
        4608         1024           8.083      9437184       589824
        4608         2048          15.645     18874368      1179648
        4608         4096          30.892     37748736      2359296
        5056            1           0.987        10112          632
        5056            2           0.463        20224         1264
        5056            4           0.743        40448         2528
        5056            8           0.672        80896         5056
        5056           16           0.762       161792        10112
        5056           32           1.007       323584        20224
        5056           64           1.219       647168        40448
        5056          128           1.731      1294336        80896
        5056          256           2.965      2588672       161792
        5056          512           5.922      5177344       323584
        5056         1024          11.462     10354688       647168
        5056         2048          23.533     20709376      1294336
        5056         4096          44.383     41418752      2588672
        5504            1           1.804        11008          688
        5504            2           0.952        22016         1376
        5504            4           0.782        44032         2752
        5504            8           0.820        88064         5504
        5504           16           1.075       176128        11008
        5504           32           0.966       352256        22016
        5504           64           1.235       704512        44032
        5504          128           1.842      1409024        88064
        5504          256          17.557      2818048       176128
        5504          512           7.063      5636096       352256
        5504         1024          14.053     11272192       704512
        5504         2048          20.994     22544384      1409024
        5504         4096          37.581     45088768      2818048
        6016            1           0.602        12032          752
        6016            2           0.678        24064         1504
        6016            4           0.938        48128         3008
        6016            8           0.712        96256         6016
        6016           16           0.772       192512        12032
        6016           32           0.962       385024        24064
        6016           64           1.136       770048        48128
        6016          128           1.796      1540096        96256
        6016          256           3.001      3080192       192512
        6016          512           5.556      6160384       385024
        6016         1024          10.449     12320768       770048
        6016         2048          20.401     24641536      1540096
        6016         4096          40.257     49283072      3080192
        6592            1           0.818        13184          824
        6592            2           0.610        26368         1648
        6592            4           0.838        52736         3296
        6592            8           0.765       105472         6592
        6592           16           0.834       210944        13184
        6592           32           1.012       421888        26368
        6592           64           1.215       843776        52736
        6592          128           1.909      1687552       105472
        6592          256           3.044      3375104       210944
        6592          512           5.833      6750208       421888
        6592         1024          11.265     13500416       843776
        6592         2048          21.910     27000832      1687552
        6592         4096          43.690     54001664      3375104
        7232            1           0.754        14464          904
        7232            2           0.766        28928         1808
        7232            4           0.753        57856         3616
        7232            8           0.835       115712         7232
        7232           16           0.975       231424        14464
        7232           32           1.100       462848        28928
        7232           64           1.264       925696        57856
        7232          128           1.812      1851392       115712
        7232          256           3.410      3702784       231424
        7232          512           6.072      7405568       462848
        7232         1024          11.716     14811136       925696
        7232         2048          22.967     29622272      1851392
        7232         4096          45.410     59244544      3702784
        7936            1           0.640        15872          992
        7936            2           0.621        31744         1984
        7936            4           0.909        63488         3968
        7936            8           1.020       126976         7936
        7936           16           1.005       253952        15872
        7936           32           0.966       507904        31744
        7936           64           1.364      1015808        63488
        7936          128           1.977      2031616       126976
        7936          256           3.428      4063232       253952
        7936          512           6.587      8126464       507904
        7936         1024          12.743     16252928      1015808
        7936         2048          24.940     32505856      2031616
        8704            1           1.063        17408         1088
        8704            2           0.476        34816         2176
        8704            4           0.659        69632         4352
        8704            8           0.894       139264         8704
        8704           16           0.918       278528        17408
        8704           32           1.215       557056        34816
        8704           64           1.570      1114112        69632
        8704          128           2.559      2228224       139264
        8704          256           4.595      4456448       278528
        8704          512           8.683      8912896       557056
        8704         1024          16.725     17825792      1114112
        8704         2048          38.343     35651584      2228224
        9536            1           0.538        19072         1192
        9536            2           0.856        38144         2384
        9536            4           0.848        76288         4768
        9536            8           0.803       152576         9536
        9536           16           0.973       305152        19072
        9536           32           1.222       610304        38144
        9536           64           1.386      1220608        76288
        9536          128           2.477      2441216       152576
        9536          256           4.119      4882432       305152
        9536          512           7.703      9764864       610304
        9536         1024          14.711     19529728      1220608
        9536         2048          29.125     39059456      2441216
       10432            1           0.476        20864         1304
       10432            2           0.862        41728         2608
       10432            4           0.713        83456         5216
       10432            8           0.884       166912        10432
       10432           16           1.077       333824        20864
       10432           32           1.482       667648        41728
       10432           64           1.701      1335296        83456
       10432          128           2.873      2670592       166912
       10432          256           5.046      5341184       333824
       10432          512           9.659     10682368       667648
       10432         1024          18.562     21364736      1335296
       10432         2048          37.201     42729472      2670592
       11456            1           0.417        22912         1432
       11456            2           0.879        45824         2864
       11456            4           0.978        91648         5728
       11456            8           0.931       183296        11456
       11456           16           0.946       366592        22912
       11456           32           1.248       733184        45824
       11456           64           1.808      1466368        91648
       11456          128           2.938      2932736       183296
       11456          256           5.302      5865472       366592
       11456          512           9.837     11730944       733184
       11456         1024          19.143     23461888      1466368
       11456         2048          37.416     46923776      2932736
       12544            1           0.806        25088         1568
       12544            2           0.769        50176         3136
       12544            4           0.912       100352         6272
       12544            8           0.873       200704        12544
       12544           16           0.810       401408        25088
       12544           32           1.256       802816        50176
       12544           64           1.685      1605632       100352
       12544          128           2.592      3211264       200704
       12544          256           5.047      6422528       401408
       12544          512           9.382     12845056       802816
       12544         1024          18.628     25690112      1605632
       12544         2048          36.562     51380224      3211264
       13760            1           0.893        27520         1720
       13760            2           1.074        55040         3440
       13760            4           1.083       110080         6880
       13760            8           1.031       220160        13760
       13760           16           1.003       440320        27520
       13760           32           1.256       880640        55040
       13760           64           1.941      1761280       110080
       13760          128           2.989      3522560       220160
       13760          256           5.682      7045120       440320
       13760          512          10.370     14090240       880640
       13760         1024          20.137     28180480      1761280
       13760         2048          40.023     56360960      3522560
       15104            1           0.629        30208         1888
       15104            2           0.793        60416         3776
       15104            4           1.002       120832         7552
       15104            8           0.974       241664        15104
       15104           16           1.138       483328        30208
       15104           32           1.336       966656        60416
       15104           64           1.924      1933312       120832
       15104          128           3.093      3866624       241664
       15104          256           5.818      7733248       483328
       15104          512          11.193     15466496       966656
       15104         1024          21.842     30932992      1933312
       15104         2048          43.083     61865984      3866624
       16576            1           1.757        33152         2072
       16576            2           1.000        66304         4144
       16576            4           0.864       132608         8288
       16576            8           0.940       265216        16576
       16576           16           1.027       530432        33152
       16576           32           1.489      1060864        66304
       16576           64           1.936      2121728       132608
       16576          128           3.392      4243456       265216
       16576          256           6.228      8486912       530432
       16576          512          12.288     16973824      1060864
       16576         1024          23.881     33947648      2121728
       18176            1           1.045        36352         2272
       18176            2           0.909        72704         4544
       18176            4           0.748       145408         9088
       18176            8           0.860       290816        18176
       18176           16           0.920       581632        36352
       18176           32           1.299      1163264        72704
       18176           64           1.812      2326528       145408
       18176          128           2.906      4653056       290816
       18176          256           5.559      9306112       581632
       18176          512          10.357     18612224      1163264
       18176         1024          20.518     37224448      2326528
       19968            1           0.572        39936         2496
       19968            2           0.730        79872         4992
       19968            4           0.851       159744         9984
       19968            8           0.920       319488        19968
       19968           16           0.946       638976        39936
       19968           32           1.369      1277952        79872
       19968           64           2.138      2555904       159744
       19968          128           3.628      5111808       319488
       19968          256           6.688     10223616       638976
       19968          512          12.583     20447232      1277952
       19968         1024          24.500     40894464      2555904
       21952            1           1.357        43904         2744
       21952            2           0.432        87808         5488
       21952            4           0.962       175616        10976
       21952            8           0.960       351232        21952
       21952           16           1.013       702464        43904
       21952           32           1.465      1404928        87808
       21952           64           2.298      2809856       175616
       21952          128           3.795      5619712       351232
       21952          256           7.077     11239424       702464
       21952          512          13.540     22478848      1404928
       21952         1024          26.592     44957696      2809856
       24128            1           2.015        48256         3016
       24128            2           0.678        96512         6032
       24128            4           0.781       193024        12064
       24128            8           0.971       386048        24128
       24128           16           1.084       772096        48256
       24128           32           1.477      1544192        96512
       24128           64           2.230      3088384       193024
       24128          128           3.771      6176768       386048
       24128          256           6.961     12353536       772096
       24128          512          13.447     24707072      1544192
       24128         1024          26.413     49414144      3088384
       26496            1           0.931        52992         3312
       26496            2           1.071       105984         6624
       26496            4           0.822       211968        13248
       26496            8           1.033       423936        26496
       26496           16           1.106       847872        52992
       26496           32           1.538      1695744       105984
       26496           64           2.529      3391488       211968
       26496          128           4.573      6782976       423936
       26496          256           8.313     13565952       847872
       26496          512          15.961     27131904      1695744
       26496         1024          31.316     54263808      3391488
       29120            1           1.319        58240         3640
       29120            2           0.679       116480         7280
       29120            4           1.073       232960        14560
       29120            8           0.879       465920        29120
       29120           16           1.281       931840        58240
       29120           32           1.813      1863680       116480
       29120           64           2.767      3727360       232960
       29120          128           4.595      7454720       465920
       29120          256           8.982     14909440       931840
       29120          512          17.463     29818880      1863680
       29120         1024          34.497     59637760      3727360
       32000            1           1.226        64000         4000
       32000            2           0.496       128000         8000
       32000            4           0.949       256000        16000
       32000            8           0.880       512000        32000
       32000           16           1.219      1024000        64000
       32000           32           1.874      2048000       128000
       32000           64           2.799      4096000       256000
       32000          128           5.079      8192000       512000
       32000          256           9.665     16384000      1024000
       32000          512          18.571     32768000      2048000
       35200            1           0.952        70400         4400
       35200            2           0.938       140800         8800
       35200            4           1.219       281600        17600
       35200            8           1.202       563200        35200
       35200           16           1.520      1126400        70400
       35200           32           2.050      2252800       140800
       35200           64           3.140      4505600       281600
       35200          128           5.687      9011200       563200
       35200          256          10.574     18022400      1126400
       35200          512          20.506     36044800      2252800
       38720            1           1.075        77440         4840
       38720            2           0.676       154880         9680
       38720            4           0.873       309760        19360
       38720            8           1.006       619520        38720
       38720           16           1.297      1239040        77440
       38720           32           2.057      2478080       154880
       38720           64           3.443      4956160       309760
       38720          128           6.008      9912320       619520
       38720          256          11.507     19824640      1239040
       38720          512          22.554     39649280      2478080
       42560            1           1.752        85120         5320
       42560            2           0.697       170240        10640
       42560            4           0.975       340480        21280
       42560            8           1.235       680960        42560
       42560           16           1.815      1361920        85120
       42560           32           2.355      2723840       170240
       42560           64           3.717      5447680       340480
       42560          128           6.446     10895360       680960
       42560          256          12.420     21790720      1361920
       42560          512          24.397     43581440      2723840
       46784            1           1.512        93568         5848
       46784            2           0.877       187136        11696
       46784            4           0.998       374272        23392
       46784            8           1.148       748544        46784
       46784           16           1.638      1497088        93568
       46784           32           2.410      2994176       187136
       46784           64           3.906      5988352       374272
       46784          128           7.372     11976704       748544
       46784          256          13.773     23953408      1497088
       46784          512          27.021     47906816      2994176
       51456            1           1.843       102912         6432
       51456            2           0.872       205824        12864
       51456            4           1.110       411648        25728
       51456            8           1.101       823296        51456
       51456           16           1.578      1646592       102912
       51456           32           2.534      3293184       205824
       51456           64           4.326      6586368       411648
       51456          128           7.666     13172736       823296
       51456          256          14.464     26345472      1646592
       51456          512          28.793     52690944      3293184
       56576            1           1.572       113152         7072
       56576            2           0.801       226304        14144
       56576            4           1.027       452608        28288
       56576            8           1.250       905216        56576
       56576           16           1.652      1810432       113152
       56576           32           2.589      3620864       226304
       56576           64           4.646      7241728       452608
       56576          128           8.366     14483456       905216
       56576          256          15.935     28966912      1810432
       56576          512          31.357     57933824      3620864
       62208            1           0.819       124416         7776
       62208            2           0.957       248832        15552
       62208            4           1.041       497664        31104
       62208            8           1.535       995328        62208
       62208           16           2.088      1990656       124416
       62208           32           3.089      3981312       248832
       62208           64           5.055      7962624       497664
       62208          128           9.067     15925248       995328
       62208          256          17.713     31850496      1990656
       68416            1           1.677       136832         8552
       68416            2           0.891       273664        17104
       68416            4           1.128       547328        34208
       68416            8           1.350      1094656        68416
       68416           16           1.895      2189312       136832
       68416           32           3.170      4378624       273664
       68416           64           5.672      8757248       547328
       68416          128          12.569     17514496      1094656
       68416          256          21.977     35028992      2189312
       75200            1           1.115       150400         9400
       75200            2           0.847       300800        18800
       75200            4           1.337       601600        37600
       75200            8           1.487      1203200        75200
       75200           16           2.205      2406400       150400
       75200           32           3.405      4812800       300800
       75200           64           6.144      9625600       601600
       75200          128          11.032     19251200      1203200
       75200          256          22.108     38502400      2406400
       82688            1           1.770       165376        10336
       82688            2           0.888       330752        20672
       82688            4           1.231       661504        41344
       82688            8           1.467      1323008        82688
       82688           16           2.017      2646016       165376
       82688           32           3.508      5292032       330752
       82688           64           6.499     10584064       661504
       82688          128          11.992     21168128      1323008
       82688          256          24.092     42336256      2646016
       90944            1           1.319       181888        11368
       90944            2           1.052       363776        22736
       90944            4           1.245       727552        45472
       90944            8           1.607      1455104        90944
       90944           16           2.412      2910208       181888
       90944           32           4.121      5820416       363776
       90944           64           7.154     11640832       727552
       90944          128          22.354     23281664      1455104
       90944          256          34.197     46563328      2910208
      100032            1           1.552       200064        12504
      100032            2           0.902       400128        25008
      100032            4           1.245       800256        50016
      100032            8           1.618      1600512       100032
      100032           16           2.510      3201024       200064
      100032           32           4.296      6402048       400128
      100032           64           7.817     12804096       800256
      100032          128          15.001     25608192      1600512
      100032          256          28.566     51216384      3201024
      110016            1           1.635       220032        13752
      110016            2           0.848       440064        27504
      110016            4           1.214       880128        55008
      110016            8           1.821      1760256       110016
      110016           16           2.780      3520512       220032
      110016           32           4.618      7041024       440064
      110016           64           8.528     14082048       880128
      110016          128          16.101     28164096      1760256
      110016          256          31.400     56328192      3520512
      120960            1           1.682       241920        15120
      120960            2           0.830       483840        30240
      120960            4           1.451       967680        60480
      120960            8           2.098      1935360       120960
      120960           16           2.977      3870720       241920
      120960           32           4.842      7741440       483840
      120960           64           8.854     15482880       967680
      120960          128          17.300     30965760      1935360
      120960          256          50.277     61931520      3870720
      133056            1           1.863       266112        16632
      133056            2           1.152       532224        33264
      133056            4           1.478      1064448        66528
      133056            8           1.963      2128896       133056
      133056           16           3.176      4257792       266112
      133056           32           5.330      8515584       532224
      133056           64           9.959     17031168      1064448
      133056          128          19.060     34062336      2128896
      146304            1           2.434       292608        18288
      146304            2           0.837       585216        36576
      146304            4           1.611      1170432        73152
      146304            8           2.241      2340864       146304
      146304           16           3.381      4681728       292608
      146304           32           5.826      9363456       585216
      146304           64          10.806     18726912      1170432
      146304          128          21.330     37453824      2340864
      160896            1           2.592       321792        20112
      160896            2           0.996       643584        40224
      160896            4           1.569      1287168        80448
      160896            8           2.165      2574336       160896
      160896           16           3.562      5148672       321792
      160896           32           6.322     10297344       643584
      160896           64          11.885     20594688      1287168
      160896          128          23.228     41189376      2574336
      176960            1           2.580       353920        22120
      176960            2           1.198       707840        44240
      176960            4           1.684      1415680        88480
      176960            8           2.488      2831360       176960
      176960           16           3.899      5662720       353920
      176960           32           7.027     11325440       707840
      176960           64          13.259     22650880      1415680
      176960          128          25.391     45301760      2831360
      194624            1           2.608       389248        24328
      194624            2           1.078       778496        48656
      194624            4           1.826      1556992        97312
      194624            8           2.765      3113984       194624
      194624           16           4.199      6227968       389248
      194624           32           7.460     12455936       778496
      194624           64          14.093     24911872      1556992
      194624          128          27.903     49823744      3113984
      214080            1           2.771       428160        26760
      214080            2           1.144       856320        53520
      214080            4           1.962      1712640       107040
      214080            8           2.802      3425280       214080
      214080           16           4.544      6850560       428160
      214080           32           8.245     13701120       856320
      214080           64          15.425     27402240      1712640
      214080          128          29.934     54804480      3425280
      235456            1           2.535       470912        29432
      235456            2           1.521       941824        58864
      235456            4           1.965      1883648       117728
      235456            8           3.180      3767296       235456
      235456           16           5.040      7534592       470912
      235456           32           8.993     15069184       941824
      235456           64          17.141     30138368      1883648
      235456          128          33.212     60276736      3767296
      258944            1           3.977       517888        32368
      258944            2           1.776      1035776        64736
      258944            4           2.210      2071552       129472
      258944            8           3.463      4143104       258944
      258944           16           5.671      8286208       517888
      258944           32          11.530     16572416      1035776
      258944           64          22.444     33144832      2071552
      284800            1           3.598       569600        35600
      284800            2           1.823      1139200        71200
      284800            4           2.628      2278400       142400
      284800            8           4.678      4556800       284800
      284800           16           8.096      9113600       569600
      284800           32          14.770     18227200      1139200
      284800           64          29.079     36454400      2278400
      313280            1           4.040       626560        39160
      313280            2           2.128      1253120        78320
      313280            4           3.202      2506240       156640
      313280            8           5.159      5012480       313280
      313280           16           8.792     10024960       626560
      313280           32          17.048     20049920      1253120
      313280           64          32.893     40099840      2506240
      344576            1           5.310       689152        43072
      344576            2           2.158      1378304        86144
      344576            4           3.460      2756608       172288
      344576            8           5.867      5513216       344576
      344576           16          10.609     11026432       689152
      344576           32          20.222     22052864      1378304
      344576           64          38.677     44105728      2756608
      379008            1           4.157       758016        47376
      379008            2           2.333      1516032        94752
      379008            4           3.707      3032064       189504
      379008            8           6.307      6064128       379008
      379008           16          11.216     12128256       758016
      379008           32          21.844     24256512      1516032
      379008           64          42.896     48513024      3032064
      416896            1           4.796       833792        52112
      416896            2           2.565      1667584       104224
      416896            4           4.193      3335168       208448
      416896            8           6.977      6670336       416896
      416896           16          12.563     13340672       833792
      416896           32          23.933     26681344      1667584
      416896           64          46.916     53362688      3335168
      458560            1           5.068       917120        57320
      458560            2           2.721      1834240       114640
      458560            4           4.496      3668480       229280
      458560            8           7.362      7336960       458560
      458560           16          13.657     14673920       917120
      458560           32          26.097     29347840      1834240
      458560           64          51.386     58695680      3668480
      504384            1           5.701      1008768        63048
      504384            2           3.017      2017536       126096
      504384            4           4.749      4035072       252192
      504384            8           8.247      8070144       504384
      504384           16          15.019     16140288      1008768
      504384           32          28.786     32280576      2017536
      554816            1           6.516      1109632        69352
      554816            2           2.990      2219264       138704
      554816            4           5.208      4438528       277408
      554816            8           8.933      8877056       554816
      554816           16          16.389     17754112      1109632
      554816           32          31.535     35508224      2219264
      610240            1           7.004      1220480        76280
      610240            2           3.453      2440960       152560
      610240            4           5.594      4881920       305120
      610240            8           9.556      9763840       610240
      610240           16          18.066     19527680      1220480
      610240           32          34.629     39055360      2440960
      671232            1           7.178      1342464        83904
      671232            2           3.767      2684928       167808
      671232            4           6.050      5369856       335616
      671232            8          10.410     10739712       671232
      671232           16          19.713     21479424      1342464
      671232           32          70.396     42958848      2684928
      738304            1           9.186      1476608        92288
      738304            2           3.834      2953216       184576
      738304            4           6.526      5906432       369152
      738304            8          11.649     11812864       738304
      738304           16          21.798     23625728      1476608
      738304           32          41.915     47251456      2953216
      812096            1           9.210      1624192       101512
      812096            2           4.190      3248384       203024
      812096            4           7.174      6496768       406048
      812096            8          12.519     12993536       812096
      812096           16          23.858     25987072      1624192
      812096           32          46.312     51974144      3248384
      893248            1          10.052      1786496       111656
      893248            2           5.059      3572992       223312
      893248            4           7.876      7145984       446624
      893248            8          14.143     14291968       893248
      893248           16          26.258     28583936      1786496
      893248           32          50.734     57167872      3572992
      982528            1          10.864      1965056       122816
      982528            2           4.882      3930112       245632
      982528            4           8.345      7860224       491264
      982528            8          15.274     15720448       982528
      982528           16          28.722     31440896      1965056
     1080768            1          12.250      2161536       135096
     1080768            2           5.638      4323072       270192
     1080768            4           9.425      8646144       540384
     1080768            8          16.551     17292288      1080768
     1080768           16          31.289     34584576      2161536
     1188800            1          12.573      2377600       148600
     1188800            2           6.138      4755200       297200
     1188800            4          10.397      9510400       594400
     1188800            8          18.124     19020800      1188800
     1188800           16          36.907     38041600      2377600
     1307648            1          15.103      2615296       163456
     1307648            2           6.398      5230592       326912
     1307648            4          10.947     10461184       653824
     1307648            8          20.140     20922368      1307648
     1307648           16          37.660     41844736      2615296
     1438400            1          15.779      2876800       179800
     1438400            2           7.149      5753600       359600
     1438400            4          12.461     11507200       719200
     1438400            8          21.887     23014400      1438400
     1438400           16          41.567     46028800      2876800
     1582208            1          17.315      3164416       197776
     1582208            2          66.702      6328832       395552
     1582208            4          13.184     12657664       791104
     1582208            8          24.048     25315328      1582208
     1582208           16          45.260     50630656      3164416
     1740416            1          19.153      3480832       217552
     1740416            2           8.741      6961664       435104
     1740416            4          43.002     13923328       870208
     1740416            8          29.848     27846656      1740416
     1740416           16          50.123     55693312      3480832
     1914432            1          20.253      3828864       239304
     1914432            2           9.779      7657728       478608
     1914432            4          16.012     15315456       957216
     1914432            8          33.957     30630912      1914432
     1914432           16          55.133     61261824      3828864
     2105856            1          21.293      4211712       263232
     2105856            2          10.151      8423424       526464
     2105856            4          17.761     16846848      1052928
     2105856            8          31.696     33693696      2105856
     2316416            1          27.941      4632832       289552
     2316416            2          11.098      9265664       579104
     2316416            4          19.213     18531328      1158208
     2316416            8          34.811     37062656      2316416
     2548032            1          25.751      5096064       318504
     2548032            2          13.834     10192128       637008
     2548032            4          21.412     20384256      1274016
     2548032            8          39.496     40768512      2548032
     2802816            1          30.095      5605632       350352
     2802816            2          15.425     11211264       700704
     2802816            4          25.353     22422528      1401408
     2802816            8          44.838     44845056      2802816
     3083072            1          31.882      6166144       385384
     3083072            2          15.292     12332288       770768
     3083072            4          26.317     24664576      1541536
     3083072            8          51.143     49329152      3083072
     3391360            1          36.012      6782720       423920
     3391360            2          17.319     13565440       847840
     3391360            4          29.015     27130880      1695680
     3391360            8          53.103     54261760      3391360
     3730496            1          38.259      7460992       466312
     3730496            2          19.117     14921984       932624
     3730496            4          31.619     29843968      1865248
     3730496            8          73.715     59687936      3730496
     4103488            1          41.250      8206976       512936
     4103488            2          20.739     16413952      1025872
     4103488            4          35.128     32827904      2051744
     4513792            1          45.836      9027584       564224
     4513792            2          23.772     18055168      1128448
     4513792            4          39.694     36110336      2256896
     4965120            1          54.690      9930240       620640
     4965120            2          25.343     19860480      1241280
     4965120            4          43.046     39720960      2482560
     5461632            1          58.933     10923264       682704
     5461632            2          28.915     21846528      1365408
     5461632            4          48.830     43693056      2730816
     6007744            1          60.638     12015488       750968
     6007744            2          34.220     24030976      1501936
     6007744            4          53.361     48061952      3003872
     6608512            1          65.333     13217024       826064
     6608512            2          37.891     26434048      1652128
     6608512            4          58.872     52868096      3304256
     7269312            1          77.571     14538624       908664
     7269312            2          45.840     29077248      1817328
     7269312            4          69.175     58154496      3634656
     7996224            1          72.411     15992448       999528
     7996224            2          58.411     31984896      1999056
     8795840            1          76.715     17591680      1099480
     8795840            2          75.086     35183360      2198960
     9675392            1          80.718     19350784      1209424
     9675392            2          92.070     38701568      2418848
    10642880            1          87.962     21285760      1330360
    10642880            2         113.434     42571520      2660720
    11707136            1          90.634     23414272      1463392
    11707136            2         126.813     46828544      2926784
    12877824            1         105.322     25755648      1609728
    12877824            2         145.630     51511296      3219456
    14165568            1         110.412     28331136      1770696
    14165568            2         167.015     56662272      3541392
    15582080            1         121.809     31164160      1947760
    17140288            1         135.805     34280576      2142536
    18854272            1         168.952     37708544      2356784
    20739648            1         179.800     41479296      2592456
    22813568            1         211.423     45627136      2851696
    25094912            1         239.320     50189824      3136864
    27604352            1         284.546     55208704      3450544
    30364736            1         323.377     60729472      3795592

META_DATA
FLOPS          1
OPENMP_THREADS 8
ERT_VERSION  1.1.0
HOSTNAME  ('cirrus4.computing.clemson.edu', ['cirrus4'], ['127.0.1.1'])
UNAME  uname_result(system='Linux', node='cirrus4.computing.clemson.edu', release='5.4.0-81-generic', version='#91-Ubuntu SMP Thu Jul 15 19:09:17 UTC 2021', machine='x86_64', processor='x86_64')
TIMESTAMP_DATA  1632245393.9237096
CONFIG  {'ERT_RESULTS': ['Results.cs.clemson.edu'], 'ERT_DRIVER': ['driver1'], 'ERT_KERNEL': ['kernel1'], 'ERT_MPI': ['False'], 'ERT_MPI_CFLAGS': [], 'ERT_MPI_LDFLAGS': [], 'ERT_OPENMP': ['True'], 'ERT_OPENMP_CFLAGS': ['-fopenmp'], 'ERT_OPENMP_LDFLAGS': ['-fopenmp'], 'ERT_FLOPS': ['1,2,4'], 'ERT_ALIGN': ['32'], 'ERT_CC': ['g++'], 'ERT_CFLAGS': ['-O3', '-std=c++11', '-fstrict-aliasing', '-march=native'], 'ERT_LD': ['g++'], 'ERT_LDFLAGS': [], 'ERT_LDLIBS': [], 'ERT_PRECISION': ['FP64'], 'ERT_RUN': ['export', 'OMP_NUM_THREADS=ERT_OPENMP_THREADS;', 'export', 'OMP_PLACES=threads;', 'export', 'OMP_PROC_BIND=spread;', './ERT_CODE'], 'ERT_PROCS_THREADS': ['8'], 'ERT_MPI_PROCS': ['2,4,8'], 'ERT_OPENMP_THREADS': ['1-8'], 'ERT_NUM_EXPERIMENTS': ['5'], 'ERT_MEMORY_MAX': ['31000000'], 'ERT_WORKING_SET_MIN': ['1'], 'ERT_TRIALS_MIN': ['1'], 'ERT_GNUPLOT': ['gnuplot'], 'ERT_GPU': [False], 'ERT_HIP': [False], 'ERT_OCL': [False], 'ERT_SYCL': [False], 'ERT_WSS_MULT': [1.1]}
