fp64
          64            1           1.791          128            8
          64            2           1.117          256           16
          64            4           1.208          512           32
          64            8           1.252         1024           64
          64           16           1.181         2048          128
          64           32           0.997         4096          256
          64           64           1.402         8192          512
          64          128           1.739        16384         1024
          64          256           2.526        32768         2048
          64          512           4.061        65536         4096
          64         1024           7.042       131072         8192
          64         2048          13.190       262144        16384
          64         4096          25.332       524288        32768
          64         8192          50.818      1048576        65536
          64        16384          97.523      2097152       131072
          64        32768         194.233      4194304       262144
          64        65536         387.486      8388608       524288
          64       131072         790.243     16777216      1048576
          64       262144        1548.038     33554432      2097152
         128            1           0.671          256           16
         128            2           0.890          512           32
         128            4           1.045         1024           64
         128            8           1.071         2048          128
         128           16           1.152         4096          256
         128           32           1.169         8192          512
         128           64           1.399        16384         1024
         128          128           1.635        32768         2048
         128          256           2.276        65536         4096
         128          512           4.025       131072         8192
         128         1024           7.054       262144        16384
         128         2048          13.610       524288        32768
         128         4096          25.859      1048576        65536
         128         8192          51.128      2097152       131072
         128        16384         100.763      4194304       262144
         128        32768         200.903      8388608       524288
         128        65536         402.849     16777216      1048576
         128       131072         800.917     33554432      2097152
         192            1           1.048          384           24
         192            2           0.790          768           48
         192            4           0.725         1536           96
         192            8           0.952         3072          192
         192           16           1.000         6144          384
         192           32           1.263        12288          768
         192           64           1.128        24576         1536
         192          128           1.437        49152         3072
         192          256           2.562        98304         6144
         192          512           3.709       196608        12288
         192         1024           6.488       393216        24576
         192         2048          12.808       786432        49152
         192         4096          25.196      1572864        98304
         192         8192          50.046      3145728       196608
         192        16384          99.415      6291456       393216
         192        32768         198.315     12582912       786432
         192        65536         396.343     25165824      1572864
         192       131072         809.733     50331648      3145728
         256            1           1.253          512           32
         256            2           0.955         1024           64
         256            4           0.772         2048          128
         256            8           0.902         4096          256
         256           16           0.825         8192          512
         256           32           1.139        16384         1024
         256           64           1.410        32768         2048
         256          128           1.842        65536         4096
         256          256           2.590       131072         8192
         256          512           3.896       262144        16384
         256         1024           7.580       524288        32768
         256         2048          14.412      1048576        65536
         256         4096          28.075      2097152       131072
         256         8192          55.593      4194304       262144
         256        16384         111.606      8388608       524288
         256        32768         220.666     16777216      1048576
         256        65536         441.122     33554432      2097152
         320            1           0.831          640           40
         320            2           0.822         1280           80
         320            4           1.073         2560          160
         320            8           1.029         5120          320
         320           16           1.210        10240          640
         320           32           1.105        20480         1280
         320           64           1.386        40960         2560
         320          128           1.734        81920         5120
         320          256           2.483       163840        10240
         320          512           4.133       327680        20480
         320         1024           7.373       655360        40960
         320         2048          14.244      1310720        81920
         320         4096          28.215      2621440       163840
         320         8192          56.150      5242880       327680
         320        16384         123.575     10485760       655360
         320        32768         223.498     20971520      1310720
         320        65536         446.746     41943040      2621440
         384            1           1.336          768           48
         384            2           0.856         1536           96
         384            4           1.038         3072          192
         384            8           1.212         6144          384
         384           16           1.352        12288          768
         384           32           1.157        24576         1536
         384           64           1.497        49152         3072
         384          128           1.486        98304         6144
         384          256           2.214       196608        12288
         384          512           3.856       393216        24576
         384         1024           7.444       786432        49152
         384         2048          14.345      1572864        98304
         384         4096          28.448      3145728       196608
         384         8192          56.610      6291456       393216
         384        16384         112.603     12582912       786432
         384        32768         224.794     25165824      1572864
         384        65536         449.445     50331648      3145728
         448            1           0.784          896           56
         448            2           0.754         1792          112
         448            4           0.948         3584          224
         448            8           1.117         7168          448
         448           16           0.981        14336          896
         448           32           1.040        28672         1792
         448           64           1.363        57344         3584
         448          128           1.751       114688         7168
         448          256           2.350       229376        14336
         448          512           3.888       458752        28672
         448         1024           7.380       917504        57344
         448         2048          14.314      1835008       114688
         448         4096          28.573      3670016       229376
         448         8192          56.509      7340032       458752
         448        16384         112.702     14680064       917504
         448        32768         224.827     29360128      1835008
         448        65536         449.575     58720256      3670016
         512            1           2.310         1024           64
         512            2           1.002         2048          128
         512            4           1.106         4096          256
         512            8           1.059         8192          512
         512           16           1.194        16384         1024
         512           32           1.120        32768         2048
         512           64           1.429        65536         4096
         512          128           1.699       131072         8192
         512          256           2.871       262144        16384
         512          512           3.965       524288        32768
         512         1024           7.531      1048576        65536
         512         2048          26.132      2097152       131072
         512         4096          37.416      4194304       262144
         512         8192          56.531      8388608       524288
         512        16384         111.611     16777216      1048576
         512        32768         225.322     33554432      2097152
         576            1           0.561         1152           72
         576            2           0.619         2304          144
         576            4           0.836         4608          288
         576            8           1.057         9216          576
         576           16           0.836        18432         1152
         576           32           0.946        36864         2304
         576           64           1.070        73728         4608
         576          128           1.507       147456         9216
         576          256           1.829       294912        18432
         576          512           2.841       589824        36864
         576         1024           4.905      1179648        73728
         576         2048           9.230      2359296       147456
         576         4096          29.614      4718592       294912
         576         8192          35.892      9437184       589824
         576        16384          71.034     18874368      1179648
         576        32768         141.459     37748736      2359296
         640            1           1.437         1280           80
         640            2           0.879         2560          160
         640            4           0.664         5120          320
         640            8           0.782        10240          640
         640           16           0.848        20480         1280
         640           32           0.879        40960         2560
         640           64           1.110        81920         5120
         640          128           1.541       163840        10240
         640          256           2.147       327680        20480
         640          512           4.026       655360        40960
         640         1024          16.120      1310720        81920
         640         2048          10.246      2621440       163840
         640         4096          18.230      5242880       327680
         640         8192          35.619     10485760       655360
         640        16384          70.789     20971520      1310720
         640        32768         141.234     41943040      2621440
         704            1           0.483         1408           88
         704            2           0.821         2816          176
         704            4           1.024         5632          352
         704            8           0.829        11264          704
         704           16           1.014        22528         1408
         704           32           1.021        45056         2816
         704           64           1.086        90112         5632
         704          128           1.302       180224        11264
         704          256           1.617       360448        22528
         704          512           3.047       720896        45056
         704         1024           4.928      1441792        90112
         704         2048           9.378      2883584       180224
         704         4096          18.212      5767168       360448
         704         8192          35.687     11534336       720896
         704        16384          71.056     23068672      1441792
         704        32768         141.622     46137344      2883584
         768            1           1.073         1536           96
         768            2           0.708         3072          192
         768            4           0.871         6144          384
         768            8           0.844        12288          768
         768           16           0.870        24576         1536
         768           32           0.928        49152         3072
         768           64           1.001        98304         6144
         768          128           1.303       196608        12288
         768          256           1.860       393216        24576
         768          512           2.852       786432        49152
         768         1024           4.902      1572864        98304
         768         2048           9.259      3145728       196608
         768         4096          17.921      6291456       393216
         768         8192          35.617     12582912       786432
         768        16384          70.807     25165824      1572864
         768        32768         143.347     50331648      3145728
         832            1           0.408         1664          104
         832            2           0.708         3328          208
         832            4           0.814         6656          416
         832            8           0.935        13312          832
         832           16           0.869        26624         1664
         832           32           0.780        53248         3328
         832           64           1.202       106496         6656
         832          128           1.491       212992        13312
         832          256           1.842       425984        26624
         832          512           2.856       851968        53248
         832         1024           4.843      1703936       106496
         832         2048           9.417      3407872       212992
         832         4096          18.092      6815744       425984
         832         8192          36.229     13631488       851968
         832        16384          86.707     27262976      1703936
         832        32768         142.014     54525952      3407872
         896            1           0.663         1792          112
         896            2           0.781         3584          224
         896            4           0.790         7168          448
         896            8           1.199        14336          896
         896           16           0.986        28672         1792
         896           32           0.854        57344         3584
         896           64           1.141       114688         7168
         896          128           1.378       229376        14336
         896          256           1.930       458752        28672
         896          512           2.964       917504        57344
         896         1024           5.079      1835008       114688
         896         2048           9.927      3670016       229376
         896         4096          19.386      7340032       458752
         896         8192          37.620     14680064       917504
         896        16384          74.993     29360128      1835008
         896        32768         149.315     58720256      3670016
         960            1           0.619         1920          120
         960            2           0.765         3840          240
         960            4           0.888         7680          480
         960            8           0.838        15360          960
         960           16           0.711        30720         1920
         960           32           0.913        61440         3840
         960           64           1.207       122880         7680
         960          128           1.415       245760        15360
         960          256           1.829       491520        30720
         960          512           2.934       983040        61440
         960         1024           5.304      1966080       122880
         960         2048          10.729      3932160       245760
         960         4096          20.665      7864320       491520
         960         8192          41.012     15728640       983040
         960        16384          81.427     31457280      1966080
        1024            1           0.740         2048          128
        1024            2           0.997         4096          256
        1024            4           0.679         8192          512
        1024            8           0.851        16384         1024
        1024           16           0.788        32768         2048
        1024           32           1.036        65536         4096
        1024           64           1.132       131072         8192
        1024          128           1.352       262144        16384
        1024          256           1.891       524288        32768
        1024          512           2.771      1048576        65536
        1024         1024           4.876      2097152       131072
        1024         2048           9.197      4194304       262144
        1024         4096          18.303      8388608       524288
        1024         8192          36.105     16777216      1048576
        1024        16384          71.475     33554432      2097152
        1088            1           0.424         2176          136
        1088            2           0.844         4352          272
        1088            4           0.973         8704          544
        1088            8           0.800        17408         1088
        1088           16           0.878        34816         2176
        1088           32           1.029        69632         4352
        1088           64           1.115       139264         8704
        1088          128           1.347       278528        17408
        1088          256           1.823       557056        34816
        1088          512           3.220      1114112        69632
        1088         1024           5.386      2228224       139264
        1088         2048          10.484      4456448       278528
        1088         4096          20.371      8912896       557056
        1088         8192          39.946     17825792      1114112
        1088        16384          79.268     35651584      2228224
        1152            1           0.606         2304          144
        1152            2           0.775         4608          288
        1152            4           1.050         9216          576
        1152            8           0.807        18432         1152
        1152           16           0.839        36864         2304
        1152           32           0.959        73728         4608
        1152           64           1.010       147456         9216
        1152          128           1.264       294912        18432
        1152          256           1.807       589824        36864
        1152          512           3.215      1179648        73728
        1152         1024           5.531      2359296       147456
        1152         2048          10.981      4718592       294912
        1152         4096          21.411      9437184       589824
        1152         8192          42.182     18874368      1179648
        1152        16384          83.973     37748736      2359296
        1216            1           0.411         2432          152
        1216            2           0.950         4864          304
        1216            4           0.993         9728          608
        1216            8           0.809        19456         1216
        1216           16           0.762        38912         2432
        1216           32           0.832        77824         4864
        1216           64           1.220       155648         9728
        1216          128           1.392       311296        19456
        1216          256           2.020       622592        38912
        1216          512           3.258      1245184        77824
        1216         1024           5.938      2490368       155648
        1216         2048          11.399      4980736       311296
        1216         4096          22.513      9961472       622592
        1216         8192          44.531     19922944      1245184
        1216        16384          88.327     39845888      2490368
        1280            1           0.556         2560          160
        1280            2           1.125         5120          320
        1280            4           1.073        10240          640
        1280            8           1.099        20480         1280
        1280           16           1.084        40960         2560
        1280           32           0.679        81920         5120
        1280           64           1.021       163840        10240
        1280          128           1.219       327680        20480
        1280          256           1.973       655360        40960
        1280          512           2.925      1310720        81920
        1280         1024           5.775      2621440       163840
        1280         2048          10.875      5242880       327680
        1280         4096          21.427     10485760       655360
        1280         8192          42.218     20971520      1310720
        1280        16384          83.693     41943040      2621440
        1408            1           0.920         2816          176
        1408            2           0.792         5632          352
        1408            4           1.087        11264          704
        1408            8           1.027        22528         1408
        1408           16           0.777        45056         2816
        1408           32           1.201        90112         5632
        1408           64           1.090       180224        11264
        1408          128           1.502       360448        22528
        1408          256           2.374       720896        45056
        1408          512           4.174      1441792        90112
        1408         1024           7.231      2883584       180224
        1408         2048          12.388      5767168       360448
        1408         4096          24.248     11534336       720896
        1408         8192          48.027     23068672      1441792
        1408        16384          95.911     46137344      2883584
        1536            1           0.531         3072          192
        1536            2           0.834         6144          384
        1536            4           0.797        12288          768
        1536            8           0.847        24576         1536
        1536           16           0.931        49152         3072
        1536           32           1.114        98304         6144
        1536           64           1.045       196608        12288
        1536          128           1.567       393216        24576
        1536          256           2.119       786432        49152
        1536          512           3.541      1572864        98304
        1536         1024           6.423      3145728       196608
        1536         2048          12.264      6291456       393216
        1536         4096          23.631     12582912       786432
        1536         8192          47.111     25165824      1572864
        1536        16384          93.565     50331648      3145728
        1664            1           1.575         3328          208
        1664            2           0.922         6656          416
        1664            4           0.908        13312          832
        1664            8           1.031        26624         1664
        1664           16           0.844        53248         3328
        1664           32           0.890       106496         6656
        1664           64           0.963       212992        13312
        1664          128           1.270       425984        26624
        1664          256           1.994       851968        53248
        1664          512           3.650      1703936       106496
        1664         1024           6.681      3407872       212992
        1664         2048          13.102      6815744       425984
        1664         4096          25.832     13631488       851968
        1664         8192          51.556     27262976      1703936
        1664        16384         102.681     54525952      3407872
        1792            1           0.383         3584          224
        1792            2           0.602         7168          448
        1792            4           1.147        14336          896
        1792            8           0.970        28672         1792
        1792           16           0.785        57344         3584
        1792           32           0.967       114688         7168
        1792           64           1.056       229376        14336
        1792          128           1.563       458752        28672
        1792          256           1.967       917504        57344
        1792          512           3.782      1835008       114688
        1792         1024           7.033      3670016       229376
        1792         2048          13.480      7340032       458752
        1792         4096          26.634     14680064       917504
        1792         8192          53.003     29360128      1835008
        1792        16384         105.867     58720256      3670016
        1920            1           0.408         3840          240
        1920            2           0.725         7680          480
        1920            4           0.907        15360          960
        1920            8           0.880        30720         1920
        1920           16           1.038        61440         3840
        1920           32           0.947       122880         7680
        1920           64           1.067       245760        15360
        1920          128           1.396       491520        30720
        1920          256           2.184       983040        61440
        1920          512           3.927      1966080       122880
        1920         1024           7.365      3932160       245760
        1920         2048          14.016      7864320       491520
        1920         4096          27.553     15728640       983040
        1920         8192          54.069     31457280      1966080
        2112            1           0.419         4224          264
        2112            2           1.083         8448          528
        2112            4           0.772        16896         1056
        2112            8           0.739        33792         2112
        2112           16           0.844        67584         4224
        2112           32           1.021       135168         8448
        2112           64           1.152       270336        16896
        2112          128           1.475       540672        33792
        2112          256           2.265      1081344        67584
        2112          512           3.900      2162688       135168
        2112         1024           7.406      4325376       270336
        2112         2048          14.416      8650752       540672
        2112         4096          28.781     17301504      1081344
        2112         8192          56.692     34603008      2162688
        2304            1           0.304         4608          288
        2304            2           0.948         9216          576
        2304            4           0.930        18432         1152
        2304            8           0.775        36864         2304
        2304           16           0.749        73728         4608
        2304           32           0.867       147456         9216
        2304           64           1.039       294912        18432
        2304          128           1.057       589824        36864
        2304          256           1.713      1179648        73728
        2304          512           3.058      2359296       147456
        2304         1024           5.988      4718592       294912
        2304         2048          11.425      9437184       589824
        2304         4096          22.244     18874368      1179648
        2304         8192          43.983     37748736      2359296
        2496            1           0.372         4992          312
        2496            2           0.811         9984          624
        2496            4           0.905        19968         1248
        2496            8           0.914        39936         2496
        2496           16           0.776        79872         4992
        2496           32           0.780       159744         9984
        2496           64           0.987       319488        19968
        2496          128           1.315       638976        39936
        2496          256           1.693      1277952        79872
        2496          512           3.084      2555904       159744
        2496         1024           5.938      5111808       319488
        2496         2048          11.504     10223616       638976
        2496         4096          22.504     20447232      1277952
        2496         8192          44.241     40894464      2555904
        2688            1           0.519         5376          336
        2688            2           0.583        10752          672
        2688            4           0.892        21504         1344
        2688            8           0.754        43008         2688
        2688           16           0.771        86016         5376
        2688           32           0.773       172032        10752
        2688           64           0.824       344064        21504
        2688          128           1.135       688128        43008
        2688          256           1.647      1376256        86016
        2688          512           3.223      2752512       172032
        2688         1024           6.109      5505024       344064
        2688         2048          11.866     11010048       688128
        2688         4096          23.149     22020096      1376256
        2688         8192          46.071     44040192      2752512
        2944            1           0.301         5888          368
        2944            2           0.553        11776          736
        2944            4           0.813        23552         1472
        2944            8           0.706        47104         2944
        2944           16           0.741        94208         5888
        2944           32           1.022       188416        11776
        2944           64           0.979       376832        23552
        2944          128           1.237       753664        47104
        2944          256           1.929      1507328        94208
        2944          512           3.401      3014656       188416
        2944         1024           6.711      6029312       376832
        2944         2048          13.035     12058624       753664
        2944         4096          25.660     24117248      1507328
        2944         8192          50.393     48234496      3014656
        3200            1           0.609         6400          400
        3200            2           0.510        12800          800
        3200            4           0.963        25600         1600
        3200            8           0.784        51200         3200
        3200           16           0.757       102400         6400
        3200           32           0.814       204800        12800
        3200           64           0.962       409600        25600
        3200          128           1.339       819200        51200
        3200          256           2.149      1638400       102400
        3200          512           3.749      3276800       204800
        3200         1024           6.795      6553600       409600
        3200         2048          13.485     13107200       819200
        3200         4096          26.496     26214400      1638400
        3200         8192          52.921     52428800      3276800
        3520            1           0.573         7040          440
        3520            2           0.959        14080          880
        3520            4           0.795        28160         1760
        3520            8           0.742        56320         3520
        3520           16           0.974       112640         7040
        3520           32           0.784       225280        14080
        3520           64           0.934       450560        28160
        3520          128           1.432       901120        56320
        3520          256           2.054      1802240       112640
        3520          512           4.008      3604480       225280
        3520         1024           7.560      7208960       450560
        3520         2048          14.859     14417920       901120
        3520         4096          29.056     28835840      1802240
        3520         8192          57.918     57671680      3604480
        3840            1           0.304         7680          480
        3840            2           0.667        15360          960
        3840            4           0.590        30720         1920
        3840            8           0.854        61440         3840
        3840           16           0.813       122880         7680
        3840           32           0.884       245760        15360
        3840           64           1.019       491520        30720
        3840          128           1.223       983040        61440
        3840          256           2.155      1966080       122880
        3840          512           3.662      3932160       245760
        3840         1024           7.120      7864320       491520
        3840         2048          13.496     15728640       983040
        3840         4096          26.390     31457280      1966080
        4224            1           0.648         8448          528
        4224            2           0.703        16896         1056
        4224            4           0.789        33792         2112
        4224            8           0.731        67584         4224
        4224           16           0.780       135168         8448
        4224           32           0.869       270336        16896
        4224           64           1.079       540672        33792
        4224          128           1.554      1081344        67584
        4224          256           2.293      2162688       135168
        4224          512           4.344      4325376       270336
        4224         1024           8.324      8650752       540672
        4224         2048          16.277     17301504      1081344
        4224         4096          31.880     34603008      2162688
        4608            1           0.584         9216          576
        4608            2           0.688        18432         1152
        4608            4           0.772        36864         2304
        4608            8           0.832        73728         4608
        4608           16           0.767       147456         9216
        4608           32           0.793       294912        18432
        4608           64           1.145       589824        36864
        4608          128           1.244      1179648        73728
        4608          256           2.272      2359296       147456
        4608          512           4.293      4718592       294912
        4608         1024           8.017      9437184       589824
        4608         2048          15.608     18874368      1179648
        4608         4096          30.736     37748736      2359296
        5056            1           0.378        10112          632
        5056            2           0.636        20224         1264
        5056            4           0.655        40448         2528
        5056            8           0.726        80896         5056
        5056           16           0.910       161792        10112
        5056           32           0.925       323584        20224
        5056           64           1.131       647168        40448
        5056          128           1.701      1294336        80896
        5056          256           2.617      2588672       161792
        5056          512           5.109      5177344       323584
        5056         1024           9.368     10354688       647168
        5056         2048          18.176     20709376      1294336
        5056         4096          36.009     41418752      2588672
        5504            1           0.337        11008          688
        5504            2           0.873        22016         1376
        5504            4           0.780        44032         2752
        5504            8           0.707        88064         5504
        5504           16           0.979       176128        11008
        5504           32           0.852       352256        22016
        5504           64           1.189       704512        44032
        5504          128           1.598      1409024        88064
        5504          256           2.926      2818048       176128
        5504          512           5.148      5636096       352256
        5504         1024           9.789     11272192       704512
        5504         2048          19.096     22544384      1409024
        5504         4096          37.593     45088768      2818048
        6016            1           0.362        12032          752
        6016            2           0.994        24064         1504
        6016            4           0.954        48128         3008
        6016            8           0.824        96256         6016
        6016           16           1.029       192512        12032
        6016           32           0.972       385024        24064
        6016           64           1.284       770048        48128
        6016          128           1.837      1540096        96256
        6016          256           2.928      3080192       192512
        6016          512           5.301      6160384       385024
        6016         1024          10.244     12320768       770048
        6016         2048          20.233     24641536      1540096
        6016         4096          40.047     49283072      3080192
        6592            1           0.331        13184          824
        6592            2           0.837        26368         1648
        6592            4           0.732        52736         3296
        6592            8           0.922       105472         6592
        6592           16           0.892       210944        13184
        6592           32           0.992       421888        26368
        6592           64           1.265       843776        52736
        6592          128           1.793      1687552       105472
        6592          256           3.202      3375104       210944
        6592          512           5.932      6750208       421888
        6592         1024          11.312     13500416       843776
        6592         2048          22.108     27000832      1687552
        6592         4096          43.719     54001664      3375104
        7232            1           0.556        14464          904
        7232            2           0.698        28928         1808
        7232            4           0.527        57856         3616
        7232            8           0.926       115712         7232
        7232           16           0.849       231424        14464
        7232           32           1.098       462848        28928
        7232           64           1.186       925696        57856
        7232          128           1.814      1851392       115712
        7232          256           3.140      3702784       231424
        7232          512           6.239      7405568       462848
        7232         1024          11.826     14811136       925696
        7232         2048          23.009     29622272      1851392
        7232         4096          45.279     59244544      3702784
        7936            1           0.480        15872          992
        7936            2           0.934        31744         1984
        7936            4           0.854        63488         3968
        7936            8           0.992       126976         7936
        7936           16           0.895       253952        15872
        7936           32           1.217       507904        31744
        7936           64           1.321      1015808        63488
        7936          128           2.001      2031616       126976
        7936          256           3.542      4063232       253952
        7936          512           6.606      8126464       507904
        7936         1024          12.359     16252928      1015808
        7936         2048          24.870     32505856      2031616
        8704            1           0.321        17408         1088
        8704            2           0.862        34816         2176
        8704            4           0.775        69632         4352
        8704            8           0.792       139264         8704
        8704           16           0.914       278528        17408
        8704           32           1.183       557056        34816
        8704           64           1.654      1114112        69632
        8704          128           2.597      2228224       139264
        8704          256           4.604      4456448       278528
        8704          512           8.608      8912896       557056
        8704         1024          16.456     17825792      1114112
        8704         2048          32.434     35651584      2228224
        9536            1           0.636        19072         1192
        9536            2           0.855        38144         2384
        9536            4           0.786        76288         4768
        9536            8           0.789       152576         9536
        9536           16           0.984       305152        19072
        9536           32           1.145       610304        38144
        9536           64           1.667      1220608        76288
        9536          128           2.276      2441216       152576
        9536          256           3.884      4882432       305152
        9536          512           7.692      9764864       610304
        9536         1024          14.723     19529728      1220608
        9536         2048          29.185     39059456      2441216
       10432            1           0.393        20864         1304
       10432            2           0.839        41728         2608
       10432            4           0.917        83456         5216
       10432            8           0.942       166912        10432
       10432           16           1.051       333824        20864
       10432           32           1.325       667648        41728
       10432           64           1.775      1335296        83456
       10432          128           2.852      2670592       166912
       10432          256           5.054      5341184       333824
       10432          512           9.828     10682368       667648
       10432         1024          18.944     21364736      1335296
       10432         2048          37.830     42729472      2670592
       11456            1           0.395        22912         1432
       11456            2           1.013        45824         2864
       11456            4           0.775        91648         5728
       11456            8           0.884       183296        11456
       11456           16           0.975       366592        22912
       11456           32           1.382       733184        45824
       11456           64           1.925      1466368        91648
       11456          128           2.909      2932736       183296
       11456          256           5.355      5865472       366592
       11456          512          10.041     11730944       733184
       11456         1024          19.369     23461888      1466368
       11456         2048          38.316     46923776      2932736
       12544            1           0.481        25088         1568
       12544            2           0.801        50176         3136
       12544            4           0.688       100352         6272
       12544            8           0.832       200704        12544
       12544           16           0.881       401408        25088
       12544           32           1.227       802816        50176
       12544           64           1.885      1605632       100352
       12544          128           2.958      3211264       200704
       12544          256           5.923      6422528       401408
       12544          512           9.458     12845056       802816
       12544         1024          18.464     25690112      1605632
       12544         2048          36.632     51380224      3211264
       13760            1           0.410        27520         1720
       13760            2           0.666        55040         3440
       13760            4           0.926       110080         6880
       13760            8           0.899       220160        13760
       13760           16           1.000       440320        27520
       13760           32           1.260       880640        55040
       13760           64           2.044      1761280       110080
       13760          128           2.939      3522560       220160
       13760          256           5.532      7045120       440320
       13760          512          10.360     14090240       880640
       13760         1024          20.451     28180480      1761280
       13760         2048          42.908     56360960      3522560
       15104            1           1.051        30208         1888
       15104            2           0.695        60416         3776
       15104            4           1.134       120832         7552
       15104            8           0.913       241664        15104
       15104           16           0.920       483328        30208
       15104           32           1.348       966656        60416
       15104           64           1.752      1933312       120832
       15104          128           3.258      3866624       241664
       15104          256           5.889      7733248       483328
       15104          512          11.227     15466496       966656
       15104         1024          21.731     30932992      1933312
       15104         2048          43.121     61865984      3866624
       16576            1           0.810        33152         2072
       16576            2           0.602        66304         4144
       16576            4           1.008       132608         8288
       16576            8           0.932       265216        16576
       16576           16           1.010       530432        33152
       16576           32           1.269      1060864        66304
       16576           64           2.039      2121728       132608
       16576          128           3.409      4243456       265216
       16576          256           6.259      8486912       530432
       16576          512          12.210     16973824      1060864
       16576         1024          23.950     33947648      2121728
       18176            1           0.387        36352         2272
       18176            2           0.777        72704         4544
       18176            4           0.866       145408         9088
       18176            8           0.821       290816        18176
       18176           16           0.994       581632        36352
       18176           32           1.295      1163264        72704
       18176           64           1.762      2326528       145408
       18176          128           3.001      4653056       290816
       18176          256           5.490      9306112       581632
       18176          512          10.370     18612224      1163264
       18176         1024          20.440     37224448      2326528
       19968            1           0.413        39936         2496
       19968            2           0.714        79872         4992
       19968            4           0.805       159744         9984
       19968            8           0.838       319488        19968
       19968           16           0.949       638976        39936
       19968           32           1.405      1277952        79872
       19968           64           2.398      2555904       159744
       19968          128           3.572      5111808       319488
       19968          256           6.681     10223616       638976
       19968          512          12.316     20447232      1277952
       19968         1024          24.368     40894464      2555904
       21952            1           0.763        43904         2744
       21952            2           0.864        87808         5488
       21952            4           0.847       175616        10976
       21952            8           0.820       351232        21952
       21952           16           1.172       702464        43904
       21952           32           1.524      1404928        87808
       21952           64           2.201      2809856       175616
       21952          128           3.950      5619712       351232
       21952          256           7.254     11239424       702464
       21952          512          13.531     22478848      1404928
       21952         1024          26.774     44957696      2809856
       24128            1           0.421        48256         3016
       24128            2           0.825        96512         6032
       24128            4           0.792       193024        12064
       24128            8           0.918       386048        24128
       24128           16           1.216       772096        48256
       24128           32           1.622      1544192        96512
       24128           64           2.287      3088384       193024
       24128          128           3.652      6176768       386048
       24128          256           6.814     12353536       772096
       24128          512          13.504     24707072      1544192
       24128         1024          26.538     49414144      3088384
       26496            1           0.484        52992         3312
       26496            2           0.706       105984         6624
       26496            4           0.847       211968        13248
       26496            8           0.988       423936        26496
       26496           16           1.208       847872        52992
       26496           32           1.796      1695744       105984
       26496           64           2.546      3391488       211968
       26496          128           4.526      6782976       423936
       26496          256           8.150     13565952       847872
       26496          512          15.724     27131904      1695744
       26496         1024          31.129     54263808      3391488
       29120            1           0.465        58240         3640
       29120            2           0.862       116480         7280
       29120            4           0.982       232960        14560
       29120            8           1.001       465920        29120
       29120           16           1.293       931840        58240
       29120           32           1.721      1863680       116480
       29120           64           2.686      3727360       232960
       29120          128           4.849      7454720       465920
       29120          256           9.022     14909440       931840
       29120          512          17.288     29818880      1863680
       29120         1024          34.124     59637760      3727360
       32000            1           0.509        64000         4000
       32000            2           0.706       128000         8000
       32000            4           0.849       256000        16000
       32000            8           1.303       512000        32000
       32000           16           1.224      1024000        64000
       32000           32           1.763      2048000       128000
       32000           64           2.933      4096000       256000
       32000          128           5.000      8192000       512000
       32000          256           9.407     16384000      1024000
       32000          512          18.782     32768000      2048000
       35200            1           0.506        70400         4400
       35200            2           0.900       140800         8800
       35200            4           0.936       281600        17600
       35200            8           1.090       563200        35200
       35200           16           1.295      1126400        70400
       35200           32           2.172      2252800       140800
       35200           64           3.345      4505600       281600
       35200          128           5.887      9011200       563200
       35200          256          10.802     18022400      1126400
       35200          512          22.146     36044800      2252800
       38720            1           1.129        77440         4840
       38720            2           0.657       154880         9680
       38720            4           0.843       309760        19360
       38720            8           1.070       619520        38720
       38720           16           1.302      1239040        77440
       38720           32           2.144      2478080       154880
       38720           64           3.994      4956160       309760
       38720          128           6.176      9912320       619520
       38720          256          11.502     19824640      1239040
       38720          512          23.853     39649280      2478080
       42560            1           0.593        85120         5320
       42560            2           0.906       170240        10640
       42560            4           1.089       340480        21280
       42560            8           1.128       680960        42560
       42560           16           1.587      1361920        85120
       42560           32           2.210      2723840       170240
       42560           64           3.665      5447680       340480
       42560          128           6.998     10895360       680960
       42560          256          13.411     21790720      1361920
       42560          512          26.362     43581440      2723840
       46784            1           0.738        93568         5848
       46784            2           0.870       187136        11696
       46784            4           0.896       374272        23392
       46784            8           1.115       748544        46784
       46784           16           1.646      1497088        93568
       46784           32           2.460      2994176       187136
       46784           64           4.024      5988352       374272
       46784          128           7.241     11976704       748544
       46784          256          13.714     23953408      1497088
       46784          512          28.848     47906816      2994176
       51456            1           1.469       102912         6432
       51456            2           0.851       205824        12864
       51456            4           1.152       411648        25728
       51456            8           1.340       823296        51456
       51456           16           1.653      1646592       102912
       51456           32           2.539      3293184       205824
       51456           64           4.228      6586368       411648
       51456          128           7.650     13172736       823296
       51456          256          15.118     26345472      1646592
       51456          512          30.574     52690944      3293184
       56576            1           2.123       113152         7072
       56576            2           0.747       226304        14144
       56576            4           1.062       452608        28288
       56576            8           1.222       905216        56576
       56576           16           1.973      1810432       113152
       56576           32           2.772      3620864       226304
       56576           64           4.553      7241728       452608
       56576          128           8.514     14483456       905216
       56576          256          16.866     28966912      1810432
       56576          512          33.350     57933824      3620864
       62208            1           0.672       124416         7776
       62208            2           0.903       248832        15552
       62208            4           1.225       497664        31104
       62208            8           1.240       995328        62208
       62208           16           1.852      1990656       124416
       62208           32           3.075      3981312       248832
       62208           64           5.059      7962624       497664
       62208          128           9.144     15925248       995328
       62208          256          18.082     31850496      1990656
       68416            1           0.839       136832         8552
       68416            2           0.935       273664        17104
       68416            4           1.074       547328        34208
       68416            8           1.252      1094656        68416
       68416           16           2.079      2189312       136832
       68416           32           3.116      4378624       273664
       68416           64           5.713      8757248       547328
       68416          128          10.768     17514496      1094656
       68416          256          19.639     35028992      2189312
       75200            1           0.813       150400         9400
       75200            2           0.984       300800        18800
       75200            4           1.144       601600        37600
       75200            8           1.456      1203200        75200
       75200           16           2.055      2406400       150400
       75200           32           3.278      4812800       300800
       75200           64           5.984      9625600       601600
       75200          128          11.591     19251200      1203200
       75200          256          22.402     38502400      2406400
       82688            1           1.370       165376        10336
       82688            2           1.070       330752        20672
       82688            4           1.031       661504        41344
       82688            8           1.710      1323008        82688
       82688           16           2.268      2646016       165376
       82688           32           3.574      5292032       330752
       82688           64           6.491     10584064       661504
       82688          128          12.055     21168128      1323008
       82688          256          29.098     42336256      2646016
       90944            1           1.081       181888        11368
       90944            2           1.015       363776        22736
       90944            4           1.235       727552        45472
       90944            8           1.535      1455104        90944
       90944           16           2.312      2910208       181888
       90944           32           3.836      5820416       363776
       90944           64           6.990     11640832       727552
       90944          128          12.942     23281664      1455104
       90944          256          26.615     46563328      2910208
      100032            1           1.129       200064        12504
      100032            2           1.061       400128        25008
      100032            4           1.001       800256        50016
      100032            8           1.646      1600512       100032
      100032           16           2.558      3201024       200064
      100032           32           4.358      6402048       400128
      100032           64           7.572     12804096       800256
      100032          128          14.396     25608192      1600512
      100032          256          28.380     51216384      3201024
      110016            1           1.157       220032        13752
      110016            2           1.066       440064        27504
      110016            4           1.241       880128        55008
      110016            8           1.635      1760256       110016
      110016           16           2.611      3520512       220032
      110016           32           4.464      7041024       440064
      110016           64           8.218     14082048       880128
      110016          128          15.989     28164096      1760256
      110016          256          31.603     56328192      3520512
      120960            1           1.296       241920        15120
      120960            2           1.214       483840        30240
      120960            4           1.319       967680        60480
      120960            8           1.823      1935360       120960
      120960           16           2.877      3870720       241920
      120960           32           4.972      7741440       483840
      120960           64           9.230     15482880       967680
      120960          128          17.534     30965760      1935360
      120960          256          34.596     61931520      3870720
      133056            1           1.402       266112        16632
      133056            2           1.068       532224        33264
      133056            4           1.405      1064448        66528
      133056            8           2.042      2128896       133056
      133056           16           3.150      4257792       266112
      133056           32           5.360      8515584       532224
      133056           64           9.948     17031168      1064448
      133056          128          19.180     34062336      2128896
      146304            1           1.323       292608        18288
      146304            2           1.123       585216        36576
      146304            4           1.531      1170432        73152
      146304            8           2.183      2340864       146304
      146304           16           3.433      4681728       292608
      146304           32           5.707      9363456       585216
      146304           64          10.812     18726912      1170432
      146304          128          20.853     37453824      2340864
      160896            1           1.747       321792        20112
      160896            2           1.523       643584        40224
      160896            4           1.576      1287168        80448
      160896            8           2.329      2574336       160896
      160896           16           3.714      5148672       321792
      160896           32           6.271     10297344       643584
      160896           64          11.812     20594688      1287168
      160896          128          22.704     41189376      2574336
      176960            1           1.981       353920        22120
      176960            2           1.232       707840        44240
      176960            4           1.678      1415680        88480
      176960            8           2.385      2831360       176960
      176960           16           3.895      5662720       353920
      176960           32           6.779     11325440       707840
      176960           64          12.961     22650880      1415680
      176960          128          25.287     45301760      2831360
      194624            1           1.954       389248        24328
      194624            2           1.403       778496        48656
      194624            4           1.707      1556992        97312
      194624            8           2.502      3113984       194624
      194624           16           4.225      6227968       389248
      194624           32           7.495     12455936       778496
      194624           64          13.983     24911872      1556992
      194624          128          27.758     49823744      3113984
      214080            1           2.096       428160        26760
      214080            2           1.621       856320        53520
      214080            4           1.806      1712640       107040
      214080            8           2.827      3425280       214080
      214080           16           4.504      6850560       428160
      214080           32           8.181     13701120       856320
      214080           64          15.675     27402240      1712640
      214080          128          30.688     54804480      3425280
      235456            1           2.396       470912        29432
      235456            2           1.517       941824        58864
      235456            4           2.083      1883648       117728
      235456            8           3.190      3767296       235456
      235456           16           5.092      7534592       470912
      235456           32           9.201     15069184       941824
      235456           64          23.197     30138368      1883648
      235456          128          33.929     60276736      3767296
      258944            1           2.738       517888        32368
      258944            2           1.712      1035776        64736
      258944            4           2.224      2071552       129472
      258944            8           3.375      4143104       258944
      258944           16           5.416      8286208       517888
      258944           32           9.853     16572416      1035776
      258944           64          18.734     33144832      2071552
      284800            1           2.899       569600        35600
      284800            2           1.907      1139200        71200
      284800            4           2.482      2278400       142400
      284800            8           4.197      4556800       284800
      284800           16           7.052      9113600       569600
      284800           32          13.423     18227200      1139200
      284800           64          25.624     36454400      2278400
      313280            1           3.622       626560        39160
      313280            2           2.212      1253120        78320
      313280            4           2.962      2506240       156640
      313280            8           4.869      5012480       313280
      313280           16           8.887     10024960       626560
      313280           32          17.042     20049920      1253120
      313280           64          33.001     40099840      2506240
      344576            1           3.707       689152        43072
      344576            2           2.484      1378304        86144
      344576            4           3.600      2756608       172288
      344576            8           5.863      5513216       344576
      344576           16          10.664     11026432       689152
      344576           32          20.133     22052864      1378304
      344576           64          39.133     44105728      2756608
      379008            1           4.442       758016        47376
      379008            2           2.575      1516032        94752
      379008            4           3.765      3032064       189504
      379008            8           6.288      6064128       379008
      379008           16          11.562     12128256       758016
      379008           32          21.958     24256512      1516032
      379008           64          42.618     48513024      3032064
      416896            1           4.516       833792        52112
      416896            2           2.590      1667584       104224
      416896            4           4.094      3335168       208448
      416896            8           6.863      6670336       416896
      416896           16          12.492     13340672       833792
      416896           32          24.240     26681344      1667584
      416896           64          46.968     53362688      3335168
      458560            1           4.512       917120        57320
      458560            2           3.003      1834240       114640
      458560            4           4.517      3668480       229280
      458560            8           7.370      7336960       458560
      458560           16          13.615     14673920       917120
      458560           32          26.173     29347840      1834240
      458560           64          51.516     58695680      3668480
      504384            1           5.586      1008768        63048
      504384            2           3.007      2017536       126096
      504384            4           4.721      4035072       252192
      504384            8           8.199      8070144       504384
      504384           16          15.129     16140288      1008768
      504384           32          31.363     32280576      2017536
      554816            1           5.556      1109632        69352
      554816            2           3.266      2219264       138704
      554816            4           5.174      4438528       277408
      554816            8           8.926      8877056       554816
      554816           16          16.524     17754112      1109632
      554816           32          31.926     35508224      2219264
      610240            1           6.484      1220480        76280
      610240            2           3.561      2440960       152560
      610240            4           5.718      4881920       305120
      610240            8           9.548      9763840       610240
      610240           16          17.924     19527680      1220480
      610240           32          34.904     39055360      2440960
      671232            1           6.618      1342464        83904
      671232            2           3.834      2684928       167808
      671232            4           6.111      5369856       335616
      671232            8          10.496     10739712       671232
      671232           16          19.780     21479424      1342464
      671232           32          38.279     42958848      2684928
      738304            1           8.187      1476608        92288
      738304            2           4.152      2953216       184576
      738304            4           6.709      5906432       369152
      738304            8          11.646     11812864       738304
      738304           16          21.589     23625728      1476608
      738304           32          42.187     47251456      2953216
      812096            1           8.174      1624192       101512
      812096            2           4.497      3248384       203024
      812096            4           7.293      6496768       406048
      812096            8          12.815     12993536       812096
      812096           16          23.933     25987072      1624192
      812096           32          46.115     51974144      3248384
      893248            1           9.574      1786496       111656
      893248            2           4.918      3572992       223312
      893248            4           7.737      7145984       446624
      893248            8          13.850     14291968       893248
      893248           16          26.154     28583936      1786496
      893248           32          50.516     57167872      3572992
      982528            1          10.145      1965056       122816
      982528            2           4.904      3930112       245632
      982528            4           8.717      7860224       491264
      982528            8          15.072     15720448       982528
      982528           16          28.426     31440896      1965056
     1080768            1          10.735      2161536       135096
     1080768            2           6.857      4323072       270192
     1080768            4          10.595      8646144       540384
     1080768            8          17.320     17292288      1080768
     1080768           16          31.299     34584576      2161536
     1188800            1          12.127      2377600       148600
     1188800            2           6.161      4755200       297200
     1188800            4          10.496      9510400       594400
     1188800            8          18.441     19020800      1188800
     1188800           16          34.462     38041600      2377600
     1307648            1          13.526      2615296       163456
     1307648            2           6.613      5230592       326912
     1307648            4          11.132     10461184       653824
     1307648            8          19.967     20922368      1307648
     1307648           16          37.734     41844736      2615296
     1438400            1          14.362      2876800       179800
     1438400            2           7.372      5753600       359600
     1438400            4          12.195     11507200       719200
     1438400            8          22.000     23014400      1438400
     1438400           16          41.604     46028800      2876800
     1582208            1          16.058      3164416       197776
     1582208            2           8.080      6328832       395552
     1582208            4          13.529     12657664       791104
     1582208            8          36.414     25315328      1582208
     1582208           16          51.000     50630656      3164416
     1740416            1          17.590      3480832       217552
     1740416            2           8.778      6961664       435104
     1740416            4          14.563     13923328       870208
     1740416            8          26.378     27846656      1740416
     1740416           16          50.207     55693312      3480832
     1914432            1          19.982      3828864       239304
     1914432            2           9.547      7657728       478608
     1914432            4          16.064     15315456       957216
     1914432            8          28.825     30630912      1914432
     1914432           16          54.921     61261824      3828864
     2105856            1          21.777      4211712       263232
     2105856            2          10.367      8423424       526464
     2105856            4          17.570     16846848      1052928
     2105856            8          31.618     33693696      2105856
     2316416            1          24.143      4632832       289552
     2316416            2          11.577      9265664       579104
     2316416            4          19.304     18531328      1158208
     2316416            8          35.002     37062656      2316416
     2548032            1          25.918      5096064       318504
     2548032            2          12.475     10192128       637008
     2548032            4          21.043     20384256      1274016
     2548032            8          38.385     40768512      2548032
     2802816            1          28.447      5605632       350352
     2802816            2          13.528     11211264       700704
     2802816            4          23.138     22422528      1401408
     2802816            8          42.105     44845056      2802816
     3083072            1          31.206      6166144       385384
     3083072            2          14.796     12332288       770768
     3083072            4          25.313     24664576      1541536
     3083072            8          46.500     49329152      3083072
     3391360            1          33.764      6782720       423920
     3391360            2          16.143     13565440       847840
     3391360            4          27.879     27130880      1695680
     3391360            8          51.022     54261760      3391360
     3730496            1          41.124      7460992       466312
     3730496            2          18.148     14921984       932624
     3730496            4          30.617     29843968      1865248
     3730496            8          55.949     59687936      3730496
     4103488            1          41.555      8206976       512936
     4103488            2          19.879     16413952      1025872
     4103488            4          33.584     32827904      2051744
     4513792            1          46.802      9027584       564224
     4513792            2          23.344     18055168      1128448
     4513792            4          37.412     36110336      2256896
     4965120            1          63.345      9930240       620640
     4965120            2          31.941     19860480      1241280
     4965120            4          41.925     39720960      2482560
     5461632            1          55.540     10923264       682704
     5461632            2          29.102     21846528      1365408
     5461632            4          47.448     43693056      2730816
     6007744            1          59.899     12015488       750968
     6007744            2          37.150     24030976      1501936
     6007744            4          53.037     48061952      3003872
     6608512            1          63.389     13217024       826064
     6608512            2          42.575     26434048      1652128
     6608512            4          62.820     52868096      3304256
     7269312            1          68.954     14538624       908664
     7269312            2          52.374     29077248      1817328
     7269312            4          75.128     58154496      3634656
     7996224            1          70.571     15992448       999528
     7996224            2          62.198     31984896      1999056
     8795840            1          74.045     17591680      1099480
     8795840            2          76.449     35183360      2198960
     9675392            1          77.918     19350784      1209424
     9675392            2          89.083     38701568      2418848
    10642880            1          85.343     21285760      1330360
    10642880            2         105.718     42571520      2660720
    11707136            1          94.715     23414272      1463392
    11707136            2         123.676     46828544      2926784
    12877824            1          97.996     25755648      1609728
    12877824            2         142.402     51511296      3219456
    14165568            1         108.923     28331136      1770696
    14165568            2         165.750     56662272      3541392
    15582080            1         118.922     31164160      1947760
    17140288            1         134.965     34280576      2142536
    18854272            1         155.574     37708544      2356784
    20739648            1         181.935     41479296      2592456
    22813568            1         205.438     45627136      2851696
    25094912            1         240.404     50189824      3136864
    27604352            1         280.456     55208704      3450544
    30364736            1         323.215     60729472      3795592

META_DATA
FLOPS          1
OPENMP_THREADS 8
ERT_VERSION  1.1.0
HOSTNAME  ('cirrus4.computing.clemson.edu', ['cirrus4'], ['127.0.1.1'])
UNAME  uname_result(system='Linux', node='cirrus4.computing.clemson.edu', release='5.4.0-81-generic', version='#91-Ubuntu SMP Thu Jul 15 19:09:17 UTC 2021', machine='x86_64', processor='x86_64')
TIMESTAMP_DATA  1632245393.7431486
CONFIG  {'ERT_RESULTS': ['Results.cs.clemson.edu'], 'ERT_DRIVER': ['driver1'], 'ERT_KERNEL': ['kernel1'], 'ERT_MPI': ['False'], 'ERT_MPI_CFLAGS': [], 'ERT_MPI_LDFLAGS': [], 'ERT_OPENMP': ['True'], 'ERT_OPENMP_CFLAGS': ['-fopenmp'], 'ERT_OPENMP_LDFLAGS': ['-fopenmp'], 'ERT_FLOPS': ['1,2,4'], 'ERT_ALIGN': ['32'], 'ERT_CC': ['g++'], 'ERT_CFLAGS': ['-O3', '-std=c++11', '-fstrict-aliasing', '-march=native'], 'ERT_LD': ['g++'], 'ERT_LDFLAGS': [], 'ERT_LDLIBS': [], 'ERT_PRECISION': ['FP64'], 'ERT_RUN': ['export', 'OMP_NUM_THREADS=ERT_OPENMP_THREADS;', 'export', 'OMP_PLACES=threads;', 'export', 'OMP_PROC_BIND=spread;', './ERT_CODE'], 'ERT_PROCS_THREADS': ['8'], 'ERT_MPI_PROCS': ['2,4,8'], 'ERT_OPENMP_THREADS': ['1-8'], 'ERT_NUM_EXPERIMENTS': ['5'], 'ERT_MEMORY_MAX': ['31000000'], 'ERT_WORKING_SET_MIN': ['1'], 'ERT_TRIALS_MIN': ['1'], 'ERT_GNUPLOT': ['gnuplot'], 'ERT_GPU': [False], 'ERT_HIP': [False], 'ERT_OCL': [False], 'ERT_SYCL': [False], 'ERT_WSS_MULT': [1.1]}
