fp64
          64            1           2.048          128            8
          64            2           1.180          256           16
          64            4           0.976          512           32
          64            8           0.976         1024           64
          64           16           1.129         2048          128
          64           32           1.064         4096          256
          64           64           1.592         8192          512
          64          128           1.875        16384         1024
          64          256           2.644        32768         2048
          64          512           4.013        65536         4096
          64         1024           7.072       131072         8192
          64         2048          12.857       262144        16384
          64         4096          25.148       524288        32768
          64         8192          49.334      1048576        65536
          64        16384          97.530      2097152       131072
          64        32768         199.007      4194304       262144
          64        65536         422.469      8388608       524288
          64       131072         836.633     16777216      1048576
          64       262144        1685.514     33554432      2097152
         128            1           2.124          256           16
         128            2           0.815          512           32
         128            4           1.221         1024           64
         128            8           1.013         2048          128
         128           16           0.946         4096          256
         128           32           1.302         8192          512
         128           64           1.318        16384         1024
         128          128           1.784        32768         2048
         128          256           2.653        65536         4096
         128          512           4.315       131072         8192
         128         1024           7.344       262144        16384
         128         2048          14.250       524288        32768
         128         4096          28.567      1048576        65536
         128         8192          56.690      2097152       131072
         128        16384         112.025      4194304       262144
         128        32768         222.512      8388608       524288
         128        65536         420.392     16777216      1048576
         128       131072         760.120     33554432      2097152
         192            1           2.054          384           24
         192            2           0.901          768           48
         192            4           0.953         1536           96
         192            8           0.912         3072          192
         192           16           0.959         6144          384
         192           32           1.115        12288          768
         192           64           1.368        24576         1536
         192          128           1.455        49152         3072
         192          256           2.310        98304         6144
         192          512           4.022       196608        12288
         192         1024           7.045       393216        24576
         192         2048          13.314       786432        49152
         192         4096          26.813      1572864        98304
         192         8192          54.387      3145728       196608
         192        16384         108.504      6291456       393216
         192        32768         225.791     12582912       786432
         192        65536         381.375     25165824      1572864
         192       131072         731.925     50331648      3145728
         256            1           1.249          512           32
         256            2           0.895         1024           64
         256            4           1.175         2048          128
         256            8           0.755         4096          256
         256           16           0.767         8192          512
         256           32           1.198        16384         1024
         256           64           1.338        32768         2048
         256          128           1.637        65536         4096
         256          256           2.305       131072         8192
         256          512           3.972       262144        16384
         256         1024           6.512       524288        32768
         256         2048          13.349      1048576        65536
         256         4096          26.524      2097152       131072
         256         8192          50.902      4194304       262144
         256        16384          95.989      8388608       524288
         256        32768         193.587     16777216      1048576
         256        65536         388.507     33554432      2097152
         320            1           0.813          640           40
         320            2           0.489         1280           80
         320            4           0.917         2560          160
         320            8           1.194         5120          320
         320           16           1.019        10240          640
         320           32           1.201        20480         1280
         320           64           1.210        40960         2560
         320          128           1.581        81920         5120
         320          256           2.362       163840        10240
         320          512           3.613       327680        20480
         320         1024           6.618       655360        40960
         320         2048          13.350      1310720        81920
         320         4096          25.639      2621440       163840
         320         8192          49.731      5242880       327680
         320        16384          96.462     10485760       655360
         320        32768         193.820     20971520      1310720
         320        65536         409.804     41943040      2621440
         384            1           1.799          768           48
         384            2           0.762         1536           96
         384            4           1.005         3072          192
         384            8           1.102         6144          384
         384           16           1.083        12288          768
         384           32           1.195        24576         1536
         384           64           1.223        49152         3072
         384          128           1.642        98304         6144
         384          256           2.164       196608        12288
         384          512           3.731       393216        24576
         384         1024           6.810       786432        49152
         384         2048          13.576      1572864        98304
         384         4096          27.150      3145728       196608
         384         8192          50.850      6291456       393216
         384        16384         101.386     12582912       786432
         384        32768         201.943     25165824      1572864
         384        65536         403.201     50331648      3145728
         448            1           1.090          896           56
         448            2           0.799         1792          112
         448            4           1.034         3584          224
         448            8           0.881         7168          448
         448           16           1.093        14336          896
         448           32           1.108        28672         1792
         448           64           1.296        57344         3584
         448          128           1.683       114688         7168
         448          256           2.523       229376        14336
         448          512           4.054       458752        28672
         448         1024           6.503       917504        57344
         448         2048          13.028      1835008       114688
         448         4096          28.004      3670016       229376
         448         8192          54.068      7340032       458752
         448        16384          97.111     14680064       917504
         448        32768         193.211     29360128      1835008
         448        65536         474.395     58720256      3670016
         512            1           0.978         1024           64
         512            2           0.848         2048          128
         512            4           1.109         4096          256
         512            8           0.879         8192          512
         512           16           0.929        16384         1024
         512           32           0.730        32768         2048
         512           64           1.161        65536         4096
         512          128           1.182       131072         8192
         512          256           1.820       262144        16384
         512          512           2.704       524288        32768
         512         1024           4.766      1048576        65536
         512         2048           8.385      2097152       131072
         512         4096          16.354      4194304       262144
         512         8192          32.190      8388608       524288
         512        16384          63.863     16777216      1048576
         512        32768         136.854     33554432      2097152
         576            1           0.819         1152           72
         576            2           0.890         2304          144
         576            4           1.064         4608          288
         576            8           0.945         9216          576
         576           16           0.881        18432         1152
         576           32           1.110        36864         2304
         576           64           1.179        73728         4608
         576          128           1.179       147456         9216
         576          256           1.895       294912        18432
         576          512           3.569       589824        36864
         576         1024           5.695      1179648        73728
         576         2048          20.440      2359296       147456
         576         4096          29.925      4718592       294912
         576         8192          35.410      9437184       589824
         576        16384          76.449     18874368      1179648
         576        32768         139.852     37748736      2359296
         640            1           2.108         1280           80
         640            2           0.959         2560          160
         640            4           0.913         5120          320
         640            8           0.879        10240          640
         640           16           1.202        20480         1280
         640           32           0.860        40960         2560
         640           64           1.223        81920         5120
         640          128           1.719       163840        10240
         640          256           2.892       327680        20480
         640          512           5.263       655360        40960
         640         1024          10.098      1310720        81920
         640         2048          21.138      2621440       163840
         640         4096          34.046      5242880       327680
         640         8192          37.423     10485760       655360
         640        16384          66.987     20971520      1310720
         640        32768         129.537     41943040      2621440
         704            1           0.872         1408           88
         704            2           0.774         2816          176
         704            4           1.045         5632          352
         704            8           0.843        11264          704
         704           16           1.133        22528         1408
         704           32           1.120        45056         2816
         704           64           1.223        90112         5632
         704          128           1.185       180224        11264
         704          256           1.675       360448        22528
         704          512           2.603       720896        45056
         704         1024           4.547      1441792        90112
         704         2048           8.516      2883584       180224
         704         4096          16.514      5767168       360448
         704         8192          32.731     11534336       720896
         704        16384          64.313     23068672      1441792
         704        32768         128.305     46137344      2883584
         768            1           1.323         1536           96
         768            2           0.512         3072          192
         768            4           0.961         6144          384
         768            8           0.972        12288          768
         768           16           0.972        24576         1536
         768           32           0.998        49152         3072
         768           64           1.259        98304         6144
         768          128           1.197       196608        12288
         768          256           1.555       393216        24576
         768          512           2.991       786432        49152
         768         1024           5.336      1572864        98304
         768         2048          10.500      3145728       196608
         768         4096          20.224      6291456       393216
         768         8192          40.442     12582912       786432
         768        16384          79.123     25165824      1572864
         768        32768         153.241     50331648      3145728
         832            1           2.187         1664          104
         832            2           0.641         3328          208
         832            4           0.885         6656          416
         832            8           0.801        13312          832
         832           16           1.007        26624         1664
         832           32           1.192        53248         3328
         832           64           1.288       106496         6656
         832          128           1.670       212992        13312
         832          256           2.430       425984        26624
         832          512           4.558       851968        53248
         832         1024          18.054      1703936       106496
         832         2048          21.785      3407872       212992
         832         4096          20.267      6815744       425984
         832         8192          39.277     13631488       851968
         832        16384          73.350     27262976      1703936
         832        32768         144.260     54525952      3407872
         896            1           1.217         1792          112
         896            2           0.575         3584          224
         896            4           0.977         7168          448
         896            8           1.012        14336          896
         896           16           1.126        28672         1792
         896           32           1.136        57344         3584
         896           64           1.231       114688         7168
         896          128           1.302       229376        14336
         896          256           1.755       458752        28672
         896          512           3.551       917504        57344
         896         1024           6.085      1835008       114688
         896         2048          11.850      3670016       229376
         896         4096          23.222      7340032       458752
         896         8192          45.696     14680064       917504
         896        16384          91.291     29360128      1835008
         896        32768         182.919     58720256      3670016
         960            1           0.802         1920          120
         960            2           0.732         3840          240
         960            4           0.908         7680          480
         960            8           0.770        15360          960
         960           16           1.092        30720         1920
         960           32           1.110        61440         3840
         960           64           1.177       122880         7680
         960          128           1.345       245760        15360
         960          256           1.906       491520        30720
         960          512           3.508       983040        61440
         960         1024           5.775      1966080       122880
         960         2048           9.654      3932160       245760
         960         4096          20.876      7864320       491520
         960         8192          44.573     15728640       983040
         960        16384          94.359     31457280      1966080
        1024            1           0.727         2048          128
        1024            2           0.960         4096          256
        1024            4           0.805         8192          512
        1024            8           1.107        16384         1024
        1024           16           0.867        32768         2048
        1024           32           1.147        65536         4096
        1024           64           1.006       131072         8192
        1024          128           1.589       262144        16384
        1024          256           2.262       524288        32768
        1024          512           3.054      1048576        65536
        1024         1024           5.966      2097152       131072
        1024         2048          10.546      4194304       262144
        1024         4096          21.938      8388608       524288
        1024         8192          41.587     16777216      1048576
        1024        16384          82.782     33554432      2097152
        1088            1           1.125         2176          136
        1088            2           0.846         4352          272
        1088            4           0.770         8704          544
        1088            8           0.874        17408         1088
        1088           16           1.010        34816         2176
        1088           32           1.017        69632         4352
        1088           64           1.057       139264         8704
        1088          128           1.210       278528        17408
        1088          256           1.849       557056        34816
        1088          512           3.613      1114112        69632
        1088         1024           6.764      2228224       139264
        1088         2048          11.207      4456448       278528
        1088         4096          23.460      8912896       557056
        1088         8192          44.753     17825792      1114112
        1088        16384         118.189     35651584      2228224
        1152            1           0.929         2304          144
        1152            2           0.608         4608          288
        1152            4           0.941         9216          576
        1152            8           0.832        18432         1152
        1152           16           1.089        36864         2304
        1152           32           0.924        73728         4608
        1152           64           0.954       147456         9216
        1152          128           1.353       294912        18432
        1152          256           2.395       589824        36864
        1152          512           4.352      1179648        73728
        1152         1024           6.815      2359296       147456
        1152         2048          13.622      4718592       294912
        1152         4096          23.408      9437184       589824
        1152         8192          47.600     18874368      1179648
        1152        16384          96.749     37748736      2359296
        1216            1           1.198         2432          152
        1216            2           0.737         4864          304
        1216            4           1.076         9728          608
        1216            8           1.034        19456         1216
        1216           16           1.006        38912         2432
        1216           32           0.945        77824         4864
        1216           64           1.159       155648         9728
        1216          128           1.278       311296        19456
        1216          256           2.304       622592        38912
        1216          512           3.903      1245184        77824
        1216         1024           7.133      2490368       155648
        1216         2048          13.222      4980736       311296
        1216         4096          26.378      9961472       622592
        1216         8192          52.628     19922944      1245184
        1216        16384         124.083     39845888      2490368
        1280            1           1.154         2560          160
        1280            2           0.847         5120          320
        1280            4           0.865        10240          640
        1280            8           0.979        20480         1280
        1280           16           1.132        40960         2560
        1280           32           0.861        81920         5120
        1280           64           1.075       163840        10240
        1280          128           1.364       327680        20480
        1280          256           2.214       655360        40960
        1280          512           2.618      1310720        81920
        1280         1024           4.504      2621440       163840
        1280         2048           8.265      5242880       327680
        1280         4096          25.270     10485760       655360
        1280         8192          29.090     20971520      1310720
        1280        16384          49.543     41943040      2621440
        1408            1           0.734         2816          176
        1408            2           0.741         5632          352
        1408            4           0.827        11264          704
        1408            8           0.789        22528         1408
        1408           16           1.039        45056         2816
        1408           32           0.881        90112         5632
        1408           64           0.995       180224        11264
        1408          128           1.180       360448        22528
        1408          256           1.370       720896        45056
        1408          512           2.211      1441792        90112
        1408         1024           3.903      2883584       180224
        1408         2048           7.459      5767168       360448
        1408         4096          14.355     11534336       720896
        1408         8192          28.469     23068672      1441792
        1408        16384          63.112     46137344      2883584
        1536            1           0.491         3072          192
        1536            2           0.715         6144          384
        1536            4           1.015        12288          768
        1536            8           0.875        24576         1536
        1536           16           0.669        49152         3072
        1536           32           0.654        98304         6144
        1536           64           0.986       196608        12288
        1536          128           1.006       393216        24576
        1536          256           1.497       786432        49152
        1536          512           2.152      1572864        98304
        1536         1024           4.174      3145728       196608
        1536         2048           7.505      6291456       393216
        1536         4096          14.331     12582912       786432
        1536         8192          27.831     25165824      1572864
        1536        16384          62.082     50331648      3145728
        1664            1           0.465         3328          208
        1664            2           0.992         6656          416
        1664            4           1.149        13312          832
        1664            8           0.690        26624         1664
        1664           16           0.832        53248         3328
        1664           32           0.880       106496         6656
        1664           64           0.894       212992        13312
        1664          128           1.144       425984        26624
        1664          256           2.190       851968        53248
        1664          512           3.288      1703936       106496
        1664         1024           4.332      3407872       212992
        1664         2048          10.157      6815744       425984
        1664         4096          19.259     13631488       851968
        1664         8192          31.503     27262976      1703936
        1664        16384          60.421     54525952      3407872
        1792            1           0.903         3584          224
        1792            2           0.617         7168          448
        1792            4           1.104        14336          896
        1792            8           0.923        28672         1792
        1792           16           0.842        57344         3584
        1792           32           0.749       114688         7168
        1792           64           0.860       229376        14336
        1792          128           1.083       458752        28672
        1792          256           1.688       917504        57344
        1792          512           2.270      1835008       114688
        1792         1024           5.946      3670016       229376
        1792         2048           8.244      7340032       458752
        1792         4096          16.861     14680064       917504
        1792         8192          34.158     29360128      1835008
        1792        16384          62.345     58720256      3670016
        1920            1           0.925         3840          240
        1920            2           0.743         7680          480
        1920            4           0.844        15360          960
        1920            8           0.776        30720         1920
        1920           16           0.874        61440         3840
        1920           32           0.829       122880         7680
        1920           64           0.920       245760        15360
        1920          128           1.389       491520        30720
        1920          256           1.680       983040        61440
        1920          512           2.279      1966080       122880
        1920         1024           4.860      3932160       245760
        1920         2048          10.736      7864320       491520
        1920         4096          20.656     15728640       983040
        1920         8192          41.669     31457280      1966080
        2112            1           1.036         4224          264
        2112            2           1.032         8448          528
        2112            4           0.957        16896         1056
        2112            8           0.816        33792         2112
        2112           16           0.865        67584         4224
        2112           32           0.988       135168         8448
        2112           64           0.990       270336        16896
        2112          128           1.170       540672        33792
        2112          256           1.517      1081344        67584
        2112          512           2.683      2162688       135168
        2112         1024           4.792      4325376       270336
        2112         2048           8.902      8650752       540672
        2112         4096          17.230     17301504      1081344
        2112         8192          33.727     34603008      2162688
        2304            1           1.415         4608          288
        2304            2           0.625         9216          576
        2304            4           0.638        18432         1152
        2304            8           0.800        36864         2304
        2304           16           0.718        73728         4608
        2304           32           0.889       147456         9216
        2304           64           0.998       294912        18432
        2304          128           0.940       589824        36864
        2304          256           1.687      1179648        73728
        2304          512           2.833      2359296       147456
        2304         1024           5.327      4718592       294912
        2304         2048          10.109      9437184       589824
        2304         4096          19.557     18874368      1179648
        2304         8192          38.718     37748736      2359296
        2496            1           1.024         4992          312
        2496            2           0.908         9984          624
        2496            4           0.982        19968         1248
        2496            8           0.770        39936         2496
        2496           16           0.700        79872         4992
        2496           32           0.714       159744         9984
        2496           64           1.013       319488        19968
        2496          128           1.202       638976        39936
        2496          256           1.748      1277952        79872
        2496          512           3.078      2555904       159744
        2496         1024           6.146      5111808       319488
        2496         2048          13.447     10223616       638976
        2496         4096          19.870     20447232      1277952
        2496         8192          40.554     40894464      2555904
        2688            1           0.653         5376          336
        2688            2           0.822        10752          672
        2688            4           0.833        21504         1344
        2688            8           0.787        43008         2688
        2688           16           0.863        86016         5376
        2688           32           0.998       172032        10752
        2688           64           0.923       344064        21504
        2688          128           1.348       688128        43008
        2688          256           2.010      1376256        86016
        2688          512           3.518      2752512       172032
        2688         1024           6.723      5505024       344064
        2688         2048          13.531     11010048       688128
        2688         4096          26.163     22020096      1376256
        2688         8192          50.979     44040192      2752512
        2944            1          12.721         5888          368
        2944            2           0.929        11776          736
        2944            4           0.928        23552         1472
        2944            8           0.952        47104         2944
        2944           16           1.009        94208         5888
        2944           32           1.040       188416        11776
        2944           64           1.071       376832        23552
        2944          128           1.717       753664        47104
        2944          256           2.590      1507328        94208
        2944          512           4.172      3014656       188416
        2944         1024          19.760      6029312       376832
        2944         2048          14.312     12058624       753664
        2944         4096          27.741     24117248      1507328
        2944         8192          55.032     48234496      3014656
        3200            1           1.679         6400          400
        3200            2           0.653        12800          800
        3200            4           1.032        25600         1600
        3200            8           0.765        51200         3200
        3200           16           0.831       102400         6400
        3200           32           0.864       204800        12800
        3200           64           0.882       409600        25600
        3200          128           1.358       819200        51200
        3200          256           1.900      1638400       102400
        3200          512           3.487      3276800       204800
        3200         1024           7.235      6553600       409600
        3200         2048          13.165     13107200       819200
        3200         4096          26.798     26214400      1638400
        3200         8192          47.904     52428800      3276800
        3520            1           0.882         7040          440
        3520            2           0.666        14080          880
        3520            4           1.134        28160         1760
        3520            8           0.799        56320         3520
        3520           16           0.974       112640         7040
        3520           32           0.884       225280        14080
        3520           64           1.168       450560        28160
        3520          128           1.374       901120        56320
        3520          256           1.993      1802240       112640
        3520          512           3.607      3604480       225280
        3520         1024           6.935      7208960       450560
        3520         2048          13.245     14417920       901120
        3520         4096          26.009     28835840      1802240
        3520         8192          51.189     57671680      3604480
        3840            1           1.204         7680          480
        3840            2           0.689        15360          960
        3840            4           1.002        30720         1920
        3840            8           0.879        61440         3840
        3840           16           0.806       122880         7680
        3840           32           0.752       245760        15360
        3840           64           1.086       491520        30720
        3840          128           1.393       983040        61440
        3840          256           2.089      1966080       122880
        3840          512           3.281      3932160       245760
        3840         1024           6.195      7864320       491520
        3840         2048          11.947     15728640       983040
        3840         4096          23.295     31457280      1966080
        4224            1           2.595         8448          528
        4224            2           0.799        16896         1056
        4224            4           0.895        33792         2112
        4224            8           0.844        67584         4224
        4224           16           0.898       135168         8448
        4224           32           1.109       270336        16896
        4224           64           1.258       540672        33792
        4224          128           2.122      1081344        67584
        4224          256           4.240      2162688       135168
        4224          512           6.918      4325376       270336
        4224         1024          14.023      8650752       540672
        4224         2048          26.420     17301504      1081344
        4224         4096          53.942     34603008      2162688
        4608            1           2.953         9216          576
        4608            2           0.694        18432         1152
        4608            4           1.085        36864         2304
        4608            8           0.937        73728         4608
        4608           16           1.008       147456         9216
        4608           32           1.358       294912        18432
        4608           64           1.944       589824        36864
        4608          128          12.574      1179648        73728
        4608          256           3.814      2359296       147456
        4608          512          16.651      4718592       294912
        4608         1024          19.124      9437184       589824
        4608         2048          15.596     18874368      1179648
        4608         4096          26.997     37748736      2359296
        5056            1           0.585        10112          632
        5056            2           0.811        20224         1264
        5056            4           1.128        40448         2528
        5056            8           0.970        80896         5056
        5056           16           0.895       161792        10112
        5056           32           0.952       323584        20224
        5056           64           1.141       647168        40448
        5056          128           1.603      1294336        80896
        5056          256           2.374      2588672       161792
        5056          512           4.620      5177344       323584
        5056         1024           8.536     10354688       647168
        5056         2048          16.258     20709376      1294336
        5056         4096          32.177     41418752      2588672
        5504            1           0.700        11008          688
        5504            2           0.860        22016         1376
        5504            4           0.675        44032         2752
        5504            8           0.851        88064         5504
        5504           16           0.842       176128        11008
        5504           32           1.014       352256        22016
        5504           64           1.078       704512        44032
        5504          128           1.388      1409024        88064
        5504          256           2.408      2818048       176128
        5504          512           4.225      5636096       352256
        5504         1024           7.763     11272192       704512
        5504         2048          15.181     22544384      1409024
        5504         4096          29.897     45088768      2818048
        6016            1           0.671        12032          752
        6016            2           0.865        24064         1504
        6016            4           0.842        48128         3008
        6016            8           0.806        96256         6016
        6016           16           0.689       192512        12032
        6016           32           0.944       385024        24064
        6016           64           1.194       770048        48128
        6016          128           1.444      1540096        96256
        6016          256           2.222      3080192       192512
        6016          512           4.427      6160384       385024
        6016         1024           8.128     12320768       770048
        6016         2048          16.033     24641536      1540096
        6016         4096          31.773     49283072      3080192
        6592            1           0.783        13184          824
        6592            2           0.827        26368         1648
        6592            4           1.058        52736         3296
        6592            8           0.974       105472         6592
        6592           16           0.936       210944        13184
        6592           32           0.866       421888        26368
        6592           64           1.016       843776        52736
        6592          128           1.638      1687552       105472
        6592          256           2.512      3375104       210944
        6592          512           4.624      6750208       421888
        6592         1024           9.006     13500416       843776
        6592         2048          17.515     27000832      1687552
        6592         4096          34.579     54001664      3375104
        7232            1           0.768        14464          904
        7232            2           0.836        28928         1808
        7232            4           0.943        57856         3616
        7232            8           0.947       115712         7232
        7232           16           1.339       231424        14464
        7232           32           0.958       462848        28928
        7232           64           1.296       925696        57856
        7232          128           1.570      1851392       115712
        7232          256           2.610      3702784       231424
        7232          512           5.130      7405568       462848
        7232         1024           9.237     14811136       925696
        7232         2048          18.144     29622272      1851392
        7232         4096          35.975     59244544      3702784
        7936            1           0.866        15872          992
        7936            2           0.667        31744         1984
        7936            4           0.903        63488         3968
        7936            8           1.005       126976         7936
        7936           16           0.975       253952        15872
        7936           32           1.169       507904        31744
        7936           64           1.252      1015808        63488
        7936          128           1.528      2031616       126976
        7936          256           2.825      4063232       253952
        7936          512           5.064      8126464       507904
        7936         1024          10.061     16252928      1015808
        7936         2048          19.559     32505856      2031616
        8704            1           0.572        17408         1088
        8704            2           0.829        34816         2176
        8704            4           0.837        69632         4352
        8704            8           0.793       139264         8704
        8704           16           0.992       278528        17408
        8704           32           1.119       557056        34816
        8704           64           1.592      1114112        69632
        8704          128           2.179      2228224       139264
        8704          256           3.811      4456448       278528
        8704          512           7.002      8912896       557056
        8704         1024          13.787     17825792      1114112
        8704         2048          25.349     35651584      2228224
        9536            1           1.336        19072         1192
        9536            2           1.011        38144         2384
        9536            4           0.806        76288         4768
        9536            8           0.933       152576         9536
        9536           16           0.901       305152        19072
        9536           32           0.979       610304        38144
        9536           64           1.345      1220608        76288
        9536          128           1.973      2441216       152576
        9536          256           3.397      4882432       305152
        9536          512           6.174      9764864       610304
        9536         1024          11.843     19529728      1220608
        9536         2048          23.010     39059456      2441216
       10432            1           1.151        20864         1304
       10432            2           0.746        41728         2608
       10432            4           0.922        83456         5216
       10432            8           0.919       166912        10432
       10432           16           0.886       333824        20864
       10432           32           1.140       667648        41728
       10432           64           1.517      1335296        83456
       10432          128           2.372      2670592       166912
       10432          256           4.131      5341184       333824
       10432          512           7.563     10682368       667648
       10432         1024          14.887     21364736      1335296
       10432         2048          29.593     42729472      2670592
       11456            1           0.644        22912         1432
       11456            2           0.636        45824         2864
       11456            4           0.645        91648         5728
       11456            8           1.015       183296        11456
       11456           16           0.947       366592        22912
       11456           32           1.086       733184        45824
       11456           64           1.523      1466368        91648
       11456          128           2.564      2932736       183296
       11456          256           4.298      5865472       366592
       11456          512           8.186     11730944       733184
       11456         1024          15.832     23461888      1466368
       11456         2048          31.381     46923776      2932736
       12544            1           0.676        25088         1568
       12544            2           0.679        50176         3136
       12544            4           0.968       100352         6272
       12544            8           0.724       200704        12544
       12544           16           0.950       401408        25088
       12544           32           1.130       802816        50176
       12544           64           1.740      1605632       100352
       12544          128           2.563      3211264       200704
       12544          256           4.773      6422528       401408
       12544          512           7.497     12845056       802816
       12544         1024          31.919     25690112      1605632
       12544         2048          28.730     51380224      3211264
       13760            1           0.727        27520         1720
       13760            2           0.643        55040         3440
       13760            4           0.997       110080         6880
       13760            8           1.038       220160        13760
       13760           16           0.920       440320        27520
       13760           32           1.064       880640        55040
       13760           64           1.621      1761280       110080
       13760          128           2.442      3522560       220160
       13760          256           4.464      7045120       440320
       13760          512           8.075     14090240       880640
       13760         1024          16.090     28180480      1761280
       13760         2048          31.764     56360960      3522560
       15104            1           0.625        30208         1888
       15104            2           0.810        60416         3776
       15104            4           0.779       120832         7552
       15104            8           0.785       241664        15104
       15104           16           1.001       483328        30208
       15104           32           1.144       966656        60416
       15104           64           1.671      1933312       120832
       15104          128           2.631      3866624       241664
       15104          256           4.647      7733248       483328
       15104          512           8.965     15466496       966656
       15104         1024          17.322     30932992      1933312
       15104         2048          34.325     61865984      3866624
       16576            1           0.714        33152         2072
       16576            2           0.716        66304         4144
       16576            4           0.686       132608         8288
       16576            8           1.010       265216        16576
       16576           16           1.078       530432        33152
       16576           32           1.478      1060864        66304
       16576           64           1.714      2121728       132608
       16576          128           2.689      4243456       265216
       16576          256           5.035      8486912       530432
       16576          512           9.820     16973824      1060864
       16576         1024          18.938     33947648      2121728
       18176            1           0.376        36352         2272
       18176            2           0.959        72704         4544
       18176            4           0.774       145408         9088
       18176            8           0.910       290816        18176
       18176           16           0.981       581632        36352
       18176           32           1.382      1163264        72704
       18176           64           1.918      2326528       145408
       18176          128           2.952      4653056       290816
       18176          256           5.448      9306112       581632
       18176          512          10.535     18612224      1163264
       18176         1024          20.613     37224448      2326528
       19968            1           0.580        39936         2496
       19968            2           0.987        79872         4992
       19968            4           0.796       159744         9984
       19968            8           0.928       319488        19968
       19968           16           0.976       638976        39936
       19968           32           1.482      1277952        79872
       19968           64           2.092      2555904       159744
       19968          128           3.926      5111808       319488
       19968          256           6.668     10223616       638976
       19968          512          12.495     20447232      1277952
       19968         1024          24.639     40894464      2555904
       21952            1           0.640        43904         2744
       21952            2           0.799        87808         5488
       21952            4           0.909       175616        10976
       21952            8           1.247       351232        21952
       21952           16           1.129       702464        43904
       21952           32           1.489      1404928        87808
       21952           64           2.334      2809856       175616
       21952          128           4.038      5619712       351232
       21952          256           7.120     11239424       702464
       21952          512          13.723     22478848      1404928
       21952         1024          26.735     44957696      2809856
       24128            1           0.689        48256         3016
       24128            2           0.877        96512         6032
       24128            4           0.894       193024        12064
       24128            8           0.819       386048        24128
       24128           16           1.164       772096        48256
       24128           32           1.493      1544192        96512
       24128           64           2.321      3088384       193024
       24128          128           3.719      6176768       386048
       24128          256           6.979     12353536       772096
       24128          512          13.539     24707072      1544192
       24128         1024          26.451     49414144      3088384
       26496            1           1.032        52992         3312
       26496            2           0.659       105984         6624
       26496            4           0.829       211968        13248
       26496            8           1.162       423936        26496
       26496           16           1.261       847872        52992
       26496           32           1.673      1695744       105984
       26496           64           2.590      3391488       211968
       26496          128           4.390      6782976       423936
       26496          256           8.331     13565952       847872
       26496          512          15.996     27131904      1695744
       26496         1024          31.333     54263808      3391488
       29120            1           0.630        58240         3640
       29120            2           0.959       116480         7280
       29120            4           0.761       232960        14560
       29120            8           1.105       465920        29120
       29120           16           1.366       931840        58240
       29120           32           1.621      1863680       116480
       29120           64           2.696      3727360       232960
       29120          128           4.720      7454720       465920
       29120          256           9.050     14909440       931840
       29120          512          17.389     29818880      1863680
       29120         1024          34.385     59637760      3727360
       32000            1           0.975        64000         4000
       32000            2           0.993       128000         8000
       32000            4           1.023       256000        16000
       32000            8           0.908       512000        32000
       32000           16           1.279      1024000        64000
       32000           32           1.789      2048000       128000
       32000           64           2.992      4096000       256000
       32000          128           5.086      8192000       512000
       32000          256           9.572     16384000      1024000
       32000          512          18.837     32768000      2048000
       35200            1           0.493        70400         4400
       35200            2           0.865       140800         8800
       35200            4           0.912       281600        17600
       35200            8           1.287       563200        35200
       35200           16           1.349      1126400        70400
       35200           32           2.194      2252800       140800
       35200           64           3.421      4505600       281600
       35200          128           5.766      9011200       563200
       35200          256          10.545     18022400      1126400
       35200          512          20.775     36044800      2252800
       38720            1           1.082        77440         4840
       38720            2           0.826       154880         9680
       38720            4           1.011       309760        19360
       38720            8           1.238       619520        38720
       38720           16           1.422      1239040        77440
       38720           32           2.034      2478080       154880
       38720           64           3.369      4956160       309760
       38720          128           6.100      9912320       619520
       38720          256          11.404     19824640      1239040
       38720          512          22.630     39649280      2478080
       42560            1           0.681        85120         5320
       42560            2           0.940       170240        10640
       42560            4           1.001       340480        21280
       42560            8           1.369       680960        42560
       42560           16           1.447      1361920        85120
       42560           32           2.157      2723840       170240
       42560           64           3.856      5447680       340480
       42560          128           6.596     10895360       680960
       42560          256          12.600     21790720      1361920
       42560          512          24.702     43581440      2723840
       46784            1           0.902        93568         5848
       46784            2           0.956       187136        11696
       46784            4           1.185       374272        23392
       46784            8           1.125       748544        46784
       46784           16           1.350      1497088        93568
       46784           32           2.151      2994176       187136
       46784           64           4.109      5988352       374272
       46784          128           7.414     11976704       748544
       46784          256          13.767     23953408      1497088
       46784          512          42.451     47906816      2994176
       51456            1           0.600       102912         6432
       51456            2           0.789       205824        12864
       51456            4           0.814       411648        25728
       51456            8           1.244       823296        51456
       51456           16           1.647      1646592       102912
       51456           32           2.416      3293184       205824
       51456           64           4.199      6586368       411648
       51456          128           7.745     13172736       823296
       51456          256          14.833     26345472      1646592
       51456          512          28.986     52690944      3293184
       56576            1           1.207       113152         7072
       56576            2           0.876       226304        14144
       56576            4           1.161       452608        28288
       56576            8           1.403       905216        56576
       56576           16           1.700      1810432       113152
       56576           32           2.716      3620864       226304
       56576           64           4.551      7241728       452608
       56576          128           8.529     14483456       905216
       56576          256          16.441     28966912      1810432
       56576          512          31.631     57933824      3620864
       62208            1           0.770       124416         7776
       62208            2           0.942       248832        15552
       62208            4           1.029       497664        31104
       62208            8           1.241       995328        62208
       62208           16           1.931      1990656       124416
       62208           32           2.852      3981312       248832
       62208           64           4.755      7962624       497664
       62208          128           9.198     15925248       995328
       62208          256          17.794     31850496      1990656
       68416            1           0.964       136832         8552
       68416            2           0.887       273664        17104
       68416            4           1.092       547328        34208
       68416            8           1.278      1094656        68416
       68416           16           1.888      2189312       136832
       68416           32           3.020      4378624       273664
       68416           64           5.525      8757248       547328
       68416          128          10.176     17514496      1094656
       68416          256          19.502     35028992      2189312
       75200            1           1.082       150400         9400
       75200            2           1.042       300800        18800
       75200            4           1.155       601600        37600
       75200            8           1.472      1203200        75200
       75200           16           2.361      2406400       150400
       75200           32           3.377      4812800       300800
       75200           64           6.108      9625600       601600
       75200          128          11.026     19251200      1203200
       75200          256          21.540     38502400      2406400
       82688            1           1.257       165376        10336
       82688            2           1.054       330752        20672
       82688            4           1.169       661504        41344
       82688            8           1.438      1323008        82688
       82688           16           2.297      2646016       165376
       82688           32           3.783      5292032       330752
       82688           64           6.591     10584064       661504
       82688          128          12.145     21168128      1323008
       82688          256          23.355     42336256      2646016
       90944            1           1.035       181888        11368
       90944            2           0.980       363776        22736
       90944            4           1.259       727552        45472
       90944            8           1.619      1455104        90944
       90944           16           2.235      2910208       181888
       90944           32           3.843      5820416       363776
       90944           64           6.785     11640832       727552
       90944          128          13.188     23281664      1455104
       90944          256          25.642     46563328      2910208
      100032            1           1.147       200064        12504
      100032            2           0.899       400128        25008
      100032            4           1.430       800256        50016
      100032            8           1.689      1600512       100032
      100032           16           2.475      3201024       200064
      100032           32           4.064      6402048       400128
      100032           64           7.631     12804096       800256
      100032          128          14.453     25608192      1600512
      100032          256          28.354     51216384      3201024
      110016            1           1.537       220032        13752
      110016            2           1.194       440064        27504
      110016            4           1.221       880128        55008
      110016            8           1.961      1760256       110016
      110016           16           2.715      3520512       220032
      110016           32           4.701      7041024       440064
      110016           64           8.373     14082048       880128
      110016          128          15.909     28164096      1760256
      110016          256          31.045     56328192      3520512
      120960            1           1.125       241920        15120
      120960            2           1.041       483840        30240
      120960            4           1.412       967680        60480
      120960            8           1.855      1935360       120960
      120960           16           2.852      3870720       241920
      120960           32           4.982      7741440       483840
      120960           64           8.925     15482880       967680
      120960          128          17.153     30965760      1935360
      120960          256          33.685     61931520      3870720
      133056            1           1.813       266112        16632
      133056            2           1.307       532224        33264
      133056            4           1.521      1064448        66528
      133056            8           1.960      2128896       133056
      133056           16           3.244      4257792       266112
      133056           32           5.465      8515584       532224
      133056           64          10.281     17031168      1064448
      133056          128          19.482     34062336      2128896
      146304            1           2.040       292608        18288
      146304            2           1.241       585216        36576
      146304            4           1.335      1170432        73152
      146304            8           2.237      2340864       146304
      146304           16           3.353      4681728       292608
      146304           32           5.783      9363456       585216
      146304           64          10.834     18726912      1170432
      146304          128          21.086     37453824      2340864
      160896            1           1.493       321792        20112
      160896            2           1.321       643584        40224
      160896            4           1.548      1287168        80448
      160896            8           2.273      2574336       160896
      160896           16           3.710      5148672       321792
      160896           32           6.485     10297344       643584
      160896           64          11.821     20594688      1287168
      160896          128          23.221     41189376      2574336
      176960            1           1.748       353920        22120
      176960            2           1.396       707840        44240
      176960            4           1.807      1415680        88480
      176960            8           2.461      2831360       176960
      176960           16           3.720      5662720       353920
      176960           32           6.949     11325440       707840
      176960           64          12.778     22650880      1415680
      176960          128          25.348     45301760      2831360
      194624            1           1.811       389248        24328
      194624            2           1.361       778496        48656
      194624            4           1.753      1556992        97312
      194624            8           2.687      3113984       194624
      194624           16           4.218      6227968       389248
      194624           32           7.566     12455936       778496
      194624           64          14.192     24911872      1556992
      194624          128          27.827     49823744      3113984
      214080            1           5.623       428160        26760
      214080            2           4.596       856320        53520
      214080            4           6.059      1712640       107040
      214080            8           8.664      3425280       214080
      214080           16          25.776      6850560       428160
      214080           32          34.999     13701120       856320
      214080           64          71.875     27402240      1712640
      214080          128         135.194     54804480      3425280
      235456            1           7.251       470912        29432
      235456            2           4.034       941824        58864
      235456            4           5.449      1883648       117728
      235456            8           4.315      3767296       235456
      235456           16           7.441      7534592       470912
      235456           32          21.585     15069184       941824
      235456           64          28.501     30138368      1883648
      235456          128          57.838     60276736      3767296
      258944            1           4.176       517888        32368
      258944            2           2.230      1035776        64736
      258944            4           3.952      2071552       129472
      258944            8           6.122      4143104       258944
      258944           16          11.974      8286208       517888
      258944           32          15.489     16572416      1035776
      258944           64          32.425     33144832      2071552
      284800            1           4.620       569600        35600
      284800            2           2.631      1139200        71200
      284800            4           3.539      2278400       142400
      284800            8           6.014      4556800       284800
      284800           16          10.709      9113600       569600
      284800           32          21.931     18227200      1139200
      284800           64          37.110     36454400      2278400
      313280            1           4.532       626560        39160
      313280            2           2.446      1253120        78320
      313280            4           3.817      2506240       156640
      313280            8           6.284      5012480       313280
      313280           16          11.377     10024960       626560
      313280           32          27.330     20049920      1253120
      313280           64          42.401     40099840      2506240
      344576            1           6.891       689152        43072
      344576            2           3.296      1378304        86144
      344576            4           5.133      2756608       172288
      344576            8           8.968      5513216       344576
      344576           16          15.581     11026432       689152
      344576           32          28.816     22052864      1378304
      344576           64          53.344     44105728      2756608
      379008            1           6.171       758016        47376
      379008            2           3.121      1516032        94752
      379008            4           5.754      3032064       189504
      379008            8           9.781      6064128       379008
      379008           16          17.022     12128256       758016
      379008           32          28.215     24256512      1516032
      379008           64          44.910     48513024      3032064
      416896            1           4.770       833792        52112
      416896            2           2.476      1667584       104224
      416896            4           4.900      3335168       208448
      416896            8           8.112      6670336       416896
      416896           16          15.945     13340672       833792
      416896           32          38.146     26681344      1667584
      416896           64          50.795     53362688      3335168
      458560            1           6.219       917120        57320
      458560            2           3.282      1834240       114640
      458560            4           4.905      3668480       229280
      458560            8           8.910      7336960       458560
      458560           16          16.919     14673920       917120
      458560           32          30.069     29347840      1834240
      458560           64          61.998     58695680      3668480
      504384            1           6.606      1008768        63048
      504384            2           2.954      2017536       126096
      504384            4           4.843      4035072       252192
      504384            8           8.937      8070144       504384
      504384           16          18.809     16140288      1008768
      504384           32          32.973     32280576      2017536
      554816            1           7.263      1109632        69352
      554816            2           3.031      2219264       138704
      554816            4           6.333      4438528       277408
      554816            8          10.900      8877056       554816
      554816           16          16.852     17754112      1109632
      554816           32          47.239     35508224      2219264
      610240            1           7.231      1220480        76280
      610240            2           4.746      2440960       152560
      610240            4           7.590      4881920       305120
      610240            8          12.244      9763840       610240
      610240           16          21.881     19527680      1220480
      610240           32          42.627     39055360      2440960
      671232            1           8.599      1342464        83904
      671232            2           4.539      2684928       167808
      671232            4           7.405      5369856       335616
      671232            8          13.479     10739712       671232
      671232           16          24.423     21479424      1342464
      671232           32          46.978     42958848      2684928
      738304            1          10.070      1476608        92288
      738304            2           5.771      2953216       184576
      738304            4           8.289      5906432       369152
      738304            8          25.184     11812864       738304
      738304           16          29.370     23625728      1476608
      738304           32          53.773     47251456      2953216
      812096            1          14.595      1624192       101512
      812096            2          11.282      3248384       203024
      812096            4          18.120      6496768       406048
      812096            8          21.310     12993536       812096
      812096           16          25.293     25987072      1624192
      812096           32          49.069     51974144      3248384
      893248            1          12.582      1786496       111656
      893248            2           5.922      3572992       223312
      893248            4          10.509      7145984       446624
      893248            8          17.286     14291968       893248
      893248           16          32.270     28583936      1786496
      893248           32          67.562     57167872      3572992
      982528            1          13.799      1965056       122816
      982528            2           5.851      3930112       245632
      982528            4          10.266      7860224       491264
      982528            8          15.300     15720448       982528
      982528           16          31.370     31440896      1965056
     1080768            1          12.829      2161536       135096
     1080768            2           5.355      4323072       270192
     1080768            4           9.392      8646144       540384
     1080768            8          16.956     17292288      1080768
     1080768           16          33.271     34584576      2161536
     1188800            1          15.796      2377600       148600
     1188800            2           9.092      4755200       297200
     1188800            4          13.642      9510400       594400
     1188800            8          27.266     19020800      1188800
     1188800           16          56.840     38041600      2377600
     1307648            1          14.870      2615296       163456
     1307648            2           9.918      5230592       326912
     1307648            4          16.488     10461184       653824
     1307648            8          29.177     20922368      1307648
     1307648           16          53.095     41844736      2615296
     1438400            1          15.833      2876800       179800
     1438400            2          11.325      5753600       359600
     1438400            4          18.271     11507200       719200
     1438400            8          30.337     23014400      1438400
     1438400           16          56.661     46028800      2876800
     1582208            1          16.539      3164416       197776
     1582208            2           8.365      6328832       395552
     1582208            4          13.372     12657664       791104
     1582208            8          24.257     25315328      1582208
     1582208           16          45.821     50630656      3164416
     1740416            1          18.650      3480832       217552
     1740416            2           8.765      6961664       435104
     1740416            4          14.433     13923328       870208
     1740416            8          26.615     27846656      1740416
     1740416           16          50.201     55693312      3480832
     1914432            1          21.407      3828864       239304
     1914432            2          11.755      7657728       478608
     1914432            4          16.058     15315456       957216
     1914432            8          29.153     30630912      1914432
     1914432           16          55.108     61261824      3828864
     2105856            1          21.744      4211712       263232
     2105856            2          10.271      8423424       526464
     2105856            4          17.517     16846848      1052928
     2105856            8          31.912     33693696      2105856
     2316416            1          25.619      4632832       289552
     2316416            2          11.748      9265664       579104
     2316416            4          19.582     18531328      1158208
     2316416            8          34.884     37062656      2316416
     2548032            1          30.502      5096064       318504
     2548032            2          18.629     10192128       637008
     2548032            4          30.859     20384256      1274016
     2548032            8          54.529     40768512      2548032
     2802816            1          33.274      5605632       350352
     2802816            2          19.216     11211264       700704
     2802816            4          31.031     22422528      1401408
     2802816            8          59.890     44845056      2802816
     3083072            1          36.993      6166144       385384
     3083072            2          22.056     12332288       770768
     3083072            4          35.162     24664576      1541536
     3083072            8          65.558     49329152      3083072
     3391360            1          34.805      6782720       423920
     3391360            2          16.390     13565440       847840
     3391360            4          27.778     27130880      1695680
     3391360            8          50.495     54261760      3391360
     3730496            1          38.857      7460992       466312
     3730496            2          18.195     14921984       932624
     3730496            4          32.684     29843968      1865248
     3730496            8          56.450     59687936      3730496
     4103488            1          43.221      8206976       512936
     4103488            2          20.825     16413952      1025872
     4103488            4          34.365     32827904      2051744
     4513792            1          45.075      9027584       564224
     4513792            2          25.460     18055168      1128448
     4513792            4          40.544     36110336      2256896
     4965120            1          49.860      9930240       620640
     4965120            2          28.149     19860480      1241280
     4965120            4          44.733     39720960      2482560
     5461632            1          55.643     10923264       682704
     5461632            2          31.842     21846528      1365408
     5461632            4          51.588     43693056      2730816
     6007744            1          59.172     12015488       750968
     6007744            2          41.714     24030976      1501936
     6007744            4          57.547     48061952      3003872
     6608512            1          65.189     13217024       826064
     6608512            2          42.126     26434048      1652128
     6608512            4          65.491     52868096      3304256
     7269312            1          70.507     14538624       908664
     7269312            2          48.332     29077248      1817328
     7269312            4          72.649     58154496      3634656
     7996224            1          73.721     15992448       999528
     7996224            2          58.236     31984896      1999056
     8795840            1          78.878     17591680      1099480
     8795840            2          71.046     35183360      2198960
     9675392            1         100.093     19350784      1209424
     9675392            2         115.089     38701568      2418848
    10642880            1         100.138     21285760      1330360
    10642880            2         168.410     42571520      2660720
    11707136            1          95.830     23414272      1463392
    11707136            2         147.697     46828544      2926784
    12877824            1         113.107     25755648      1609728
    12877824            2         172.007     51511296      3219456
    14165568            1         129.886     28331136      1770696
    14165568            2         201.192     56662272      3541392
    15582080            1         148.811     31164160      1947760
    17140288            1         179.013     34280576      2142536
    18854272            1         204.110     37708544      2356784
    20739648            1         278.356     41479296      2592456
    22813568            1         291.765     45627136      2851696
    25094912            1         261.453     50189824      3136864
    27604352            1         294.717     55208704      3450544
    30364736            1         339.949     60729472      3795592

META_DATA
FLOPS          1
OPENMP_THREADS 8
ERT_VERSION  1.1.0
HOSTNAME  ('cirrus4.computing.clemson.edu', ['cirrus4'], ['127.0.1.1'])
UNAME  uname_result(system='Linux', node='cirrus4.computing.clemson.edu', release='5.4.0-81-generic', version='#91-Ubuntu SMP Thu Jul 15 19:09:17 UTC 2021', machine='x86_64', processor='x86_64')
TIMESTAMP_DATA  1632245393.6437747
CONFIG  {'ERT_RESULTS': ['Results.cs.clemson.edu'], 'ERT_DRIVER': ['driver1'], 'ERT_KERNEL': ['kernel1'], 'ERT_MPI': ['False'], 'ERT_MPI_CFLAGS': [], 'ERT_MPI_LDFLAGS': [], 'ERT_OPENMP': ['True'], 'ERT_OPENMP_CFLAGS': ['-fopenmp'], 'ERT_OPENMP_LDFLAGS': ['-fopenmp'], 'ERT_FLOPS': ['1,2,4'], 'ERT_ALIGN': ['32'], 'ERT_CC': ['g++'], 'ERT_CFLAGS': ['-O3', '-std=c++11', '-fstrict-aliasing', '-march=native'], 'ERT_LD': ['g++'], 'ERT_LDFLAGS': [], 'ERT_LDLIBS': [], 'ERT_PRECISION': ['FP64'], 'ERT_RUN': ['export', 'OMP_NUM_THREADS=ERT_OPENMP_THREADS;', 'export', 'OMP_PLACES=threads;', 'export', 'OMP_PROC_BIND=spread;', './ERT_CODE'], 'ERT_PROCS_THREADS': ['8'], 'ERT_MPI_PROCS': ['2,4,8'], 'ERT_OPENMP_THREADS': ['1-8'], 'ERT_NUM_EXPERIMENTS': ['5'], 'ERT_MEMORY_MAX': ['31000000'], 'ERT_WORKING_SET_MIN': ['1'], 'ERT_TRIALS_MIN': ['1'], 'ERT_GNUPLOT': ['gnuplot'], 'ERT_GPU': [False], 'ERT_HIP': [False], 'ERT_OCL': [False], 'ERT_SYCL': [False], 'ERT_WSS_MULT': [1.1]}
