fp64
          48            1           1.767           96            6
          48            2           0.717          192           12
          48            4           0.881          384           24
          48            8           0.852          768           48
          48           16           0.943         1536           96
          48           32           0.716         3072          192
          48           64           1.247         6144          384
          48          128           1.578        12288          768
          48          256           2.344        24576         1536
          48          512           3.898        49152         3072
          48         1024           6.895        98304         6144
          48         2048          13.027       196608        12288
          48         4096          24.950       393216        24576
          48         8192          49.186       786432        49152
          48        16384          97.538      1572864        98304
          48        32768         194.195      3145728       196608
          48        65536         387.414      6291456       393216
          48       131072         794.096     12582912       786432
          48       262144        1552.849     25165824      1572864
          48       524288        3039.889     50331648      3145728
          96            1           0.701          192           12
          96            2           0.587          384           24
          96            4           0.682          768           48
          96            8           0.672         1536           96
          96           16           0.727         3072          192
          96           32           0.944         6144          384
          96           64           0.832        12288          768
          96          128           1.254        24576         1536
          96          256           1.720        49152         3072
          96          512           2.924        98304         6144
          96         1024           5.280       196608        12288
          96         2048           9.888       393216        24576
          96         4096          19.186       786432        49152
          96         8192          38.160      1572864        98304
          96        16384          75.580      3145728       196608
          96        32768         150.658      6291456       393216
          96        65536         302.007     12582912       786432
          96       131072         616.270     25165824      1572864
          96       262144        1209.185     50331648      3145728
         144            1           0.571          288           18
         144            2           0.638          576           36
         144            4           0.878         1152           72
         144            8           0.961         2304          144
         144           16           0.654         4608          288
         144           32           0.693         9216          576
         144           64           0.712        18432         1152
         144          128           1.304        36864         2304
         144          256           1.692        73728         4608
         144          512           2.855       147456         9216
         144         1024           5.138       294912        18432
         144         2048           9.783       589824        36864
         144         4096          19.097      1179648        73728
         144         8192          37.665      2359296       147456
         144        16384          74.654      4718592       294912
         144        32768         149.049      9437184       589824
         144        65536         299.590     18874368      1179648
         144       131072         594.709     37748736      2359296
         192            1           0.806          384           24
         192            2           0.665          768           48
         192            4           0.803         1536           96
         192            8           0.694         3072          192
         192           16           0.633         6144          384
         192           32           0.728        12288          768
         192           64           1.079        24576         1536
         192          128           1.299        49152         3072
         192          256           1.851        98304         6144
         192          512           3.137       196608        12288
         192         1024           5.467       393216        24576
         192         2048          10.258       786432        49152
         192         4096          20.079      1572864        98304
         192         8192          39.342      3145728       196608
         192        16384          78.688      6291456       393216
         192        32768         157.071     12582912       786432
         192        65536         313.731     25165824      1572864
         192       131072         626.684     50331648      3145728
         240            1           0.986          480           30
         240            2           0.781          960           60
         240            4           0.737         1920          120
         240            8           0.694         3840          240
         240           16           0.751         7680          480
         240           32           0.811        15360          960
         240           64           0.880        30720         1920
         240          128           1.294        61440         3840
         240          256           1.791       122880         7680
         240          512           2.913       245760        15360
         240         1024           5.529       491520        30720
         240         2048          10.740       983040        61440
         240         4096          20.202      1966080       122880
         240         8192          39.806      3932160       245760
         240        16384          78.901      7864320       491520
         240        32768         158.733     15728640       983040
         240        65536         314.377     31457280      1966080
         288            1           0.529          576           36
         288            2           0.641         1152           72
         288            4           0.777         2304          144
         288            8           0.818         4608          288
         288           16           0.617         9216          576
         288           32           0.881        18432         1152
         288           64           1.059        36864         2304
         288          128           1.310        73728         4608
         288          256           1.737       147456         9216
         288          512           2.967       294912        18432
         288         1024           5.540       589824        36864
         288         2048          10.483      1179648        73728
         288         4096          20.271      2359296       147456
         288         8192          39.717      4718592       294912
         288        16384          79.491      9437184       589824
         288        32768         160.554     18874368      1179648
         288        65536         315.899     37748736      2359296
         336            1           0.897          672           42
         336            2           0.656         1344           84
         336            4           0.662         2688          168
         336            8           0.740         5376          336
         336           16           0.779        10752          672
         336           32           0.647        21504         1344
         336           64           0.898        43008         2688
         336          128           1.354        86016         5376
         336          256           1.933       172032        10752
         336          512           3.256       344064        21504
         336         1024           5.583       688128        43008
         336         2048          10.495      1376256        86016
         336         4096          20.044      2752512       172032
         336         8192          40.005      5505024       344064
         336        16384          82.072     11010048       688128
         336        32768         143.146     22020096      1376256
         336        65536         210.775     44040192      2752512
         384            1           0.639          768           48
         384            2           0.587         1536           96
         384            4           0.595         3072          192
         384            8           0.585         6144          384
         384           16           0.580        12288          768
         384           32           0.655        24576         1536
         384           64           0.833        49152         3072
         384          128           1.076        98304         6144
         384          256           1.268       196608        12288
         384          512           2.269       393216        24576
         384         1024           3.829       786432        49152
         384         2048           7.347      1572864        98304
         384         4096          14.379      3145728       196608
         384         8192          27.994      6291456       393216
         384        16384          55.487     12582912       786432
         384        32768         111.819     25165824      1572864
         384        65536         220.470     50331648      3145728
         432            1           0.876          864           54
         432            2           0.584         1728          108
         432            4           0.580         3456          216
         432            8           0.583         6912          432
         432           16           0.572        13824          864
         432           32           0.737        27648         1728
         432           64           0.839        55296         3456
         432          128           1.029       110592         6912
         432          256           1.327       221184        13824
         432          512           2.411       442368        27648
         432         1024           3.831       884736        55296
         432         2048           7.378      1769472       110592
         432         4096          14.407      3538944       221184
         432         8192          28.073      7077888       442368
         432        16384          56.150     14155776       884736
         432        32768         118.550     28311552      1769472
         432        65536         222.879     56623104      3538944
         480            1           0.897          960           60
         480            2           0.674         1920          120
         480            4           0.675         3840          240
         480            8           0.768         7680          480
         480           16           0.734        15360          960
         480           32           0.577        30720         1920
         480           64           0.878        61440         3840
         480          128           0.867       122880         7680
         480          256           1.415       245760        15360
         480          512           2.398       491520        30720
         480         1024           4.043       983040        61440
         480         2048           7.631      1966080       122880
         480         4096          14.637      3932160       245760
         480         8192          28.227      7864320       491520
         480        16384          55.678     15728640       983040
         480        32768         110.890     31457280      1966080
         528            1           0.700         1056           66
         528            2           0.553         2112          132
         528            4           0.826         4224          264
         528            8           0.761         8448          528
         528           16           0.642        16896         1056
         528           32           0.842        33792         2112
         528           64           0.611        67584         4224
         528          128           1.084       135168         8448
         528          256           1.509       270336        16896
         528          512           2.223       540672        33792
         528         1024           3.885      1081344        67584
         528         2048           7.606      2162688       135168
         528         4096          14.471      4325376       270336
         528         8192          28.200      8650752       540672
         528        16384          56.045     17301504      1081344
         528        32768         111.299     34603008      2162688
         576            1           1.024         1152           72
         576            2           0.722         2304          144
         576            4           0.513         4608          288
         576            8           0.731         9216          576
         576           16           0.674        18432         1152
         576           32           0.530        36864         2304
         576           64           0.870        73728         4608
         576          128           0.841       147456         9216
         576          256           1.456       294912        18432
         576          512           2.362       589824        36864
         576         1024           4.045      1179648        73728
         576         2048           7.479      2359296       147456
         576         4096          14.186      4718592       294912
         576         8192          28.265      9437184       589824
         576        16384          55.821     18874368      1179648
         576        32768         110.764     37748736      2359296
         624            1           0.860         1248           78
         624            2           0.570         2496          156
         624            4           0.608         4992          312
         624            8           0.721         9984          624
         624           16           0.820        19968         1248
         624           32           0.665        39936         2496
         624           64           0.956        79872         4992
         624          128           1.128       159744         9984
         624          256           1.273       319488        19968
         624          512           2.325       638976        39936
         624         1024           4.058      1277952        79872
         624         2048           7.393      2555904       159744
         624         4096          14.354      5111808       319488
         624         8192          28.319     10223616       638976
         624        16384          56.503     20447232      1277952
         624        32768         112.286     40894464      2555904
         672            1           0.640         1344           84
         672            2           0.544         2688          168
         672            4           0.718         5376          336
         672            8           0.772        10752          672
         672           16           0.478        21504         1344
         672           32           0.636        43008         2688
         672           64           0.895        86016         5376
         672          128           1.161       172032        10752
         672          256           1.419       344064        21504
         672          512           2.412       688128        43008
         672         1024           3.996      1376256        86016
         672         2048           7.411      2752512       172032
         672         4096          14.310      5505024       344064
         672         8192          28.156     11010048       688128
         672        16384          60.261     22020096      1376256
         672        32768         121.548     44040192      2752512
         720            1           0.844         1440           90
         720            2           0.475         2880          180
         720            4           0.586         5760          360
         720            8           0.690        11520          720
         720           16           0.857        23040         1440
         720           32           0.742        46080         2880
         720           64           0.632        92160         5760
         720          128           1.199       184320        11520
         720          256           1.556       368640        23040
         720          512           2.443       737280        46080
         720         1024           4.041      1474560        92160
         720         2048           7.636      2949120       184320
         720         4096          14.527      5898240       368640
         720         8192          28.580     11796480       737280
         720        16384          56.464     23592960      1474560
         720        32768         112.526     47185920      2949120
         768            1           0.978         1536           96
         768            2           0.811         3072          192
         768            4           0.765         6144          384
         768            8           0.816        12288          768
         768           16           0.702        24576         1536
         768           32           0.691        49152         3072
         768           64           0.832        98304         6144
         768          128           1.018       196608        12288
         768          256           1.474       393216        24576
         768          512           2.299       786432        49152
         768         1024           4.035      1572864        98304
         768         2048           7.542      3145728       196608
         768         4096          14.769      6291456       393216
         768         8192          28.449     12582912       786432
         768        16384          56.062     25165824      1572864
         768        32768         111.377     50331648      3145728
         816            1           0.727         1632          102
         816            2           0.611         3264          204
         816            4           0.633         6528          408
         816            8           0.762        13056          816
         816           16           0.695        26112         1632
         816           32           0.816        52224         3264
         816           64           0.925       104448         6528
         816          128           1.104       208896        13056
         816          256           1.321       417792        26112
         816          512           2.369       835584        52224
         816         1024           3.997      1671168       104448
         816         2048           7.587      3342336       208896
         816         4096          14.661      6684672       417792
         816         8192          30.517     13369344       835584
         816        16384          56.686     26738688      1671168
         816        32768         113.263     53477376      3342336
         864            1           0.814         1728          108
         864            2           0.488         3456          216
         864            4           0.588         6912          432
         864            8           0.585        13824          864
         864           16           0.588        27648         1728
         864           32           0.829        55296         3456
         864           64           0.787       110592         6912
         864          128           1.122       221184        13824
         864          256           1.325       442368        27648
         864          512           2.331       884736        55296
         864         1024           3.868      1769472       110592
         864         2048           7.516      3538944       221184
         864         4096          14.561      7077888       442368
         864         8192          28.551     14155776       884736
         864        16384          56.627     28311552      1769472
         864        32768         112.521     56623104      3538944
         912            1           0.894         1824          114
         912            2           0.775         3648          228
         912            4           0.570         7296          456
         912            8           0.817        14592          912
         912           16           0.700        29184         1824
         912           32           0.742        58368         3648
         912           64           0.946       116736         7296
         912          128           1.146       233472        14592
         912          256           1.544       466944        29184
         912          512           2.482       933888        58368
         912         1024           4.909      1867776       116736
         912         2048           9.465      3735552       233472
         912         4096          15.557      7471104       466944
         912         8192          30.101     14942208       933888
         912        16384          59.360     29884416      1867776
         912        32768         118.227     59768832      3735552
         960            1           0.718         1920          120
         960            2           0.531         3840          240
         960            4           0.571         7680          480
         960            8           0.586        15360          960
         960           16           0.588        30720         1920
         960           32           0.799        61440         3840
         960           64           0.690       122880         7680
         960          128           1.009       245760        15360
         960          256           1.564       491520        30720
         960          512           2.167       983040        61440
         960         1024           4.038      1966080       122880
         960         2048           7.698      3932160       245760
         960         4096          14.681      7864320       491520
         960         8192          28.721     15728640       983040
         960        16384          56.725     31457280      1966080
        1056            1           1.110         2112          132
        1056            2           0.552         4224          264
        1056            4           0.598         8448          528
        1056            8           0.683        16896         1056
        1056           16           0.543        33792         2112
        1056           32           0.616        67584         4224
        1056           64           0.798       135168         8448
        1056          128           0.930       270336        16896
        1056          256           1.669       540672        33792
        1056          512           2.275      1081344        67584
        1056         1024           4.061      2162688       135168
        1056         2048           7.945      4325376       270336
        1056         4096          15.436      8650752       540672
        1056         8192          30.291     17301504      1081344
        1056        16384          59.768     34603008      2162688
        1152            1           1.150         2304          144
        1152            2           0.527         4608          288
        1152            4           0.681         9216          576
        1152            8           0.699        18432         1152
        1152           16           0.657        36864         2304
        1152           32           0.643        73728         4608
        1152           64           0.709       147456         9216
        1152          128           1.146       294912        18432
        1152          256           2.073       589824        36864
        1152          512           3.927      1179648        73728
        1152         1024           7.645      2359296       147456
        1152         2048          15.281      4718592       294912
        1152         4096          29.955      9437184       589824
        1152         8192          58.814     18874368      1179648
        1152        16384         117.308     37748736      2359296
        1248            1           0.285         2496          156
        1248            2           0.668         4992          312
        1248            4           0.431         9984          624
        1248            8           0.514        19968         1248
        1248           16           0.630        39936         2496
        1248           32           0.695        79872         4992
        1248           64           0.800       159744         9984
        1248          128           1.258       319488        19968
        1248          256           2.128       638976        39936
        1248          512           4.052      1277952        79872
        1248         1024           7.605      2555904       159744
        1248         2048          15.354      5111808       319488
        1248         4096          29.978     10223616       638976
        1248         8192          59.876     20447232      1277952
        1248        16384         119.450     40894464      2555904
        1344            1           0.394         2688          168
        1344            2           0.765         5376          336
        1344            4           0.522        10752          672
        1344            8           0.629        21504         1344
        1344           16           0.672        43008         2688
        1344           32           0.620        86016         5376
        1344           64           0.885       172032        10752
        1344          128           1.159       344064        21504
        1344          256           2.124       688128        43008
        1344          512           3.900      1376256        86016
        1344         1024           7.622      2752512       172032
        1344         2048          14.815      5505024       344064
        1344         4096          29.472     11010048       688128
        1344         8192          58.539     22020096      1376256
        1344        16384         116.627     44040192      2752512
        1440            1           0.300         2880          180
        1440            2           0.683         5760          360
        1440            4           0.562        11520          720
        1440            8           0.563        23040         1440
        1440           16           0.782        46080         2880
        1440           32           0.691        92160         5760
        1440           64           0.840       184320        11520
        1440          128           1.184       368640        23040
        1440          256           2.154       737280        46080
        1440          512           3.924      1474560        92160
        1440         1024           7.717      2949120       184320
        1440         2048          14.955      5898240       368640
        1440         4096          29.888     11796480       737280
        1440         8192          59.436     23592960      1474560
        1440        16384         118.564     47185920      2949120
        1584            1           0.595         3168          198
        1584            2           0.512         6336          396
        1584            4           0.469        12672          792
        1584            8           0.659        25344         1584
        1584           16           0.501        50688         3168
        1584           32           0.580       101376         6336
        1584           64           0.792       202752        12672
        1584          128           1.171       405504        25344
        1584          256           2.186       811008        50688
        1584          512           3.925      1622016       101376
        1584         1024           7.744      3244032       202752
        1584         2048          14.927      6488064       405504
        1584         4096          29.651     12976128       811008
        1584         8192          58.906     25952256      1622016
        1584        16384         117.567     51904512      3244032
        1728            1           1.139         3456          216
        1728            2           0.361         6912          432
        1728            4           0.515        13824          864
        1728            8           0.602        27648         1728
        1728           16           0.685        55296         3456
        1728           32           0.670       110592         6912
        1728           64           0.720       221184        13824
        1728          128           1.207       442368        27648
        1728          256           2.197       884736        55296
        1728          512           3.988      1769472       110592
        1728         1024           7.755      3538944       221184
        1728         2048          15.315      7077888       442368
        1728         4096          30.218     14155776       884736
        1728         8192          60.067     28311552      1769472
        1728        16384         117.022     56623104      3538944
        1872            1           0.553         3744          234
        1872            2           0.618         7488          468
        1872            4           0.575        14976          936
        1872            8           0.661        29952         1872
        1872           16           0.582        59904         3744
        1872           32           0.564       119808         7488
        1872           64           0.847       239616        14976
        1872          128           1.327       479232        29952
        1872          256           2.117       958464        59904
        1872          512           4.038      1916928       119808
        1872         1024           7.757      3833856       239616
        1872         2048          15.067      7667712       479232
        1872         4096          30.021     15335424       958464
        1872         8192          59.651     30670848      1916928
        1872        16384         119.463     61341696      3833856
        2016            1           0.574         4032          252
        2016            2           0.427         8064          504
        2016            4           0.523        16128         1008
        2016            8           0.716        32256         2016
        2016           16           0.665        64512         4032
        2016           32           0.695       129024         8064
        2016           64           0.662       258048        16128
        2016          128           1.243       516096        32256
        2016          256           2.098      1032192        64512
        2016          512           4.091      2064384       129024
        2016         1024           7.788      4128768       258048
        2016         2048          15.308      8257536       516096
        2016         4096          30.106     16515072      1032192
        2016         8192          59.760     33030144      2064384
        2208            1           0.355         4416          276
        2208            2           0.638         8832          552
        2208            4           0.645        17664         1104
        2208            8           0.560        35328         2208
        2208           16           0.573        70656         4416
        2208           32           0.678       141312         8832
        2208           64           0.672       282624        17664
        2208          128           1.283       565248        35328
        2208          256           2.209      1130496        70656
        2208          512           4.035      2260992       141312
        2208         1024           7.769      4521984       282624
        2208         2048          15.000      9043968       565248
        2208         4096          29.652     18087936      1130496
        2208         8192          58.985     36175872      2260992
        2400            1           0.612         4800          300
        2400            2           0.415         9600          600
        2400            4           0.644        19200         1200
        2400            8           0.549        38400         2400
        2400           16           0.585        76800         4800
        2400           32           0.674       153600         9600
        2400           64           0.779       307200        19200
        2400          128           1.252       614400        38400
        2400          256           2.146      1228800        76800
        2400          512           3.959      2457600       153600
        2400         1024           7.941      4915200       307200
        2400         2048          15.352      9830400       614400
        2400         4096          30.482     19660800      1228800
        2400         8192          60.658     39321600      2457600
        2640            1           0.782         5280          330
        2640            2           0.753        10560          660
        2640            4           0.569        21120         1320
        2640            8           0.614        42240         2640
        2640           16           0.560        84480         5280
        2640           32           0.632       168960        10560
        2640           64           0.803       337920        21120
        2640          128           1.134       675840        42240
        2640          256           2.142      1351680        84480
        2640          512           4.086      2703360       168960
        2640         1024           7.772      5406720       337920
        2640         2048          15.272     10813440       675840
        2640         4096          29.894     21626880      1351680
        2640         8192          59.748     43253760      2703360
        2880            1           0.282         5760          360
        2880            2           0.747        11520          720
        2880            4           0.631        23040         1440
        2880            8           0.660        46080         2880
        2880           16           0.581        92160         5760
        2880           32           0.523       184320        11520
        2880           64           0.945       368640        23040
        2880          128           1.161       737280        46080
        2880          256           2.260      1474560        92160
        2880          512           4.023      2949120       184320
        2880         1024           7.744      5898240       368640
        2880         2048          15.305     11796480       737280
        2880         4096          30.088     23592960      1474560
        2880         8192          59.400     47185920      2949120
        3168            1           0.298         6336          396
        3168            2           0.468        12672          792
        3168            4           0.771        25344         1584
        3168            8           0.624        50688         3168
        3168           16           0.675       101376         6336
        3168           32           0.635       202752        12672
        3168           64           0.910       405504        25344
        3168          128           1.289       811008        50688
        3168          256           2.276      1622016       101376
        3168          512           4.176      3244032       202752
        3168         1024           7.964      6488064       405504
        3168         2048          15.556     12976128       811008
        3168         4096          30.795     25952256      1622016
        3168         8192          61.374     51904512      3244032
        3456            1           0.555         6912          432
        3456            2           0.755        13824          864
        3456            4           0.603        27648         1728
        3456            8           0.742        55296         3456
        3456           16           0.676       110592         6912
        3456           32           0.642       221184        13824
        3456           64           0.862       442368        27648
        3456          128           1.205       884736        55296
        3456          256           2.140      1769472       110592
        3456          512           4.081      3538944       221184
        3456         1024           7.859      7077888       442368
        3456         2048          15.350     14155776       884736
        3456         4096          30.492     28311552      1769472
        3456         8192          60.591     56623104      3538944
        3792            1           1.103         7584          474
        3792            2           0.696        15168          948
        3792            4           0.704        30336         1896
        3792            8           0.559        60672         3792
        3792           16           0.593       121344         7584
        3792           32           0.757       242688        15168
        3792           64           0.831       485376        30336
        3792          128           1.338       970752        60672
        3792          256           2.422      1941504       121344
        3792          512           4.495      3883008       242688
        3792         1024           8.780      7766016       485376
        3792         2048          17.387     15532032       970752
        3792         4096          34.261     31064064      1941504
        4128            1           0.273         8256          516
        4128            2           0.479        16512         1032
        4128            4           0.683        33024         2064
        4128            8           0.759        66048         4128
        4128           16           0.670       132096         8256
        4128           32           0.984       264192        16512
        4128           64           0.984       528384        33024
        4128          128           1.496      1056768        66048
        4128          256           2.507      2113536       132096
        4128          512           4.941      4227072       264192
        4128         1024           9.407      8454144       528384
        4128         2048          18.572     16908288      1056768
        4128         4096          36.737     33816576      2113536
        4512            1           0.745         9024          564
        4512            2           0.301        18048         1128
        4512            4           0.618        36096         2256
        4512            8           0.796        72192         4512
        4512           16           0.647       144384         9024
        4512           32           0.587       288768        18048
        4512           64           1.026       577536        36096
        4512          128           1.508      1155072        72192
        4512          256           2.653      2310144       144384
        4512          512           5.325      4620288       288768
        4512         1024          10.112      9240576       577536
        4512         2048          19.798     18481152      1155072
        4512         4096          39.216     36962304      2310144
        4944            1           0.654         9888          618
        4944            2           0.483        19776         1236
        4944            4           0.495        39552         2472
        4944            8           0.743        79104         4944
        4944           16           0.644       158208         9888
        4944           32           0.860       316416        19776
        4944           64           0.927       632832        39552
        4944          128           1.560      1265664        79104
        4944          256           2.931      2531328       158208
        4944          512           5.687      5062656       316416
        4944         1024          10.967     10125312       632832
        4944         2048          21.494     20250624      1265664
        4944         4096          42.661     40501248      2531328
        5424            1           0.363        10848          678
        5424            2           0.608        21696         1356
        5424            4           0.462        43392         2712
        5424            8           0.664        86784         5424
        5424           16           0.896       173568        10848
        5424           32           0.844       347136        21696
        5424           64           1.054       694272        43392
        5424          128           1.593      1388544        86784
        5424          256           2.974      2777088       173568
        5424          512           5.745      5554176       347136
        5424         1024          11.286     11108352       694272
        5424         2048          22.367     22216704      1388544
        5424         4096          44.243     44433408      2777088
        5952            1           0.994        11904          744
        5952            2           0.623        23808         1488
        5952            4           0.530        47616         2976
        5952            8           0.717        95232         5952
        5952           16           0.540       190464        11904
        5952           32           0.801       380928        23808
        5952           64           1.135       761856        47616
        5952          128           1.713      1523712        95232
        5952          256           3.209      3047424       190464
        5952          512           5.863      6094848       380928
        5952         1024          11.342     12189696       761856
        5952         2048          22.386     24379392      1523712
        5952         4096          44.292     48758784      3047424
        6528            1           1.285        13056          816
        6528            2           0.505        26112         1632
        6528            4           0.576        52224         3264
        6528            8           0.644       104448         6528
        6528           16           0.773       208896        13056
        6528           32           0.880       417792        26112
        6528           64           1.253       835584        52224
        6528          128           2.050      1671168       104448
        6528          256           3.483      3342336       208896
        6528          512           6.691      6684672       417792
        6528         1024          12.808     13369344       835584
        6528         2048          31.310     26738688      1671168
        6528         4096          51.118     53477376      3342336
        7152            1           0.737        14304          894
        7152            2           0.639        28608         1788
        7152            4           0.525        57216         3576
        7152            8           0.929       114432         7152
        7152           16           0.793       228864        14304
        7152           32           0.786       457728        28608
        7152           64           1.099       915456        57216
        7152          128           1.878      1830912       114432
        7152          256           3.357      3661824       228864
        7152          512           6.449      7323648       457728
        7152         1024          12.659     14647296       915456
        7152         2048          25.134     29294592      1830912
        7152         4096          49.780     58589184      3661824
        7824            1           0.387        15648          978
        7824            2           0.659        31296         1956
        7824            4           0.596        62592         3912
        7824            8           0.632       125184         7824
        7824           16           0.684       250368        15648
        7824           32           0.952       500736        31296
        7824           64           1.410      1001472        62592
        7824          128           2.222      2002944       125184
        7824          256           4.217      4005888       250368
        7824          512           7.705      8011776       500736
        7824         1024          15.227     16023552      1001472
        7824         2048          30.015     32047104      2002944
        8592            1           0.337        17184         1074
        8592            2           0.662        34368         2148
        8592            4           0.497        68736         4296
        8592            8           0.668       137472         8592
        8592           16           0.790       274944        17184
        8592           32           0.990       549888        34368
        8592           64           1.410      1099776        68736
        8592          128           2.275      2199552       137472
        8592          256           4.123      4399104       274944
        8592          512           7.984      8798208       549888
        8592         1024          15.701     17596416      1099776
        8592         2048          30.355     35192832      2199552
        9408            1           0.649        18816         1176
        9408            2           0.531        37632         2352
        9408            4           0.503        75264         4704
        9408            8           0.605       150528         9408
        9408           16           0.734       301056        18816
        9408           32           0.883       602112        37632
        9408           64           1.393      1204224        75264
        9408          128           2.301      2408448       150528
        9408          256           4.159      4816896       301056
        9408          512           7.965      9633792       602112
        9408         1024          15.277     19267584      1204224
        9408         2048          30.247     38535168      2408448
       10320            1           0.343        20640         1290
       10320            2           0.730        41280         2580
       10320            4           0.617        82560         5160
       10320            8           0.622       165120        10320
       10320           16           0.853       330240        20640
       10320           32           1.047       660480        41280
       10320           64           1.511      1320960        82560
       10320          128           2.467      2641920       165120
       10320          256           4.499      5283840       330240
       10320          512           8.659     10567680       660480
       10320         1024          17.014     21135360      1320960
       10320         2048          33.718     42270720      2641920
       11328            1           0.347        22656         1416
       11328            2           0.645        45312         2832
       11328            4           0.738        90624         5664
       11328            8           0.524       181248        11328
       11328           16           0.789       362496        22656
       11328           32           1.036       724992        45312
       11328           64           1.627      1449984        90624
       11328          128           2.508      2899968       181248
       11328          256           4.770      5799936       362496
       11328          512           9.037     11599872       724992
       11328         1024          17.581     23199744      1449984
       11328         2048          35.053     46399488      2899968
       12432            1           0.659        24864         1554
       12432            2           0.675        49728         3108
       12432            4           0.589        99456         6216
       12432            8           0.615       198912        12432
       12432           16           0.816       397824        24864
       12432           32           1.029       795648        49728
       12432           64           1.637      1591296        99456
       12432          128           2.758      3182592       198912
       12432          256           5.264      6365184       397824
       12432          512           9.977     12730368       795648
       12432         1024          19.571     25460736      1591296
       12432         2048          38.955     50921472      3182592
       13632            1           0.688        27264         1704
       13632            2           0.530        54528         3408
       13632            4           0.585       109056         6816
       13632            8           0.812       218112        13632
       13632           16           0.841       436224        27264
       13632           32           1.266       872448        54528
       13632           64           1.728      1744896       109056
       13632          128           3.104      3489792       218112
       13632          256           5.464      6979584       436224
       13632          512          10.577     13959168       872448
       13632         1024          20.988     27918336      1744896
       13632         2048          41.594     55836672      3489792
       14976            1           0.585        29952         1872
       14976            2           0.739        59904         3744
       14976            4           0.676       119808         7488
       14976            8           0.746       239616        14976
       14976           16           1.072       479232        29952
       14976           32           1.256       958464        59904
       14976           64           2.021      1916928       119808
       14976          128           3.483      3833856       239616
       14976          256           6.396      7667712       479232
       14976          512          14.721     15335424       958464
       14976         1024          25.008     30670848      1916928
       14976         2048          49.209     61341696      3833856
       16464            1           0.392        32928         2058
       16464            2           0.792        65856         4116
       16464            4           0.829       131712         8232
       16464            8           0.742       263424        16464
       16464           16           0.967       526848        32928
       16464           32           1.295      1053696        65856
       16464           64           2.162      2107392       131712
       16464          128           3.806      4214784       263424
       16464          256           7.195      8429568       526848
       16464          512          13.774     16859136      1053696
       16464         1024          27.175     33718272      2107392
       18096            1           0.400        36192         2262
       18096            2           0.734        72384         4524
       18096            4           0.822       144768         9048
       18096            8           0.610       289536        18096
       18096           16           1.011       579072        36192
       18096           32           1.561      1158144        72384
       18096           64           2.270      2316288       144768
       18096          128           3.969      4632576       289536
       18096          256           7.353      9265152       579072
       18096          512          13.846     18530304      1158144
       18096         1024          27.616     37060608      2316288
       19872            1           0.996        39744         2484
       19872            2           0.488        79488         4968
       19872            4           0.699       158976         9936
       19872            8           0.804       317952        19872
       19872           16           0.982       635904        39744
       19872           32           1.699      1271808        79488
       19872           64           2.430      2543616       158976
       19872          128           4.240      5087232       317952
       19872          256           8.109     10174464       635904
       19872          512          15.880     20348928      1271808
       19872         1024          31.285     40697856      2543616
       21840            1           0.980        43680         2730
       21840            2           0.749        87360         5460
       21840            4           0.568       174720        10920
       21840            8           0.800       349440        21840
       21840           16           1.117       698880        43680
       21840           32           1.633      1397760        87360
       21840           64           2.718      2795520       174720
       21840          128           4.693      5591040       349440
       21840          256           9.106     11182080       698880
       21840          512          17.684     22364160      1397760
       21840         1024          35.017     44728320      2795520
       24000            1           0.716        48000         3000
       24000            2           0.410        96000         6000
       24000            4           0.667       192000        12000
       24000            8           0.895       384000        24000
       24000           16           1.219       768000        48000
       24000           32           1.769      1536000        96000
       24000           64           2.834      3072000       192000
       24000          128           5.039      6144000       384000
       24000          256           9.424     12288000       768000
       24000          512          33.653     24576000      1536000
       24000         1024          35.630     49152000      3072000
       26400            1           0.481        52800         3300
       26400            2           0.637       105600         6600
       26400            4           0.666       211200        13200
       26400            8           0.928       422400        26400
       26400           16           1.079       844800        52800
       26400           32           1.871      1689600       105600
       26400           64           3.088      3379200       211200
       26400          128           5.639      6758400       422400
       26400          256          10.549     13516800       844800
       26400          512          21.199     27033600      1689600
       26400         1024          41.551     54067200      3379200
       29040            1           0.726        58080         3630
       29040            2           0.562       116160         7260
       29040            4           0.789       232320        14520
       29040            8           0.976       464640        29040
       29040           16           1.278       929280        58080
       29040           32           1.842      1858560       116160
       29040           64           3.275      3717120       232320
       29040          128           6.098      7434240       464640
       29040          256          11.431     14868480       929280
       29040          512          22.512     29736960      1858560
       29040         1024          44.633     59473920      3717120
       31920            1           0.529        63840         3990
       31920            2           0.776       127680         7980
       31920            4           0.795       255360        15960
       31920            8           0.933       510720        31920
       31920           16           1.321      1021440        63840
       31920           32           1.987      2042880       127680
       31920           64           3.596      4085760       255360
       31920          128           6.586      8171520       510720
       31920          256          12.583     16343040      1021440
       31920          512          24.960     32686080      2042880
       35088            1           1.309        70176         4386
       35088            2           0.743       140352         8772
       35088            4           0.760       280704        17544
       35088            8           0.988       561408        35088
       35088           16           1.267      1122816        70176
       35088           32           2.199      2245632       140352
       35088           64           3.908      4491264       280704
       35088          128           7.156      8982528       561408
       35088          256          13.758     17965056      1122816
       35088          512          27.144     35930112      2245632
       38592            1           1.326        77184         4824
       38592            2           0.880       154368         9648
       38592            4           0.690       308736        19296
       38592            8           1.057       617472        38592
       38592           16           1.448      1234944        77184
       38592           32           2.427      2469888       154368
       38592           64           4.176      4939776       308736
       38592          128           7.815      9879552       617472
       38592          256          14.993     19759104      1234944
       38592          512          29.325     39518208      2469888
       42432            1           0.763        84864         5304
       42432            2           0.703       169728        10608
       42432            4           1.003       339456        21216
       42432            8           1.043       678912        42432
       42432           16           1.505      1357824        84864
       42432           32           2.306      2715648       169728
       42432           64           4.533      5431296       339456
       42432          128           8.334     10862592       678912
       42432          256          16.246     21725184      1357824
       42432          512          31.894     43450368      2715648
       46656            1           0.688        93312         5832
       46656            2           0.753       186624        11664
       46656            4           0.830       373248        23328
       46656            8           1.186       746496        46656
       46656           16           1.673      1492992        93312
       46656           32           2.660      2985984       186624
       46656           64           4.937      5971968       373248
       46656          128           9.276     11943936       746496
       46656          256          17.892     23887872      1492992
       46656          512          35.008     47775744      2985984
       51312            1           1.551       102624         6414
       51312            2           0.546       205248        12828
       51312            4           0.916       410496        25656
       51312            8           1.277       820992        51312
       51312           16           1.759      1641984       102624
       51312           32           3.039      3283968       205248
       51312           64           5.347      6567936       410496
       51312          128          10.155     13135872       820992
       51312          256          19.815     26271744      1641984
       51312          512          39.037     52543488      3283968
       56400            1           1.126       112800         7050
       56400            2           0.738       225600        14100
       56400            4           0.943       451200        28200
       56400            8           1.287       902400        56400
       56400           16           1.926      1804800       112800
       56400           32           3.244      3609600       225600
       56400           64           5.681      7219200       451200
       56400          128          11.001     14438400       902400
       56400          256          21.514     28876800      1804800
       56400          512          42.422     57753600      3609600
       62016            1           1.826       124032         7752
       62016            2           0.556       248064        15504
       62016            4           0.994       496128        31008
       62016            8           1.653       992256        62016
       62016           16           2.890      1984512       124032
       62016           32           5.322      3969024       248064
       62016           64           8.992      7938048       496128
       62016          128          18.576     15876096       992256
       62016          256          32.047     31752192      1984512
       68208            1           1.220       136416         8526
       68208            2           0.636       272832        17052
       68208            4           1.239       545664        34104
       68208            8           3.141      1091328        68208
       68208           16           3.997      2182656       136416
       68208           32           6.569      4365312       272832
       68208           64           9.693      8730624       545664
       68208          128          16.025     17461248      1091328
       68208          256          39.101     34922496      2182656
       75024            1           1.326       150048         9378
       75024            2           1.069       300096        18756
       75024            4           1.120       600192        37512
       75024            8           1.875      1200384        75024
       75024           16           3.205      2400768       150048
       75024           32           6.179      4801536       300096
       75024           64          11.146      9603072       600192
       75024          128          22.015     19206144      1200384
       75024          256          44.433     38412288      2400768
       82512            1           1.856       165024        10314
       82512            2           2.017       330048        20628
       82512            4           1.623       660096        41256
       82512            8           3.532      1320192        82512
       82512           16           4.146      2640384       165024
       82512           32           6.395      5280768       330048
       82512           64          10.602     10561536       660096
       82512          128          23.979     21123072      1320192
       82512          256          47.602     42246144      2640384
       90720            1           1.667       181440        11340
       90720            2           0.712       362880        22680
       90720            4           1.349       725760        45360
       90720            8           2.404      1451520        90720
       90720           16           3.914      2903040       181440
       90720           32           6.835      5806080       362880
       90720           64          13.355     11612160       725760
       90720          128          28.154     23224320      1451520
       90720          256          49.903     46448640      2903040
       99792            1           2.474       199584        12474
       99792            2           0.773       399168        24948
       99792            4           1.531       798336        49896
       99792            8           1.830      1596672        99792
       99792           16           2.977      3193344       199584
       99792           32           5.266      6386688       399168
       99792           64           9.872     12773376       798336
       99792          128          18.876     25546752      1596672
       99792          256          37.324     51093504      3193344
      109728            1           1.741       219456        13716
      109728            2           0.974       438912        27432
      109728            4           1.498       877824        54864
      109728            8           2.007      1755648       109728
      109728           16           3.184      3511296       219456
      109728           32           5.641      7022592       438912
      109728           64          10.645     14045184       877824
      109728          128          20.636     28090368      1755648
      109728          256          40.517     56180736      3511296
      120672            1           3.274       241344        15084
      120672            2           1.018       482688        30168
      120672            4           1.362       965376        60336
      120672            8           1.967      1930752       120672
      120672           16           3.414      3861504       241344
      120672           32           6.252      7723008       482688
      120672           64          11.721     15446016       965376
      120672          128          22.931     30892032      1930752
      120672          256          44.765     61784064      3861504
      132720            1           1.805       265440        16590
      132720            2           1.030       530880        33180
      132720            4           1.625      1061760        66360
      132720            8           2.293      2123520       132720
      132720           16           3.848      4247040       265440
      132720           32           6.669      8494080       530880
      132720           64          12.801     16988160      1061760
      132720          128          24.905     33976320      2123520
      145968            1           2.110       291936        18246
      145968            2           1.127       583872        36492
      145968            4           1.664      1167744        72984
      145968            8           2.483      2335488       145968
      145968           16           3.989      4670976       291936
      145968           32           7.449      9341952       583872
      145968           64          14.011     18683904      1167744
      145968          128          27.365     37367808      2335488
      160560            1           3.598       321120        20070
      160560            2           1.911       642240        40140
      160560            4           3.193      1284480        80280
      160560            8           4.506      2568960       160560
      160560           16           8.866      5137920       321120
      160560           32          16.855     10275840       642240
      160560           64          31.339     20551680      1284480
      160560          128          60.234     41103360      2568960
      176592            1           3.695       353184        22074
      176592            2           1.188       706368        44148
      176592            4           1.783      1412736        88296
      176592            8           2.785      2825472       176592
      176592           16           4.937      5650944       353184
      176592           32           8.821     11301888       706368
      176592           64          16.930     22603776      1412736
      176592          128          33.167     45207552      2825472
      194208            1           2.934       388416        24276
      194208            2           1.555       776832        48552
      194208            4           2.055      1553664        97104
      194208            8           3.066      3107328       194208
      194208           16           5.339      6214656       388416
      194208           32           9.732     12429312       776832
      194208           64          18.581     24858624      1553664
      194208          128          36.379     49717248      3107328
      213600            1           3.934       427200        26700
      213600            2           1.776       854400        53400
      213600            4           2.674      1708800       106800
      213600            8           4.609      3417600       213600
      213600           16           8.843      6835200       427200
      213600           32          14.630     13670400       854400
      213600           64          28.806     27340800      1708800
      213600          128          56.575     54681600      3417600
      234960            1           2.720       469920        29370
      234960            2           1.969       939840        58740
      234960            4           2.994      1879680       117480
      234960            8           4.780      3759360       234960
      234960           16           8.917      7518720       469920
      234960           32          17.019     15037440       939840
      234960           64          33.055     30074880      1879680
      234960          128          65.727     60149760      3759360
      258432            1           3.127       516864        32304
      258432            2           2.189      1033728        64608
      258432            4           3.387      2067456       129216
      258432            8           5.696      4134912       258432
      258432           16          10.316      8269824       516864
      258432           32          19.845     16539648      1033728
      258432           64          38.765     33079296      2067456
      284256            1           4.351       568512        35532
      284256            2           2.264      1137024        71064
      284256            4           3.595      2274048       142128
      284256            8           6.215      4548096       284256
      284256           16          11.251      9096192       568512
      284256           32          21.692     18192384      1137024
      284256           64          42.556     36384768      2274048
      312672            1           3.924       625344        39084
      312672            2           2.389      1250688        78168
      312672            4           3.939      2501376       156336
      312672            8           6.886      5002752       312672
      312672           16          12.392     10005504       625344
      312672           32          24.046     20011008      1250688
      312672           64          47.023     40022016      2501376
      343920            1           4.489       687840        42990
      343920            2           2.786      1375680        85980
      343920            4           4.334      2751360       171960
      343920            8           7.412      5502720       343920
      343920           16          13.612     11005440       687840
      343920           32          26.363     22010880      1375680
      343920           64          51.532     44021760      2751360
      378288            1           4.430       756576        47286
      378288            2           2.708      1513152        94572
      378288            4           4.669      3026304       189144
      378288            8           8.138      6052608       378288
      378288           16          14.759     12105216       756576
      378288           32          28.697     24210432      1513152
      378288           64          56.573     48420864      3026304
      416112            1           5.061       832224        52014
      416112            2           2.989      1664448       104028
      416112            4           4.885      3328896       208056
      416112            8           8.829      6657792       416112
      416112           16          16.434     13315584       832224
      416112           32          31.485     26631168      1664448
      416112           64          61.965     53262336      3328896
      457680            1           5.136       915360        57210
      457680            2           3.448      1830720       114420
      457680            4           5.437      3661440       228840
      457680            8           9.519      7322880       457680
      457680           16          17.886     14645760       915360
      457680           32          34.959     29291520      1830720
      457680           64          68.400     58583040      3661440
      503424            1           6.054      1006848        62928
      503424            2           3.470      2013696       125856
      503424            4           5.886      4027392       251712
      503424            8          10.481      8054784       503424
      503424           16          19.819     16109568      1006848
      503424           32          38.238     32219136      2013696
      553728            1           7.298      1107456        69216
      553728            2           3.845      2214912       138432
      553728            4           6.310      4429824       276864
      553728            8          11.487      8859648       553728
      553728           16          21.629     17719296      1107456
      553728           32          41.894     35438592      2214912
      609072            1           7.753      1218144        76134
      609072            2           4.302      2436288       152268
      609072            4           7.029      4872576       304536
      609072            8          12.466      9745152       609072
      609072           16          23.783     19490304      1218144
      609072           32          45.968     38980608      2436288
      669936            1           8.136      1339872        83742
      669936            2           4.610      2679744       167484
      669936            4           7.686      5359488       334968
      669936            8          13.754     10718976       669936
      669936           16          25.991     21437952      1339872
      669936           32          50.438     42875904      2679744
      736896            1           9.258      1473792        92112
      736896            2           4.899      2947584       184224
      736896            4           8.285      5895168       368448
      736896            8          15.072     11790336       736896
      736896           16          28.593     23580672      1473792
      736896           32          55.409     47161344      2947584
      810576            1          10.961      1621152       101322
      810576            2           5.509      3242304       202644
      810576            4           9.090      6484608       405288
      810576            8          16.573     12969216       810576
      810576           16          31.325     25938432      1621152
      810576           32          60.749     51876864      3242304
      891600            1          11.280      1783200       111450
      891600            2           6.028      3566400       222900
      891600            4          10.057      7132800       445800
      891600            8          18.072     14265600       891600
      891600           16          34.298     28531200      1783200
      891600           32          66.472     57062400      3566400
      980736            1          12.436      1961472       122592
      980736            2           6.756      3922944       245184
      980736            4          11.029      7845888       490368
      980736            8          19.854     15691776       980736
      980736           16          37.637     31383552      1961472
     1078800            1          13.740      2157600       134850
     1078800            2           7.162      4315200       269700
     1078800            4          12.138      8630400       539400
     1078800            8          21.759     17260800      1078800
     1078800           16          41.403     34521600      2157600
     1186656            1          14.350      2373312       148332
     1186656            2           7.838      4746624       296664
     1186656            4          13.157      9493248       593328
     1186656            8          23.801     18986496      1186656
     1186656           16          45.443     37972992      2373312
     1305312            1          15.795      2610624       163164
     1305312            2           8.579      5221248       326328
     1305312            4          14.387     10442496       652656
     1305312            8          26.273     20884992      1305312
     1305312           16          49.995     41769984      2610624
     1435824            1          18.915      2871648       179478
     1435824            2           9.189      5743296       358956
     1435824            4          15.893     11486592       717912
     1435824            8          28.783     22973184      1435824
     1435824           16          54.819     45946368      2871648
     1579392            1          21.402      3158784       197424
     1579392            2           9.944      6317568       394848
     1579392            4          17.401     12635136       789696
     1579392            8          31.726     25270272      1579392
     1579392           16          60.363     50540544      3158784
     1737312            1          21.981      3474624       217164
     1737312            2          11.054      6949248       434328
     1737312            4          18.902     13898496       868656
     1737312            8          34.779     27796992      1737312
     1737312           16          66.449     55593984      3474624
     1911024            1          24.098      3822048       238878
     1911024            2          12.225      7644096       477756
     1911024            4          20.960     15288192       955512
     1911024            8          38.167     30576384      1911024
     1911024           16          73.001     61152768      3822048
     2102112            1          26.598      4204224       262764
     2102112            2          13.449      8408448       525528
     2102112            4          22.956     16816896      1051056
     2102112            8          42.004     33633792      2102112
     2312304            1          28.653      4624608       289038
     2312304            2          14.781      9249216       578076
     2312304            4          25.367     18498432      1156152
     2312304            8          46.099     36996864      2312304
     2543520            1          32.155      5087040       317940
     2543520            2          16.175     10174080       635880
     2543520            4          27.656     20348160      1271760
     2543520            8          50.776     40696320      2543520
     2797872            1          43.404      5595744       349734
     2797872            2          21.531     11191488       699468
     2797872            4          30.263     22382976      1398936
     2797872            8          55.586     44765952      2797872
     3077616            1          38.297      6155232       384702
     3077616            2          21.367     12310464       769404
     3077616            4          33.648     24620928      1538808
     3077616            8          61.793     49241856      3077616
     3385344            1          42.120      6770688       423168
     3385344            2          24.631     13541376       846336
     3385344            4          38.462     27082752      1692672
     3385344            8          69.563     54165504      3385344
     3723840            1          48.872      7447680       465480
     3723840            2          40.866     14895360       930960
     3723840            4          53.553     29790720      1861920
     3723840            8          84.192     59581440      3723840
     4096224            1          51.295      8192448       512028
     4096224            2          33.104     16384896      1024056
     4096224            4          51.531     32769792      2048112
     4505808            1          52.169      9011616       563226
     4505808            2          34.963     18023232      1126452
     4505808            4          54.624     36046464      2252904
     4956384            1          58.404      9912768       619548
     4956384            2          39.136     19825536      1239096
     4956384            4          60.221     39651072      2478192
     5451984            1          62.201     10903968       681498
     5451984            2          52.705     21807936      1362996
     5451984            4          72.643     43615872      2725992
     5997168            1          66.699     11994336       749646
     5997168            2          55.957     23988672      1499292
     5997168            4          83.066     47977344      2998584
     6596880            1          70.429     13193760       824610
     6596880            2          68.354     26387520      1649220
     6596880            4          99.276     52775040      3298440
     7256544            1          73.532     14513088       907068
     7256544            2          85.588     29026176      1814136
     7256544            4         122.384     58052352      3628272
     7982160            1          75.814     15964320       997770
     7982160            2          99.716     31928640      1995540
     8780352            1          82.554     17560704      1097544
     8780352            2         116.861     35121408      2195088
     9658368            1          88.463     19316736      1207296
     9658368            2         138.513     38633472      2414592
    10624176            1          96.156     21248352      1328022
    10624176            2         156.513     42496704      2656044
    11686560            1         105.677     23373120      1460820
    11686560            2         178.317     46746240      2921640
    12855216            1         118.881     25710432      1606902
    12855216            2         195.500     51420864      3213804
    14140704            1         131.866     28281408      1767588
    14140704            2         217.549     56562816      3535176
    15554736            1         143.854     31109472      1944342
    17110176            1         163.741     34220352      2138772
    18821184            1         184.418     37642368      2352648
    20703264            1         221.031     41406528      2587908
    22773552            1         244.464     45547104      2846694
    25050864            1         282.598     50101728      3131358
    27555936            1         330.906     55111872      3444492
    30311520            1         386.981     60623040      3788940

META_DATA
FLOPS          1
OPENMP_THREADS 6
ERT_VERSION  1.1.0
HOSTNAME  ('cirrus4.computing.clemson.edu', ['cirrus4'], ['127.0.1.1'])
UNAME  uname_result(system='Linux', node='cirrus4.computing.clemson.edu', release='5.4.0-81-generic', version='#91-Ubuntu SMP Thu Jul 15 19:09:17 UTC 2021', machine='x86_64', processor='x86_64')
TIMESTAMP_DATA  1632245393.027255
CONFIG  {'ERT_RESULTS': ['Results.cs.clemson.edu'], 'ERT_DRIVER': ['driver1'], 'ERT_KERNEL': ['kernel1'], 'ERT_MPI': ['False'], 'ERT_MPI_CFLAGS': [], 'ERT_MPI_LDFLAGS': [], 'ERT_OPENMP': ['True'], 'ERT_OPENMP_CFLAGS': ['-fopenmp'], 'ERT_OPENMP_LDFLAGS': ['-fopenmp'], 'ERT_FLOPS': ['1,2,4'], 'ERT_ALIGN': ['32'], 'ERT_CC': ['g++'], 'ERT_CFLAGS': ['-O3', '-std=c++11', '-fstrict-aliasing', '-march=native'], 'ERT_LD': ['g++'], 'ERT_LDFLAGS': [], 'ERT_LDLIBS': [], 'ERT_PRECISION': ['FP64'], 'ERT_RUN': ['export', 'OMP_NUM_THREADS=ERT_OPENMP_THREADS;', 'export', 'OMP_PLACES=threads;', 'export', 'OMP_PROC_BIND=spread;', './ERT_CODE'], 'ERT_PROCS_THREADS': ['8'], 'ERT_MPI_PROCS': ['2,4,8'], 'ERT_OPENMP_THREADS': ['1-8'], 'ERT_NUM_EXPERIMENTS': ['5'], 'ERT_MEMORY_MAX': ['31000000'], 'ERT_WORKING_SET_MIN': ['1'], 'ERT_TRIALS_MIN': ['1'], 'ERT_GNUPLOT': ['gnuplot'], 'ERT_GPU': [False], 'ERT_HIP': [False], 'ERT_OCL': [False], 'ERT_SYCL': [False], 'ERT_WSS_MULT': [1.1]}
