fp64
          48            1           0.892           96            6
          48            2           0.619          192           12
          48            4           0.606          384           24
          48            8           0.492          768           48
          48           16           0.603         1536           96
          48           32           0.658         3072          192
          48           64           0.461         6144          384
          48          128           0.791        12288          768
          48          256           1.192        24576         1536
          48          512           1.572        49152         3072
          48         1024           2.900        98304         6144
          48         2048           5.146       196608        12288
          48         4096           9.541       393216        24576
          48         8192          18.681       786432        49152
          48        16384          36.845      1572864        98304
          48        32768          72.985      3145728       196608
          48        65536         146.383      6291456       393216
          48       131072         290.516     12582912       786432
          48       262144         580.576     25165824      1572864
          48       524288        1160.588     50331648      3145728
          96            1           0.269          192           12
          96            2           0.679          384           24
          96            4           0.677          768           48
          96            8           0.664         1536           96
          96           16           0.611         3072          192
          96           32           0.646         6144          384
          96           64           0.590        12288          768
          96          128           0.759        24576         1536
          96          256           0.976        49152         3072
          96          512           1.645        98304         6144
          96         1024           2.877       196608        12288
          96         2048           5.110       393216        24576
          96         4096           9.772       786432        49152
          96         8192          18.979      1572864        98304
          96        16384          37.904      3145728       196608
          96        32768          75.523      6291456       393216
          96        65536         150.511     12582912       786432
          96       131072         390.915     25165824      1572864
          96       262144         811.862     50331648      3145728
         144            1           0.698          288           18
         144            2           0.333          576           36
         144            4           0.602         1152           72
         144            8           0.654         2304          144
         144           16           0.566         4608          288
         144           32           0.627         9216          576
         144           64           0.789        18432         1152
         144          128           0.929        36864         2304
         144          256           1.185        73728         4608
         144          512           2.107       147456         9216
         144         1024           3.573       294912        18432
         144         2048           6.785       589824        36864
         144         4096          12.936      1179648        73728
         144         8192          25.314      2359296       147456
         144        16384          50.003      4718592       294912
         144        32768          99.501      9437184       589824
         144        65536         198.405     18874368      1179648
         144       131072         397.970     37748736      2359296
         192            1           0.587          384           24
         192            2           0.378          768           48
         192            4           0.636         1536           96
         192            8           0.668         3072          192
         192           16           0.675         6144          384
         192           32           0.572        12288          768
         192           64           0.754        24576         1536
         192          128           0.931        49152         3072
         192          256           1.417        98304         6144
         192          512           2.109       196608        12288
         192         1024           3.786       393216        24576
         192         2048           7.216       786432        49152
         192         4096          13.388      1572864        98304
         192         8192          26.507      3145728       196608
         192        16384          52.503      6291456       393216
         192        32768         104.787     12582912       786432
         192        65536         209.172     25165824      1572864
         192       131072         419.033     50331648      3145728
         240            1           0.693          480           30
         240            2           0.725          960           60
         240            4           0.511         1920          120
         240            8           0.458         3840          240
         240           16           0.751         7680          480
         240           32           0.721        15360          960
         240           64           0.826        30720         1920
         240          128           0.955        61440         3840
         240          256           1.249       122880         7680
         240          512           2.139       245760        15360
         240         1024           3.598       491520        30720
         240         2048           7.016       983040        61440
         240         4096          13.564      1966080       122880
         240         8192          26.742      3932160       245760
         240        16384          52.889      7864320       491520
         240        32768         105.024     15728640       983040
         240        65536         210.963     31457280      1966080
         288            1           0.499          576           36
         288            2           0.372         1152           72
         288            4           0.577         2304          144
         288            8           0.536         4608          288
         288           16           0.499         9216          576
         288           32           0.832        18432         1152
         288           64           0.782        36864         2304
         288          128           0.746        73728         4608
         288          256           1.194       147456         9216
         288          512           2.181       294912        18432
         288         1024           3.868       589824        36864
         288         2048           7.071      1179648        73728
         288         4096          13.750      2359296       147456
         288         8192          26.943      4718592       294912
         288        16384          53.248      9437184       589824
         288        32768         105.754     18874368      1179648
         288        65536         210.958     37748736      2359296
         336            1           0.706          672           42
         336            2           0.730         1344           84
         336            4           0.700         2688          168
         336            8           0.631         5376          336
         336           16           0.712        10752          672
         336           32           0.729        21504         1344
         336           64           0.691        43008         2688
         336          128           0.958        86016         5376
         336          256           1.373       172032        10752
         336          512           1.952       344064        21504
         336         1024           3.676       688128        43008
         336         2048           7.164      1376256        86016
         336         4096          13.620      2752512       172032
         336         8192          26.737      5505024       344064
         336        16384          53.297     11010048       688128
         336        32768         105.658     22020096      1376256
         336        65536         210.658     44040192      2752512
         384            1           0.655          768           48
         384            2           0.666         1536           96
         384            4           0.747         3072          192
         384            8           0.738         6144          384
         384           16           0.548        12288          768
         384           32           0.797        24576         1536
         384           64           0.846        49152         3072
         384          128           0.976        98304         6144
         384          256           1.373       196608        12288
         384          512           2.250       393216        24576
         384         1024           3.948       786432        49152
         384         2048           7.633      1572864        98304
         384         4096          22.398      3145728       196608
         384         8192          28.054      6291456       393216
         384        16384          55.636     12582912       786432
         384        32768         110.613     25165824      1572864
         384        65536         220.852     50331648      3145728
         432            1           0.740          864           54
         432            2           0.670         1728          108
         432            4           0.753         3456          216
         432            8           0.568         6912          432
         432           16           0.695        13824          864
         432           32           0.597        27648         1728
         432           64           0.823        55296         3456
         432          128           0.865       110592         6912
         432          256           1.422       221184        13824
         432          512           2.199       442368        27648
         432         1024           4.030       884736        55296
         432         2048           7.308      1769472       110592
         432         4096          14.442      3538944       221184
         432         8192          28.149      7077888       442368
         432        16384          55.780     14155776       884736
         432        32768         111.609     28311552      1769472
         432        65536         222.960     56623104      3538944
         480            1           0.725          960           60
         480            2           0.578         1920          120
         480            4           0.661         3840          240
         480            8           0.788         7680          480
         480           16           0.702        15360          960
         480           32           0.681        30720         1920
         480           64           0.758        61440         3840
         480          128           0.856       122880         7680
         480          256           1.436       245760        15360
         480          512           2.338       491520        30720
         480         1024           4.188       983040        61440
         480         2048           7.498      1966080       122880
         480         4096          22.323      3932160       245760
         480         8192          28.238      7864320       491520
         480        16384         109.433     15728640       983040
         480        32768         111.277     31457280      1966080
         528            1           0.732         1056           66
         528            2           0.469         2112          132
         528            4           0.644         4224          264
         528            8           0.658         8448          528
         528           16           0.692        16896         1056
         528           32           0.919        33792         2112
         528           64           0.727        67584         4224
         528          128           1.110       135168         8448
         528          256           1.378       270336        16896
         528          512           2.281       540672        33792
         528         1024           3.990      1081344        67584
         528         2048           7.469      2162688       135168
         528         4096          14.404      4325376       270336
         528         8192          28.193      8650752       540672
         528        16384          55.906     17301504      1081344
         528        32768         111.197     34603008      2162688
         576            1           1.006         1152           72
         576            2           0.650         2304          144
         576            4           0.639         4608          288
         576            8           0.480         9216          576
         576           16           0.683        18432         1152
         576           32           0.729        36864         2304
         576           64           0.668        73728         4608
         576          128           0.841       147456         9216
         576          256           1.107       294912        18432
         576          512           1.752       589824        36864
         576         1024           2.749      1179648        73728
         576         2048           5.012      2359296       147456
         576         4096           9.290      4718592       294912
         576         8192          32.517      9437184       589824
         576        16384          36.300     18874368      1179648
         576        32768          72.046     37748736      2359296
         624            1           0.665         1248           78
         624            2           0.413         2496          156
         624            4           0.667         4992          312
         624            8           0.648         9984          624
         624           16           0.656        19968         1248
         624           32           0.713        39936         2496
         624           64           0.616        79872         4992
         624          128           0.851       159744         9984
         624          256           0.986       319488        19968
         624          512           1.685       638976        39936
         624         1024           2.648      1277952        79872
         624         2048           5.093      2555904       159744
         624         4096           9.558      5111808       319488
         624         8192          18.644     10223616       638976
         624        16384          36.763     20447232      1277952
         624        32768          72.941     40894464      2555904
         672            1           1.089         1344           84
         672            2           0.545         2688          168
         672            4           0.640         5376          336
         672            8           0.650        10752          672
         672           16           0.614        21504         1344
         672           32           0.746        43008         2688
         672           64           0.692        86016         5376
         672          128           0.820       172032        10752
         672          256           1.113       344064        21504
         672          512           1.558       688128        43008
         672         1024           2.580      1376256        86016
         672         2048           5.038      2752512       172032
         672         4096           9.419      5505024       344064
         672         8192          18.468     11010048       688128
         672        16384          36.397     22020096      1376256
         672        32768          72.389     44040192      2752512
         720            1           0.801         1440           90
         720            2           0.398         2880          180
         720            4           0.442         5760          360
         720            8           0.556        11520          720
         720           16           0.718        23040         1440
         720           32           0.487        46080         2880
         720           64           0.479        92160         5760
         720          128           0.788       184320        11520
         720          256           1.145       368640        23040
         720          512           1.701       737280        46080
         720         1024           2.844      1474560        92160
         720         2048           5.013      2949120       184320
         720         4096           9.648      5898240       368640
         720         8192          18.611     11796480       737280
         720        16384          36.668     23592960      1474560
         720        32768          73.109     47185920      2949120
         768            1           0.310         1536           96
         768            2           0.496         3072          192
         768            4           0.642         6144          384
         768            8           0.556        12288          768
         768           16           0.538        24576         1536
         768           32           0.551        49152         3072
         768           64           0.642        98304         6144
         768          128           0.815       196608        12288
         768          256           1.049       393216        24576
         768          512           1.699       786432        49152
         768         1024           2.802      1572864        98304
         768         2048           5.028      3145728       196608
         768         4096           9.454      6291456       393216
         768         8192          18.880     12582912       786432
         768        16384          36.711     25165824      1572864
         768        32768          72.957     50331648      3145728
         816            1           0.360         1632          102
         816            2           0.598         3264          204
         816            4           0.505         6528          408
         816            8           0.605        13056          816
         816           16           0.543        26112         1632
         816           32           8.641        52224         3264
         816           64           0.742       104448         6528
         816          128           0.991       208896        13056
         816          256           1.093       417792        26112
         816          512           1.580       835584        52224
         816         1024           2.929      1671168       104448
         816         2048           4.897      3342336       208896
         816         4096           9.460      6684672       417792
         816         8192          18.811     13369344       835584
         816        16384          37.064     26738688      1671168
         816        32768          73.561     53477376      3342336
         864            1           0.588         1728          108
         864            2           0.605         3456          216
         864            4           0.671         6912          432
         864            8           0.537        13824          864
         864           16           0.460        27648         1728
         864           32           0.769        55296         3456
         864           64           0.685       110592         6912
         864          128           0.627       221184        13824
         864          256           1.148       442368        27648
         864          512           1.699       884736        55296
         864         1024           2.859      1769472       110592
         864         2048           5.001      3538944       221184
         864         4096           9.397      7077888       442368
         864         8192          18.817     14155776       884736
         864        16384          36.766     28311552      1769472
         864        32768          73.005     56623104      3538944
         912            1           0.251         1824          114
         912            2           0.437         3648          228
         912            4           0.483         7296          456
         912            8           0.608        14592          912
         912           16           0.617        29184         1824
         912           32           0.698        58368         3648
         912           64           0.722       116736         7296
         912          128           0.888       233472        14592
         912          256           1.087       466944        29184
         912          512           1.750       933888        58368
         912         1024           2.807      1867776       116736
         912         2048           5.189      3735552       233472
         912         4096          10.179      7471104       466944
         912         8192          19.604     14942208       933888
         912        16384          38.640     29884416      1867776
         912        32768          76.951     59768832      3735552
         960            1           0.449         1920          120
         960            2           0.559         3840          240
         960            4           0.395         7680          480
         960            8           0.607        15360          960
         960           16           0.607        30720         1920
         960           32           0.493        61440         3840
         960           64           0.742       122880         7680
         960          128           0.732       245760        15360
         960          256           0.949       491520        30720
         960          512           1.682       983040        61440
         960         1024           2.790      1966080       122880
         960         2048           5.033      3932160       245760
         960         4096           9.633      7864320       491520
         960         8192          18.663     15728640       983040
         960        16384          37.008     31457280      1966080
        1056            1           0.265         2112          132
        1056            2           0.580         4224          264
        1056            4           0.446         8448          528
        1056            8           0.472        16896         1056
        1056           16           0.584        33792         2112
        1056           32           0.524        67584         4224
        1056           64           0.681       135168         8448
        1056          128           0.788       270336        16896
        1056          256           1.105       540672        33792
        1056          512           1.829      1081344        67584
        1056         1024           3.018      2162688       135168
        1056         2048           5.252      4325376       270336
        1056         4096          10.089      8650752       540672
        1056         8192          19.601     17301504      1081344
        1056        16384          38.771     34603008      2162688
        1152            1           0.437         2304          144
        1152            2           0.651         4608          288
        1152            4           0.639         9216          576
        1152            8           0.588        18432         1152
        1152           16           0.651        36864         2304
        1152           32           0.677        73728         4608
        1152           64           0.818       147456         9216
        1152          128           1.232       294912        18432
        1152          256           1.983       589824        36864
        1152          512           3.695      1179648        73728
        1152         1024           7.328      2359296       147456
        1152         2048          14.175      4718592       294912
        1152         4096          28.025      9437184       589824
        1152         8192          56.666     18874368      1179648
        1152        16384         113.392     37748736      2359296
        1248            1           0.763         2496          156
        1248            2           0.491         4992          312
        1248            4           0.589         9984          624
        1248            8           0.571        19968         1248
        1248           16           0.528        39936         2496
        1248           32           0.635        79872         4992
        1248           64           0.804       159744         9984
        1248          128           1.165       319488        19968
        1248          256           1.926       638976        39936
        1248          512           3.810      1277952        79872
        1248         1024           7.247      2555904       159744
        1248         2048          14.394      5111808       319488
        1248         4096          28.486     10223616       638976
        1248         8192          56.508     20447232      1277952
        1248        16384         112.868     40894464      2555904
        1344            1           0.681         2688          168
        1344            2           0.472         5376          336
        1344            4           0.547        10752          672
        1344            8           0.658        21504         1344
        1344           16           0.477        43008         2688
        1344           32           0.553        86016         5376
        1344           64           0.715       172032        10752
        1344          128           1.199       344064        21504
        1344          256           1.978       688128        43008
        1344          512           3.604      1376256        86016
        1344         1024           7.109      2752512       172032
        1344         2048          14.067      5505024       344064
        1344         4096          27.896     11010048       688128
        1344         8192          62.332     22020096      1376256
        1344        16384         110.678     44040192      2752512
        1440            1           1.378         2880          180
        1440            2           0.485         5760          360
        1440            4           0.652        11520          720
        1440            8           0.543        23040         1440
        1440           16           0.693        46080         2880
        1440           32           0.677        92160         5760
        1440           64           0.847       184320        11520
        1440          128           1.242       368640        23040
        1440          256           2.143       737280        46080
        1440          512           3.706      1474560        92160
        1440         1024           7.331      2949120       184320
        1440         2048          14.310      5898240       368640
        1440         4096          28.374     11796480       737280
        1440         8192          56.199     23592960      1474560
        1440        16384         112.355     47185920      2949120
        1584            1           0.274         3168          198
        1584            2           0.558         6336          396
        1584            4           0.493        12672          792
        1584            8           0.526        25344         1584
        1584           16           0.571        50688         3168
        1584           32           0.666       101376         6336
        1584           64           0.885       202752        12672
        1584          128           1.137       405504        25344
        1584          256           2.040       811008        50688
        1584          512           3.764      1622016       101376
        1584         1024           7.201      3244032       202752
        1584         2048          14.363      6488064       405504
        1584         4096          28.337     12976128       811008
        1584         8192          56.161     25952256      1622016
        1584        16384         112.072     51904512      3244032
        1728            1           0.465         3456          216
        1728            2           0.583         6912          432
        1728            4           0.558        13824          864
        1728            8           0.698        27648         1728
        1728           16           0.545        55296         3456
        1728           32           0.620       110592         6912
        1728           64           0.748       221184        13824
        1728          128           1.113       442368        27648
        1728          256           1.953       884736        55296
        1728          512           3.712      1769472       110592
        1728         1024           7.334      3538944       221184
        1728         2048          14.378      7077888       442368
        1728         4096          28.617     14155776       884736
        1728         8192          56.966     28311552      1769472
        1728        16384         113.673     56623104      3538944
        1872            1           0.748         3744          234
        1872            2           0.481         7488          468
        1872            4           0.574        14976          936
        1872            8           0.652        29952         1872
        1872           16           0.500        59904         3744
        1872           32           0.550       119808         7488
        1872           64           0.734       239616        14976
        1872          128           1.189       479232        29952
        1872          256           1.992       958464        59904
        1872          512           3.863      1916928       119808
        1872         1024           7.382      3833856       239616
        1872         2048          14.326      7667712       479232
        1872         4096          28.215     15335424       958464
        1872         8192          56.640     30670848      1916928
        1872        16384         113.192     61341696      3833856
        2016            1           0.263         4032          252
        2016            2           0.637         8064          504
        2016            4           0.714        16128         1008
        2016            8           0.712        32256         2016
        2016           16           0.494        64512         4032
        2016           32           0.627       129024         8064
        2016           64           0.736       258048        16128
        2016          128           1.359       516096        32256
        2016          256           2.124      1032192        64512
        2016          512           3.875      2064384       129024
        2016         1024           7.510      4128768       258048
        2016         2048          14.433      8257536       516096
        2016         4096          28.442     16515072      1032192
        2016         8192          56.610     33030144      2064384
        2208            1           0.604         4416          276
        2208            2           0.308         8832          552
        2208            4           0.566        17664         1104
        2208            8           0.510        35328         2208
        2208           16           0.491        70656         4416
        2208           32           0.633       141312         8832
        2208           64           0.784       282624        17664
        2208          128           1.256       565248        35328
        2208          256           2.120      1130496        70656
        2208          512           3.788      2260992       141312
        2208         1024           7.234      4521984       282624
        2208         2048          14.183      9043968       565248
        2208         4096          28.149     18087936      1130496
        2208         8192          55.877     36175872      2260992
        2400            1           0.387         4800          300
        2400            2           0.596         9600          600
        2400            4           0.450        19200         1200
        2400            8           0.636        38400         2400
        2400           16           0.611        76800         4800
        2400           32           0.692       153600         9600
        2400           64           0.830       307200        19200
        2400          128           1.147       614400        38400
        2400          256           2.108      1228800        76800
        2400          512           3.829      2457600       153600
        2400         1024           7.425      4915200       307200
        2400         2048          14.584      9830400       614400
        2400         4096          28.992     19660800      1228800
        2400         8192          57.550     39321600      2457600
        2640            1           0.252         5280          330
        2640            2           0.649        10560          660
        2640            4           0.587        21120         1320
        2640            8           0.620        42240         2640
        2640           16           0.704        84480         5280
        2640           32           0.710       168960        10560
        2640           64           0.953       337920        21120
        2640          128           1.122       675840        42240
        2640          256           1.931      1351680        84480
        2640          512           3.752      2703360       168960
        2640         1024           7.477      5406720       337920
        2640         2048          14.585     10813440       675840
        2640         4096          28.500     21626880      1351680
        2640         8192          56.738     43253760      2703360
        2880            1           0.260         5760          360
        2880            2           0.644        11520          720
        2880            4           0.413        23040         1440
        2880            8           0.513        46080         2880
        2880           16           0.557        92160         5760
        2880           32           0.505       184320        11520
        2880           64           0.852       368640        23040
        2880          128           1.216       737280        46080
        2880          256           1.915      1474560        92160
        2880          512           3.798      2949120       184320
        2880         1024           7.200      5898240       368640
        2880         2048          14.427     11796480       737280
        2880         4096          28.321     23592960      1474560
        2880         8192          56.172     47185920      2949120
        3168            1           0.636         6336          396
        3168            2           0.478        12672          792
        3168            4           0.473        25344         1584
        3168            8           0.548        50688         3168
        3168           16           0.616       101376         6336
        3168           32           0.686       202752        12672
        3168           64           0.812       405504        25344
        3168          128           1.342       811008        50688
        3168          256           2.171      1622016       101376
        3168          512           3.952      3244032       202752
        3168         1024           7.511      6488064       405504
        3168         2048          14.787     12976128       811008
        3168         4096          29.216     25952256      1622016
        3168         8192          58.123     51904512      3244032
        3456            1           0.307         6912          432
        3456            2           0.481        13824          864
        3456            4           0.446        27648         1728
        3456            8           0.477        55296         3456
        3456           16           0.755       110592         6912
        3456           32           0.704       221184        13824
        3456           64           1.081       442368        27648
        3456          128           1.210       884736        55296
        3456          256           2.139      1769472       110592
        3456          512           3.871      3538944       221184
        3456         1024           7.460      7077888       442368
        3456         2048          14.496     14155776       884736
        3456         4096          28.856     28311552      1769472
        3456         8192          57.358     56623104      3538944
        3792            1           0.266         7584          474
        3792            2           0.693        15168          948
        3792            4           0.660        30336         1896
        3792            8           0.693        60672         3792
        3792           16           0.602       121344         7584
        3792           32           0.652       242688        15168
        3792           64           0.837       485376        30336
        3792          128           1.270       970752        60672
        3792          256           2.316      1941504       121344
        3792          512           4.281      3883008       242688
        3792         1024           8.388      7766016       485376
        3792         2048          16.408     15532032       970752
        3792         4096          32.448     31064064      1941504
        4128            1           0.581         8256          516
        4128            2           0.382        16512         1032
        4128            4           0.509        33024         2064
        4128            8           0.548        66048         4128
        4128           16           0.651       132096         8256
        4128           32           0.656       264192        16512
        4128           64           0.801       528384        33024
        4128          128           1.255      1056768        66048
        4128          256           2.385      2113536       132096
        4128          512           4.618      4227072       264192
        4128         1024           9.028      8454144       528384
        4128         2048          17.579     16908288      1056768
        4128         4096          34.869     33816576      2113536
        4512            1           0.353         9024          564
        4512            2           0.291        18048         1128
        4512            4           0.608        36096         2256
        4512            8           0.565        72192         4512
        4512           16           0.736       144384         9024
        4512           32           0.719       288768        18048
        4512           64           0.859       577536        36096
        4512          128           1.506      1155072        72192
        4512          256           2.564      2310144       144384
        4512          512           4.916      4620288       288768
        4512         1024           9.563      9240576       577536
        4512         2048          18.733     18481152      1155072
        4512         4096          37.139     36962304      2310144
        4944            1           0.593         9888          618
        4944            2           0.446        19776         1236
        4944            4           0.526        39552         2472
        4944            8           0.594        79104         4944
        4944           16           0.627       158208         9888
        4944           32           0.717       316416        19776
        4944           64           1.001       632832        39552
        4944          128           1.562      1265664        79104
        4944          256           2.867      2531328       158208
        4944          512           5.427      5062656       316416
        4944         1024          21.468     10125312       632832
        4944         2048          20.349     20250624      1265664
        4944         4096          40.368     40501248      2531328
        5424            1           1.312        10848          678
        5424            2           0.518        21696         1356
        5424            4           0.681        43392         2712
        5424            8           0.722        86784         5424
        5424           16           0.561       173568        10848
        5424           32           0.749       347136        21696
        5424           64           1.053       694272        43392
        5424          128           1.604      1388544        86784
        5424          256           3.032      2777088       173568
        5424          512           5.530      5554176       347136
        5424         1024          10.720     11108352       694272
        5424         2048          21.122     22216704      1388544
        5424         4096          41.702     44433408      2777088
        5952            1           0.780        11904          744
        5952            2           0.633        23808         1488
        5952            4           0.561        47616         2976
        5952            8           0.682        95232         5952
        5952           16           0.619       190464        11904
        5952           32           0.829       380928        23808
        5952           64           0.979       761856        47616
        5952          128           1.658      1523712        95232
        5952          256           2.848      3047424       190464
        5952          512           5.588      6094848       380928
        5952         1024          10.785     12189696       761856
        5952         2048          21.139     24379392      1523712
        5952         4096          41.952     48758784      3047424
        6528            1           1.196        13056          816
        6528            2           0.289        26112         1632
        6528            4           0.500        52224         3264
        6528            8           0.571       104448         6528
        6528           16           0.716       208896        13056
        6528           32           0.893       417792        26112
        6528           64           1.323       835584        52224
        6528          128           1.974      1671168       104448
        6528          256           3.525      3342336       208896
        6528          512           6.937      6684672       417792
        6528         1024          13.565     13369344       835584
        6528         2048          25.466     26738688      1671168
        6528         4096          52.773     53477376      3342336
        7152            1           0.320        14304          894
        7152            2           0.496        28608         1788
        7152            4           0.505        57216         3576
        7152            8           0.612       114432         7152
        7152           16           0.612       228864        14304
        7152           32           0.810       457728        28608
        7152           64           1.249       915456        57216
        7152          128           1.911      1830912       114432
        7152          256           3.390      3661824       228864
        7152          512           6.521      7323648       457728
        7152         1024          12.751     14647296       915456
        7152         2048          25.252     29294592      1830912
        7152         4096          50.122     58589184      3661824
        7824            1           0.862        15648          978
        7824            2           0.286        31296         1956
        7824            4           0.474        62592         3912
        7824            8           0.524       125184         7824
        7824           16           0.690       250368        15648
        7824           32           0.856       500736        31296
        7824           64           1.363      1001472        62592
        7824          128           2.242      2002944       125184
        7824          256           4.049      4005888       250368
        7824          512           7.619      8011776       500736
        7824         1024          15.054     16023552      1001472
        7824         2048          30.075     32047104      2002944
        8592            1           1.417        17184         1074
        8592            2           0.668        34368         2148
        8592            4           0.524        68736         4296
        8592            8           0.650       137472         8592
        8592           16           0.747       274944        17184
        8592           32           1.047       549888        34368
        8592           64           1.436      1099776        68736
        8592          128           2.308      2199552       137472
        8592          256           4.213      4399104       274944
        8592          512           7.968      8798208       549888
        8592         1024          15.951     17596416      1099776
        8592         2048          30.390     35192832      2199552
        9408            1           1.376        18816         1176
        9408            2           0.599        37632         2352
        9408            4           0.502        75264         4704
        9408            8           0.608       150528         9408
        9408           16           0.755       301056        18816
        9408           32           0.907       602112        37632
        9408           64           1.400      1204224        75264
        9408          128           2.222      2408448       150528
        9408          256           4.047      4816896       301056
        9408          512           7.972      9633792       602112
        9408         1024          15.482     19267584      1204224
        9408         2048          30.525     38535168      2408448
       10320            1           1.351        20640         1290
       10320            2           0.575        41280         2580
       10320            4           0.707        82560         5160
       10320            8           0.679       165120        10320
       10320           16           0.752       330240        20640
       10320           32           1.045       660480        41280
       10320           64           1.501      1320960        82560
       10320          128           2.507      2641920       165120
       10320          256           4.569      5283840       330240
       10320          512           8.813     10567680       660480
       10320         1024          17.328     21135360      1320960
       10320         2048          34.412     42270720      2641920
       11328            1           0.526        22656         1416
       11328            2           0.623        45312         2832
       11328            4           0.633        90624         5664
       11328            8           0.637       181248        11328
       11328           16           0.780       362496        22656
       11328           32           0.970       724992        45312
       11328           64           1.465      1449984        90624
       11328          128           2.581      2899968       181248
       11328          256           4.846      5799936       362496
       11328          512           8.999     11599872       724992
       11328         1024          17.806     23199744      1449984
       11328         2048          35.036     46399488      2899968
       12432            1           0.768        24864         1554
       12432            2           0.379        49728         3108
       12432            4           0.601        99456         6216
       12432            8           0.670       198912        12432
       12432           16           0.749       397824        24864
       12432           32           1.026       795648        49728
       12432           64           1.433      1591296        99456
       12432          128           2.757      3182592       198912
       12432          256           5.431      6365184       397824
       12432          512          10.343     12730368       795648
       12432         1024          20.175     25460736      1591296
       12432         2048          39.992     50921472      3182592
       13632            1           0.418        27264         1704
       13632            2           0.631        54528         3408
       13632            4           0.683       109056         6816
       13632            8           0.715       218112        13632
       13632           16           1.022       436224        27264
       13632           32           1.254       872448        54528
       13632           64           1.783      1744896       109056
       13632          128           3.115      3489792       218112
       13632          256           5.595      6979584       436224
       13632          512          10.930     13959168       872448
       13632         1024          21.692     27918336      1744896
       13632         2048          42.760     55836672      3489792
       14976            1           1.166        29952         1872
       14976            2           0.689        59904         3744
       14976            4           0.740       119808         7488
       14976            8           0.761       239616        14976
       14976           16           0.828       479232        29952
       14976           32           1.228       958464        59904
       14976           64           2.011      1916928       119808
       14976          128           3.552      3833856       239616
       14976          256           6.606      7667712       479232
       14976          512          12.367     15335424       958464
       14976         1024          24.789     30670848      1916928
       14976         2048          49.192     61341696      3833856
       16464            1           1.147        32928         2058
       16464            2           0.623        65856         4116
       16464            4           0.720       131712         8232
       16464            8           0.729       263424        16464
       16464           16           0.952       526848        32928
       16464           32           1.447      1053696        65856
       16464           64           2.019      2107392       131712
       16464          128           3.738      4214784       263424
       16464          256           6.916      8429568       526848
       16464          512          13.675     16859136      1053696
       16464         1024          27.147     33718272      2107392
       18096            1           1.215        36192         2262
       18096            2           0.554        72384         4524
       18096            4           0.843       144768         9048
       18096            8           0.759       289536        18096
       18096           16           0.917       579072        36192
       18096           32           1.285      1158144        72384
       18096           64           2.134      2316288       144768
       18096          128           3.884      4632576       289536
       18096          256           7.374      9265152       579072
       18096          512          14.290     18530304      1158144
       18096         1024          30.772     37060608      2316288
       19872            1           0.936        39744         2484
       19872            2           0.649        79488         4968
       19872            4           0.671       158976         9936
       19872            8           0.868       317952        19872
       19872           16           1.089       635904        39744
       19872           32           1.494      1271808        79488
       19872           64           2.350      2543616       158976
       19872          128           4.313      5087232       317952
       19872          256           8.392     10174464       635904
       19872          512          15.863     20348928      1271808
       19872         1024          31.460     40697856      2543616
       21840            1           1.216        43680         2730
       21840            2           0.399        87360         5460
       21840            4           0.650       174720        10920
       21840            8           0.894       349440        21840
       21840           16           1.068       698880        43680
       21840           32           1.606      1397760        87360
       21840           64           2.553      2795520       174720
       21840          128           4.750      5591040       349440
       21840          256           9.067     11182080       698880
       21840          512          17.647     22364160      1397760
       21840         1024          34.934     44728320      2795520
       24000            1           0.846        48000         3000
       24000            2           0.625        96000         6000
       24000            4           0.652       192000        12000
       24000            8           0.794       384000        24000
       24000           16           1.115       768000        48000
       24000           32           1.694      1536000        96000
       24000           64           2.892      3072000       192000
       24000          128           4.957      6144000       384000
       24000          256           9.456     12288000       768000
       24000          512          18.704     24576000      1536000
       24000         1024          36.531     49152000      3072000
       26400            1           1.309        52800         3300
       26400            2           0.760       105600         6600
       26400            4           0.811       211200        13200
       26400            8           0.882       422400        26400
       26400           16           1.175       844800        52800
       26400           32           1.923      1689600       105600
       26400           64           3.278      3379200       211200
       26400          128           5.717      6758400       422400
       26400          256          11.074     13516800       844800
       26400          512          21.530     27033600      1689600
       26400         1024          43.721     54067200      3379200
       29040            1           1.853        58080         3630
       29040            2           0.689       116160         7260
       29040            4           0.690       232320        14520
       29040            8           0.866       464640        29040
       29040           16           1.202       929280        58080
       29040           32           1.862      1858560       116160
       29040           64           3.282      3717120       232320
       29040          128           6.025      7434240       464640
       29040          256          11.461     14868480       929280
       29040          512          25.745     29736960      1858560
       29040         1024          51.135     59473920      3717120
       31920            1           1.583        63840         3990
       31920            2           0.621       127680         7980
       31920            4           0.660       255360        15960
       31920            8           0.958       510720        31920
       31920           16           1.392      1021440        63840
       31920           32           2.093      2042880       127680
       31920           64           3.756      4085760       255360
       31920          128           7.241      8171520       510720
       31920          256          14.444     16343040      1021440
       31920          512          28.247     32686080      2042880
       35088            1           1.507        70176         4386
       35088            2           0.652       140352         8772
       35088            4           0.781       280704        17544
       35088            8           0.973       561408        35088
       35088           16           1.259      1122816        70176
       35088           32           2.278      2245632       140352
       35088           64           4.171      4491264       280704
       35088          128           7.313      8982528       561408
       35088          256          13.784     17965056      1122816
       35088          512          26.886     35930112      2245632
       38592            1           0.556        77184         4824
       38592            2           0.678       154368         9648
       38592            4           0.794       308736        19296
       38592            8           0.986       617472        38592
       38592           16           1.413      1234944        77184
       38592           32           2.305      2469888       154368
       38592           64           4.116      4939776       308736
       38592          128           7.643      9879552       617472
       38592          256          15.019     19759104      1234944
       38592          512          33.261     39518208      2469888
       42432            1           0.600        84864         5304
       42432            2           0.659       169728        10608
       42432            4           1.028       339456        21216
       42432            8           1.078       678912        42432
       42432           16           1.711      1357824        84864
       42432           32           2.655      2715648       169728
       42432           64           4.809      5431296       339456
       42432          128           9.153     10862592       678912
       42432          256          18.055     21725184      1357824
       42432          512          35.816     43450368      2715648
       46656            1           1.119        93312         5832
       46656            2           0.612       186624        11664
       46656            4           0.789       373248        23328
       46656            8           1.092       746496        46656
       46656           16           1.582      1492992        93312
       46656           32           2.846      2985984       186624
       46656           64           5.186      5971968       373248
       46656          128          10.118     11943936       746496
       46656          256          19.703     23887872      1492992
       46656          512          38.791     47775744      2985984
       51312            1           1.202       102624         6414
       51312            2           0.704       205248        12828
       51312            4           0.891       410496        25656
       51312            8           1.136       820992        51312
       51312           16           1.725      1641984       102624
       51312           32           3.043      3283968       205248
       51312           64           5.561      6567936       410496
       51312          128          10.668     13135872       820992
       51312          256          21.143     26271744      1641984
       51312          512          41.918     52543488      3283968
       56400            1           0.894       112800         7050
       56400            2           0.753       225600        14100
       56400            4           0.950       451200        28200
       56400            8           1.267       902400        56400
       56400           16           1.985      1804800       112800
       56400           32           3.148      3609600       225600
       56400           64           5.711      7219200       451200
       56400          128          11.000     14438400       902400
       56400          256          22.949     28876800      1804800
       56400          512          45.332     57753600      3609600
       62016            1           0.837       124032         7752
       62016            2           0.786       248064        15504
       62016            4           0.918       496128        31008
       62016            8           1.323       992256        62016
       62016           16           2.088      1984512       124032
       62016           32           3.590      3969024       248064
       62016           64           6.606      7938048       496128
       62016          128          12.716     15876096       992256
       62016          256          25.386     31752192      1984512
       68208            1           1.840       136416         8526
       68208            2           0.677       272832        17052
       68208            4           0.997       545664        34104
       68208            8           1.421      1091328        68208
       68208           16           2.186      2182656       136416
       68208           32           3.822      4365312       272832
       68208           64           7.216      8730624       545664
       68208          128          13.875     17461248      1091328
       68208          256          27.397     34922496      2182656
       75024            1           1.943       150048         9378
       75024            2           0.763       300096        18756
       75024            4           1.045       600192        37512
       75024            8           1.547      1200384        75024
       75024           16           2.323      2400768       150048
       75024           32           4.015      4801536       300096
       75024           64           7.531      9603072       600192
       75024          128          14.571     19206144      1200384
       75024          256          28.462     38412288      2400768
       82512            1           1.438       165024        10314
       82512            2           0.866       330048        20628
       82512            4           1.148       660096        41256
       82512            8           1.487      1320192        82512
       82512           16           2.533      2640384       165024
       82512           32           4.556      5280768       330048
       82512           64           8.180     10561536       660096
       82512          128          15.781     21123072      1320192
       82512          256          30.985     42246144      2640384
       90720            1           1.503       181440        11340
       90720            2           0.983       362880        22680
       90720            4           1.271       725760        45360
       90720            8           1.675      1451520        90720
       90720           16           2.735      2903040       181440
       90720           32           4.711      5806080       362880
       90720           64           9.112     11612160       725760
       90720          128          17.301     23224320      1451520
       90720          256          33.909     46448640      2903040
       99792            1           1.539       199584        12474
       99792            2           0.775       399168        24948
       99792            4           1.388       798336        49896
       99792            8           1.709      1596672        99792
       99792           16           2.929      3193344       199584
       99792           32           5.314      6386688       399168
       99792           64           9.884     12773376       798336
       99792          128          18.872     25546752      1596672
       99792          256          37.279     51093504      3193344
      109728            1           1.406       219456        13716
      109728            2           0.987       438912        27432
      109728            4           1.360       877824        54864
      109728            8           1.891      1755648       109728
      109728           16           3.248      3511296       219456
      109728           32           5.644      7022592       438912
      109728           64          10.746     14045184       877824
      109728          128          26.520     28090368      1755648
      109728          256          42.161     56180736      3511296
      120672            1           2.078       241344        15084
      120672            2           0.967       482688        30168
      120672            4           1.479       965376        60336
      120672            8           2.132      1930752       120672
      120672           16           3.500      3861504       241344
      120672           32           6.185      7723008       482688
      120672           64          11.705     15446016       965376
      120672          128          23.463     30892032      1930752
      120672          256          46.478     61784064      3861504
      132720            1           2.038       265440        16590
      132720            2           0.942       530880        33180
      132720            4           1.575      1061760        66360
      132720            8           2.270      2123520       132720
      132720           16           3.810      4247040       265440
      132720           32           6.766      8494080       530880
      132720           64          12.777     16988160      1061760
      132720          128          25.557     33976320      2123520
      145968            1           2.195       291936        18246
      145968            2           1.051       583872        36492
      145968            4           1.552      1167744        72984
      145968            8           2.423      2335488       145968
      145968           16           4.066      4670976       291936
      145968           32           7.443      9341952       583872
      145968           64          14.356     18683904      1167744
      145968          128          27.731     37367808      2335488
      160560            1           2.800       321120        20070
      160560            2           1.133       642240        40140
      160560            4           1.830      1284480        80280
      160560            8           2.628      2568960       160560
      160560           16           4.816      5137920       321120
      160560           32           8.329     10275840       642240
      160560           64          15.622     20551680      1284480
      160560          128          30.769     41103360      2568960
      176592            1           2.821       353184        22074
      176592            2           1.373       706368        44148
      176592            4           1.928      1412736        88296
      176592            8           2.904      2825472       176592
      176592           16           4.827      5650944       353184
      176592           32           8.874     11301888       706368
      176592           64          16.951     22603776      1412736
      176592          128          33.262     45207552      2825472
      194208            1           3.055       388416        24276
      194208            2           1.358       776832        48552
      194208            4           1.967      1553664        97104
      194208            8           3.101      3107328       194208
      194208           16           5.318      6214656       388416
      194208           32           9.930     12429312       776832
      194208           64          18.647     24858624      1553664
      194208          128          36.607     49717248      3107328
      213600            1           2.756       427200        26700
      213600            2           1.666       854400        53400
      213600            4           2.324      1708800       106800
      213600            8           4.035      3417600       213600
      213600           16           7.360      6835200       427200
      213600           32          14.227     13670400       854400
      213600           64          27.973     27340800      1708800
      213600          128          60.499     54681600      3417600
      234960            1           2.778       469920        29370
      234960            2           2.050       939840        58740
      234960            4           3.049      1879680       117480
      234960            8           5.034      3759360       234960
      234960           16           9.083      7518720       469920
      234960           32          17.514     15037440       939840
      234960           64          34.738     30074880      1879680
      234960          128          68.564     60149760      3759360
      258432            1           3.909       516864        32304
      258432            2           2.130      1033728        64608
      258432            4           3.390      2067456       129216
      258432            8           5.598      4134912       258432
      258432           16          10.453      8269824       516864
      258432           32          19.937     16539648      1033728
      258432           64          38.908     33079296      2067456
      284256            1           4.050       568512        35532
      284256            2           2.337      1137024        71064
      284256            4           3.455      2274048       142128
      284256            8           6.256      4548096       284256
      284256           16          11.374      9096192       568512
      284256           32          21.918     18192384      1137024
      284256           64          42.666     36384768      2274048
      312672            1           4.659       625344        39084
      312672            2           2.261      1250688        78168
      312672            4           3.942      2501376       156336
      312672            8           6.642      5002752       312672
      312672           16          12.300     10005504       625344
      312672           32          23.646     20011008      1250688
      312672           64          46.690     40022016      2501376
      343920            1           5.171       687840        42990
      343920            2           2.527      1375680        85980
      343920            4           4.287      2751360       171960
      343920            8           7.438      5502720       343920
      343920           16          13.604     11005440       687840
      343920           32          26.321     22010880      1375680
      343920           64          51.471     44021760      2751360
      378288            1           5.911       756576        47286
      378288            2           2.938      1513152        94572
      378288            4           4.598      3026304       189144
      378288            8           8.099      6052608       378288
      378288           16          15.170     12105216       756576
      378288           32          36.876     24210432      1513152
      378288           64          56.487     48420864      3026304
      416112            1           6.158       832224        52014
      416112            2           2.964      1664448       104028
      416112            4           4.918      3328896       208056
      416112            8           8.990      6657792       416112
      416112           16          16.364     13315584       832224
      416112           32          31.484     26631168      1664448
      416112           64          62.236     53262336      3328896
      457680            1           5.896       915360        57210
      457680            2           3.318      1830720       114420
      457680            4           5.302      3661440       228840
      457680            8           9.701      7322880       457680
      457680           16          17.977     14645760       915360
      457680           32          34.670     29291520      1830720
      457680           64          68.210     58583040      3661440
      503424            1           6.852      1006848        62928
      503424            2           3.480      2013696       125856
      503424            4           5.808      4027392       251712
      503424            8          10.512      8054784       503424
      503424           16          19.553     16109568      1006848
      503424           32          38.083     32219136      2013696
      553728            1           7.376      1107456        69216
      553728            2           3.735      2214912       138432
      553728            4           6.286      4429824       276864
      553728            8          11.466      8859648       553728
      553728           16          21.453     17719296      1107456
      553728           32          42.012     35438592      2214912
      609072            1          19.087      1218144        76134
      609072            2           5.361      2436288       152268
      609072            4           7.911      4872576       304536
      609072            8          13.252      9745152       609072
      609072           16          23.727     19490304      1218144
      609072           32          45.824     38980608      2436288
      669936            1           8.327      1339872        83742
      669936            2           4.458      2679744       167484
      669936            4           7.729      5359488       334968
      669936            8          13.762     10718976       669936
      669936           16          25.997     21437952      1339872
      669936           32          50.499     42875904      2679744
      736896            1           8.606      1473792        92112
      736896            2           4.885      2947584       184224
      736896            4           8.379      5895168       368448
      736896            8          15.177     11790336       736896
      736896           16          28.578     23580672      1473792
      736896           32          56.407     47161344      2947584
      810576            1          10.423      1621152       101322
      810576            2           5.354      3242304       202644
      810576            4           9.345      6484608       405288
      810576            8          16.631     12969216       810576
      810576           16          31.407     25938432      1621152
      810576           32          61.099     51876864      3242304
      891600            1          12.049      1783200       111450
      891600            2           5.717      3566400       222900
      891600            4          10.080      7132800       445800
      891600            8          18.238     14265600       891600
      891600           16          34.475     28531200      1783200
      891600           32          66.963     57062400      3566400
      980736            1          12.986      1961472       122592
      980736            2           6.374      3922944       245184
      980736            4          11.036      7845888       490368
      980736            8          20.047     15691776       980736
      980736           16          37.620     31383552      1961472
     1078800            1          13.394      2157600       134850
     1078800            2           6.859      4315200       269700
     1078800            4          11.996      8630400       539400
     1078800            8          21.812     17260800      1078800
     1078800           16          41.460     34521600      2157600
     1186656            1          15.851      2373312       148332
     1186656            2           7.485      4746624       296664
     1186656            4          13.155      9493248       593328
     1186656            8          23.975     18986496      1186656
     1186656           16          45.646     37972992      2373312
     1305312            1          16.745      2610624       163164
     1305312            2           8.212      5221248       326328
     1305312            4          14.516     10442496       652656
     1305312            8          26.268     20884992      1305312
     1305312           16          49.956     41769984      2610624
     1435824            1          21.061      2871648       179478
     1435824            2           9.078      5743296       358956
     1435824            4          15.903     11486592       717912
     1435824            8          28.901     22973184      1435824
     1435824           16          54.878     45946368      2871648
     1579392            1          20.385      3158784       197424
     1579392            2           9.995      6317568       394848
     1579392            4          17.255     12635136       789696
     1579392            8          31.769     25270272      1579392
     1579392           16          60.359     50540544      3158784
     1737312            1          21.382      3474624       217164
     1737312            2          10.862      6949248       434328
     1737312            4          19.089     13898496       868656
     1737312            8          37.035     27796992      1737312
     1737312           16          66.396     55593984      3474624
     1911024            1          24.937      3822048       238878
     1911024            2          12.039      7644096       477756
     1911024            4          20.986     15288192       955512
     1911024            8          38.295     30576384      1911024
     1911024           16          73.020     61152768      3822048
     2102112            1          25.478      4204224       262764
     2102112            2          13.236      8408448       525528
     2102112            4          22.980     16816896      1051056
     2102112            8          45.828     33633792      2102112
     2312304            1          29.544      4624608       289038
     2312304            2          14.760      9249216       578076
     2312304            4          25.163     18498432      1156152
     2312304            8          46.210     36996864      2312304
     2543520            1          31.071      5087040       317940
     2543520            2          16.077     10174080       635880
     2543520            4          27.844     20348160      1271760
     2543520            8          50.732     40696320      2543520
     2797872            1          35.873      5595744       349734
     2797872            2          17.582     11191488       699468
     2797872            4          30.353     22382976      1398936
     2797872            8          55.831     44765952      2797872
     3077616            1          39.372      6155232       384702
     3077616            2          19.727     12310464       769404
     3077616            4          33.390     24620928      1538808
     3077616            8          61.357     49241856      3077616
     3385344            1          43.406      6770688       423168
     3385344            2          21.992     13541376       846336
     3385344            4          36.564     27082752      1692672
     3385344            8          67.396     54165504      3385344
     3723840            1          47.594      7447680       465480
     3723840            2          25.850     14895360       930960
     3723840            4          41.516     29790720      1861920
     3723840            8          75.877     59581440      3723840
     4096224            1          50.560      8192448       512028
     4096224            2          30.159     16384896      1024056
     4096224            4          49.036     32769792      2048112
     4505808            1          54.134      9011616       563226
     4505808            2          32.962     18023232      1126452
     4505808            4          53.060     36046464      2252904
     4956384            1          59.621      9912768       619548
     4956384            2          38.054     19825536      1239096
     4956384            4          60.103     39651072      2478192
     5451984            1          65.579     10903968       681498
     5451984            2          45.138     21807936      1362996
     5451984            4          72.987     43615872      2725992
     5997168            1          71.575     11994336       749646
     5997168            2          64.161     23988672      1499292
     5997168            4          85.280     47977344      2998584
     6596880            1          67.315     13193760       824610
     6596880            2          66.256     26387520      1649220
     6596880            4          96.823     52775040      3298440
     7256544            1          71.382     14513088       907068
     7256544            2          81.089     29026176      1814136
     7256544            4         118.640     58052352      3628272
     7982160            1          75.223     15964320       997770
     7982160            2         102.782     31928640      1995540
     8780352            1          83.330     17560704      1097544
     8780352            2         118.016     35121408      2195088
     9658368            1          89.879     19316736      1207296
     9658368            2         135.661     38633472      2414592
    10624176            1          98.526     21248352      1328022
    10624176            2         155.778     42496704      2656044
    11686560            1         111.195     23373120      1460820
    11686560            2         176.065     46746240      2921640
    12855216            1         118.954     25710432      1606902
    12855216            2         196.365     51420864      3213804
    14140704            1         131.432     28281408      1767588
    14140704            2         218.842     56562816      3535176
    15554736            1         145.121     31109472      1944342
    17110176            1         166.608     34220352      2138772
    18821184            1         186.786     37642368      2352648
    20703264            1         213.683     41406528      2587908
    22773552            1         246.472     45547104      2846694
    25050864            1         284.227     50101728      3131358
    27555936            1         333.738     55111872      3444492
    30311520            1         384.982     60623040      3788940

META_DATA
FLOPS          1
OPENMP_THREADS 6
ERT_VERSION  1.1.0
HOSTNAME  ('cirrus4.computing.clemson.edu', ['cirrus4'], ['127.0.1.1'])
UNAME  uname_result(system='Linux', node='cirrus4.computing.clemson.edu', release='5.4.0-81-generic', version='#91-Ubuntu SMP Thu Jul 15 19:09:17 UTC 2021', machine='x86_64', processor='x86_64')
TIMESTAMP_DATA  1632245392.7551038
CONFIG  {'ERT_RESULTS': ['Results.cs.clemson.edu'], 'ERT_DRIVER': ['driver1'], 'ERT_KERNEL': ['kernel1'], 'ERT_MPI': ['False'], 'ERT_MPI_CFLAGS': [], 'ERT_MPI_LDFLAGS': [], 'ERT_OPENMP': ['True'], 'ERT_OPENMP_CFLAGS': ['-fopenmp'], 'ERT_OPENMP_LDFLAGS': ['-fopenmp'], 'ERT_FLOPS': ['1,2,4'], 'ERT_ALIGN': ['32'], 'ERT_CC': ['g++'], 'ERT_CFLAGS': ['-O3', '-std=c++11', '-fstrict-aliasing', '-march=native'], 'ERT_LD': ['g++'], 'ERT_LDFLAGS': [], 'ERT_LDLIBS': [], 'ERT_PRECISION': ['FP64'], 'ERT_RUN': ['export', 'OMP_NUM_THREADS=ERT_OPENMP_THREADS;', 'export', 'OMP_PLACES=threads;', 'export', 'OMP_PROC_BIND=spread;', './ERT_CODE'], 'ERT_PROCS_THREADS': ['8'], 'ERT_MPI_PROCS': ['2,4,8'], 'ERT_OPENMP_THREADS': ['1-8'], 'ERT_NUM_EXPERIMENTS': ['5'], 'ERT_MEMORY_MAX': ['31000000'], 'ERT_WORKING_SET_MIN': ['1'], 'ERT_TRIALS_MIN': ['1'], 'ERT_GNUPLOT': ['gnuplot'], 'ERT_GPU': [False], 'ERT_HIP': [False], 'ERT_OCL': [False], 'ERT_SYCL': [False], 'ERT_WSS_MULT': [1.1]}
