fp64
          48            1           0.880           96            6
          48            2           0.631          192           12
          48            4           0.511          384           24
          48            8           0.629          768           48
          48           16           0.517         1536           96
          48           32           0.571         3072          192
          48           64           0.854         6144          384
          48          128           0.758        12288          768
          48          256           1.121        24576         1536
          48          512           1.687        49152         3072
          48         1024           2.684        98304         6144
          48         2048           5.256       196608        12288
          48         4096           9.544       393216        24576
          48         8192          18.816       786432        49152
          48        16384          36.829      1572864        98304
          48        32768          73.015      3145728       196608
          48        65536         145.600      6291456       393216
          48       131072         290.958     12582912       786432
          48       262144         580.466     25165824      1572864
          48       524288        1224.998     50331648      3145728
          96            1           0.296          192           12
          96            2           0.523          384           24
          96            4           0.692          768           48
          96            8           0.614         1536           96
          96           16           0.642         3072          192
          96           32           0.450         6144          384
          96           64           0.740        12288          768
          96          128           0.928        24576         1536
          96          256           1.300        49152         3072
          96          512           2.107        98304         6144
          96         1024           3.649       196608        12288
          96         2048           6.888       393216        24576
          96         4096          13.016       786432        49152
          96         8192          25.678      1572864        98304
          96        16384          50.708      3145728       196608
          96        32768         100.701      6291456       393216
          96        65536         200.595     12582912       786432
          96       131072         401.608     25165824      1572864
          96       262144         800.637     50331648      3145728
         144            1           0.404          288           18
         144            2           0.406          576           36
         144            4           0.729         1152           72
         144            8           0.663         2304          144
         144           16           0.606         4608          288
         144           32           0.699         9216          576
         144           64           0.710        18432         1152
         144          128           1.012        36864         2304
         144          256           1.217        73728         4608
         144          512           2.125       147456         9216
         144         1024           3.656       294912        18432
         144         2048           6.719       589824        36864
         144         4096          12.891      1179648        73728
         144         8192          25.384      2359296       147456
         144        16384          50.144      4718592       294912
         144        32768          99.483      9437184       589824
         144        65536         198.499     18874368      1179648
         144       131072         398.073     37748736      2359296
         192            1           0.801          384           24
         192            2           0.681          768           48
         192            4           0.650         1536           96
         192            8           0.550         3072          192
         192           16           0.456         6144          384
         192           32           0.760        12288          768
         192           64           0.727        24576         1536
         192          128           1.064        49152         3072
         192          256           1.339        98304         6144
         192          512           2.013       196608        12288
         192         1024           3.846       393216        24576
         192         2048           6.961       786432        49152
         192         4096          13.400      1572864        98304
         192         8192          26.642      3145728       196608
         192        16384          52.738      6291456       393216
         192        32768         104.770     12582912       786432
         192        65536         209.292     25165824      1572864
         192       131072         418.870     50331648      3145728
         240            1           0.334          480           30
         240            2           0.553          960           60
         240            4           0.642         1920          120
         240            8           0.614         3840          240
         240           16           0.715         7680          480
         240           32           0.641        15360          960
         240           64           0.761        30720         1920
         240          128           0.903        61440         3840
         240          256           1.262       122880         7680
         240          512           2.206       245760        15360
         240         1024           3.726       491520        30720
         240         2048           6.951       983040        61440
         240         4096          13.749      1966080       122880
         240         8192          26.689      3932160       245760
         240        16384          52.927      7864320       491520
         240        32768         105.320     15728640       983040
         240        65536         211.105     31457280      1966080
         288            1           0.314          576           36
         288            2           0.563         1152           72
         288            4           0.557         2304          144
         288            8           0.667         4608          288
         288           16           0.602         9216          576
         288           32           0.714        18432         1152
         288           64           0.691        36864         2304
         288          128           0.941        73728         4608
         288          256           1.440       147456         9216
         288          512           2.010       294912        18432
         288         1024           3.742       589824        36864
         288         2048           7.204      1179648        73728
         288         4096          13.595      2359296       147456
         288         8192          26.795      4718592       294912
         288        16384          53.156      9437184       589824
         288        32768         105.710     18874368      1179648
         288        65536         210.797     37748736      2359296
         336            1           0.299          672           42
         336            2           0.689         1344           84
         336            4           0.514         2688          168
         336            8           0.478         5376          336
         336           16           0.519        10752          672
         336           32           0.577        21504         1344
         336           64           0.802        43008         2688
         336          128           0.960        86016         5376
         336          256           1.179       172032        10752
         336          512           2.051       344064        21504
         336         1024           3.770       688128        43008
         336         2048           7.191      1376256        86016
         336         4096          13.761      2752512       172032
         336         8192          26.704      5505024       344064
         336        16384          53.035     11010048       688128
         336        32768         105.553     22020096      1376256
         336        65536         210.741     44040192      2752512
         384            1           0.332          768           48
         384            2           0.466         1536           96
         384            4           0.429         3072          192
         384            8           0.590         6144          384
         384           16           0.804        12288          768
         384           32           0.756        24576         1536
         384           64           0.639        49152         3072
         384          128           0.814        98304         6144
         384          256           1.620       196608        12288
         384          512           2.419       393216        24576
         384         1024           4.035       786432        49152
         384         2048           7.534      1572864        98304
         384         4096          14.232      3145728       196608
         384         8192          27.950      6291456       393216
         384        16384          55.635     12582912       786432
         384        32768         110.567     25165824      1572864
         384        65536         220.708     50331648      3145728
         432            1           0.324          864           54
         432            2           0.637         1728          108
         432            4           0.566         3456          216
         432            8           0.531         6912          432
         432           16           0.727        13824          864
         432           32           0.696        27648         1728
         432           64           0.876        55296         3456
         432          128           1.076       110592         6912
         432          256           1.514       221184        13824
         432          512           2.347       442368        27648
         432         1024           3.827       884736        55296
         432         2048           7.525      1769472       110592
         432         4096          14.452      3538944       221184
         432         8192          28.198      7077888       442368
         432        16384          55.813     14155776       884736
         432        32768         111.735     28311552      1769472
         432        65536         222.985     56623104      3538944
         480            1           0.364          960           60
         480            2           0.676         1920          120
         480            4           0.552         3840          240
         480            8           0.717         7680          480
         480           16           0.787        15360          960
         480           32           0.494        30720         1920
         480           64           0.864        61440         3840
         480          128           1.078       122880         7680
         480          256           1.523       245760        15360
         480          512           2.220       491520        30720
         480         1024           4.216       983040        61440
         480         2048           7.671      1966080       122880
         480         4096          14.576      3932160       245760
         480         8192          28.199      7864320       491520
         480        16384          55.900     15728640       983040
         480        32768         114.093     31457280      1966080
         528            1           0.729         1056           66
         528            2           0.541         2112          132
         528            4           0.609         4224          264
         528            8           0.546         8448          528
         528           16           0.530        16896         1056
         528           32           0.580        33792         2112
         528           64           0.726        67584         4224
         528          128           0.796       135168         8448
         528          256           1.077       270336        16896
         528          512           1.607       540672        33792
         528         1024           2.589      1081344        67584
         528         2048           5.096      2162688       135168
         528         4096           9.599      4325376       270336
         528         8192          18.497      8650752       540672
         528        16384          36.501     17301504      1081344
         528        32768          72.396     34603008      2162688
         576            1           0.526         1152           72
         576            2           0.479         2304          144
         576            4           0.635         4608          288
         576            8           0.701         9216          576
         576           16           0.616        18432         1152
         576           32           0.658        36864         2304
         576           64           0.732        73728         4608
         576          128           0.856       147456         9216
         576          256           1.075       294912        18432
         576          512           1.752       589824        36864
         576         1024           2.796      1179648        73728
         576         2048           4.880      2359296       147456
         576         4096           9.549      4718592       294912
         576         8192          18.766      9437184       589824
         576        16384          37.705     18874368      1179648
         576        32768          72.087     37748736      2359296
         624            1           0.264         1248           78
         624            2           0.630         2496          156
         624            4           0.562         4992          312
         624            8           0.589         9984          624
         624           16           0.540        19968         1248
         624           32           0.526        39936         2496
         624           64           0.709        79872         4992
         624          128           0.766       159744         9984
         624          256           1.191       319488        19968
         624          512           1.687       638976        39936
         624         1024           2.769      1277952        79872
         624         2048           5.160      2555904       159744
         624         4096           9.551      5111808       319488
         624         8192          18.592     10223616       638976
         624        16384          36.947     20447232      1277952
         624        32768          73.007     40894464      2555904
         672            1           0.733         1344           84
         672            2           0.667         2688          168
         672            4           0.576         5376          336
         672            8           0.695        10752          672
         672           16           0.767        21504         1344
         672           32           0.749        43008         2688
         672           64           0.716        86016         5376
         672          128           0.800       172032        10752
         672          256           1.232       344064        21504
         672          512           1.571       688128        43008
         672         1024           2.801      1376256        86016
         672         2048           4.874      2752512       172032
         672         4096           9.593      5505024       344064
         672         8192          18.570     11010048       688128
         672        16384          36.507     22020096      1376256
         672        32768          72.514     44040192      2752512
         720            1           0.501         1440           90
         720            2           0.519         2880          180
         720            4           0.437         5760          360
         720            8           0.620        11520          720
         720           16           0.656        23040         1440
         720           32           0.693        46080         2880
         720           64           0.672        92160         5760
         720          128           0.695       184320        11520
         720          256           1.030       368640        23040
         720          512           1.722       737280        46080
         720         1024           2.687      1474560        92160
         720         2048           4.977      2949120       184320
         720         4096           9.630      5898240       368640
         720         8192          18.589     11796480       737280
         720        16384          36.822     23592960      1474560
         720        32768          73.026     47185920      2949120
         768            1           0.755         1536           96
         768            2           0.487         3072          192
         768            4           0.457         6144          384
         768            8           0.670        12288          768
         768           16           0.680        24576         1536
         768           32           0.737        49152         3072
         768           64           0.738        98304         6144
         768          128           0.641       196608        12288
         768          256           1.037       393216        24576
         768          512           1.620       786432        49152
         768         1024           2.706      1572864        98304
         768         2048           4.970      3145728       196608
         768         4096           9.528      6291456       393216
         768         8192          18.606     12582912       786432
         768        16384          36.744     25165824      1572864
         768        32768          73.037     50331648      3145728
         816            1           1.703         1632          102
         816            2           0.473         3264          204
         816            4           0.619         6528          408
         816            8           0.466        13056          816
         816           16           0.531        26112         1632
         816           32           0.514        52224         3264
         816           64           0.503       104448         6528
         816          128           0.942       208896        13056
         816          256           1.156       417792        26112
         816          512           1.703       835584        52224
         816         1024           2.866      1671168       104448
         816         2048           5.028      3342336       208896
         816         4096           9.593      6684672       417792
         816         8192          18.656     13369344       835584
         816        16384          37.040     26738688      1671168
         816        32768          73.456     53477376      3342336
         864            1           1.117         1728          108
         864            2           0.412         3456          216
         864            4           0.544         6912          432
         864            8           0.755        13824          864
         864           16           0.469        27648         1728
         864           32           0.420        55296         3456
         864           64           0.772       110592         6912
         864          128           0.757       221184        13824
         864          256           1.250       442368        27648
         864          512           1.691       884736        55296
         864         1024           2.807      1769472       110592
         864         2048           5.115      3538944       221184
         864         4096           9.567      7077888       442368
         864         8192          18.740     14155776       884736
         864        16384          36.908     28311552      1769472
         864        32768          73.228     56623104      3538944
         912            1           0.622         1824          114
         912            2           0.366         3648          228
         912            4           0.542         7296          456
         912            8           0.668        14592          912
         912           16           0.574        29184         1824
         912           32           0.607        58368         3648
         912           64           0.658       116736         7296
         912          128           0.767       233472        14592
         912          256           1.182       466944        29184
         912          512           1.725       933888        58368
         912         1024           2.921      1867776       116736
         912         2048           5.234      3735552       233472
         912         4096          10.022      7471104       466944
         912         8192          19.504     14942208       933888
         912        16384          38.603     29884416      1867776
         912        32768          76.858     59768832      3735552
         960            1           0.555         1920          120
         960            2           0.517         3840          240
         960            4           0.521         7680          480
         960            8           0.615        15360          960
         960           16           0.460        30720         1920
         960           32           0.524        61440         3840
         960           64           0.555       122880         7680
         960          128           0.860       245760        15360
         960          256           1.018       491520        30720
         960          512           1.827       983040        61440
         960         1024           2.731      1966080       122880
         960         2048           5.000      3932160       245760
         960         4096           9.541      7864320       491520
         960         8192          18.741     15728640       983040
         960        16384          36.866     31457280      1966080
        1056            1           0.261         2112          132
        1056            2           0.650         4224          264
        1056            4           0.670         8448          528
        1056            8           0.464        16896         1056
        1056           16           0.664        33792         2112
        1056           32           0.759        67584         4224
        1056           64           0.662       135168         8448
        1056          128           0.838       270336        16896
        1056          256           1.217       540672        33792
        1056          512           1.739      1081344        67584
        1056         1024           2.861      2162688       135168
        1056         2048           5.307      4325376       270336
        1056         4096          10.099      8650752       540672
        1056         8192          19.693     17301504      1081344
        1056        16384          38.934     34603008      2162688
        1152            1           0.662         2304          144
        1152            2           0.676         4608          288
        1152            4           0.679         9216          576
        1152            8           0.669        18432         1152
        1152           16           0.464        36864         2304
        1152           32           0.544        73728         4608
        1152           64           0.633       147456         9216
        1152          128           1.201       294912        18432
        1152          256           2.111       589824        36864
        1152          512           3.858      1179648        73728
        1152         1024           7.412      2359296       147456
        1152         2048          14.739      4718592       294912
        1152         4096          28.723      9437184       589824
        1152         8192          58.001     18874368      1179648
        1152        16384         114.028     37748736      2359296
        1248            1           0.271         2496          156
        1248            2           0.635         4992          312
        1248            4           0.532         9984          624
        1248            8           0.656        19968         1248
        1248           16           0.600        39936         2496
        1248           32           0.647        79872         4992
        1248           64           0.755       159744         9984
        1248          128           1.218       319488        19968
        1248          256           2.102       638976        39936
        1248          512           3.914      1277952        79872
        1248         1024           7.471      2555904       159744
        1248         2048          14.740      5111808       319488
        1248         4096          29.346     10223616       638976
        1248         8192          58.442     20447232      1277952
        1248        16384         116.186     40894464      2555904
        1344            1           0.387         2688          168
        1344            2           0.479         5376          336
        1344            4           0.665        10752          672
        1344            8           0.645        21504         1344
        1344           16           0.674        43008         2688
        1344           32           0.579        86016         5376
        1344           64           0.690       172032        10752
        1344          128           1.180       344064        21504
        1344          256           2.091       688128        43008
        1344          512           3.913      1376256        86016
        1344         1024           7.384      2752512       172032
        1344         2048          14.899      5505024       344064
        1344         4096          29.681     11010048       688128
        1344         8192          56.861     22020096      1376256
        1344        16384         113.391     44040192      2752512
        1440            1           0.282         2880          180
        1440            2           0.582         5760          360
        1440            4           0.484        11520          720
        1440            8           0.439        23040         1440
        1440           16           0.636        46080         2880
        1440           32           0.448        92160         5760
        1440           64           0.707       184320        11520
        1440          128           1.181       368640        23040
        1440          256           1.999       737280        46080
        1440          512           3.804      1474560        92160
        1440         1024           7.642      2949120       184320
        1440         2048          14.630      5898240       368640
        1440         4096          29.138     11796480       737280
        1440         8192          57.621     23592960      1474560
        1440        16384         115.273     47185920      2949120
        1584            1           1.626         3168          198
        1584            2           0.510         6336          396
        1584            4           0.620        12672          792
        1584            8           0.541        25344         1584
        1584           16           0.589        50688         3168
        1584           32           0.574       101376         6336
        1584           64           0.755       202752        12672
        1584          128           1.129       405504        25344
        1584          256           2.033       811008        50688
        1584          512           3.842      1622016       101376
        1584         1024           7.374      3244032       202752
        1584         2048          14.425      6488064       405504
        1584         4096          28.781     12976128       811008
        1584         8192          57.449     25952256      1622016
        1584        16384         114.218     51904512      3244032
        1728            1           0.540         3456          216
        1728            2           0.548         6912          432
        1728            4           0.532        13824          864
        1728            8           0.549        27648         1728
        1728           16           0.640        55296         3456
        1728           32           0.601       110592         6912
        1728           64           0.700       221184        13824
        1728          128           1.052       442368        27648
        1728          256           1.979       884736        55296
        1728          512           3.934      1769472       110592
        1728         1024           7.274      3538944       221184
        1728         2048          14.455      7077888       442368
        1728         4096          28.627     14155776       884736
        1728         8192          58.127     28311552      1769472
        1728        16384         113.690     56623104      3538944
        1872            1           1.001         3744          234
        1872            2           0.280         7488          468
        1872            4           0.678        14976          936
        1872            8           0.639        29952         1872
        1872           16           0.571        59904         3744
        1872           32           0.553       119808         7488
        1872           64           0.645       239616        14976
        1872          128           1.238       479232        29952
        1872          256           1.984       958464        59904
        1872          512           3.821      1916928       119808
        1872         1024           7.227      3833856       239616
        1872         2048          14.256      7667712       479232
        1872         4096          28.326     15335424       958464
        1872         8192          56.389     30670848      1916928
        1872        16384         112.472     61341696      3833856
        2016            1           1.039         4032          252
        2016            2           0.264         8064          504
        2016            4           0.718        16128         1008
        2016            8           0.543        32256         2016
        2016           16           0.496        64512         4032
        2016           32           0.608       129024         8064
        2016           64           0.763       258048        16128
        2016          128           1.263       516096        32256
        2016          256           2.016      1032192        64512
        2016          512           3.834      2064384       129024
        2016         1024           7.453      4128768       258048
        2016         2048          14.540      8257536       516096
        2016         4096          28.625     16515072      1032192
        2016         8192          56.681     33030144      2064384
        2208            1           0.650         4416          276
        2208            2           0.631         8832          552
        2208            4           0.492        17664         1104
        2208            8           0.491        35328         2208
        2208           16           0.657        70656         4416
        2208           32           0.590       141312         8832
        2208           64           0.666       282624        17664
        2208          128           1.169       565248        35328
        2208          256           2.073      1130496        70656
        2208          512           3.640      2260992       141312
        2208         1024           7.205      4521984       282624
        2208         2048          14.166      9043968       565248
        2208         4096          28.098     18087936      1130496
        2208         8192          55.990     36175872      2260992
        2400            1           0.288         4800          300
        2400            2           0.593         9600          600
        2400            4           0.522        19200         1200
        2400            8           0.654        38400         2400
        2400           16           0.595        76800         4800
        2400           32           0.713       153600         9600
        2400           64           0.718       307200        19200
        2400          128           1.203       614400        38400
        2400          256           2.054      1228800        76800
        2400          512           3.878      2457600       153600
        2400         1024           7.397      4915200       307200
        2400         2048          14.606      9830400       614400
        2400         4096          28.908     19660800      1228800
        2400         8192          57.334     39321600      2457600
        2640            1           1.101         5280          330
        2640            2           0.269        10560          660
        2640            4           0.537        21120         1320
        2640            8           0.480        42240         2640
        2640           16           0.625        84480         5280
        2640           32           0.634       168960        10560
        2640           64           0.732       337920        21120
        2640          128           1.185       675840        42240
        2640          256           1.977      1351680        84480
        2640          512           3.765      2703360       168960
        2640         1024           7.262      5406720       337920
        2640         2048          14.310     10813440       675840
        2640         4096          28.481     21626880      1351680
        2640         8192          56.513     43253760      2703360
        2880            1           0.898         5760          360
        2880            2           0.270        11520          720
        2880            4           0.624        23040         1440
        2880            8           0.664        46080         2880
        2880           16           0.613        92160         5760
        2880           32           0.656       184320        11520
        2880           64           0.678       368640        23040
        2880          128           1.187       737280        46080
        2880          256           1.964      1474560        92160
        2880          512           3.714      2949120       184320
        2880         1024           7.198      5898240       368640
        2880         2048          14.349     11796480       737280
        2880         4096          28.306     23592960      1474560
        2880         8192          56.139     47185920      2949120
        3168            1           0.817         6336          396
        3168            2           0.388        12672          792
        3168            4           0.549        25344         1584
        3168            8           0.565        50688         3168
        3168           16           0.624       101376         6336
        3168           32           0.751       202752        12672
        3168           64           0.784       405504        25344
        3168          128           1.151       811008        50688
        3168          256           2.201      1622016       101376
        3168          512           4.001      3244032       202752
        3168         1024           7.488      6488064       405504
        3168         2048          14.724     12976128       811008
        3168         4096          29.163     25952256      1622016
        3168         8192          58.062     51904512      3244032
        3456            1           0.562         6912          432
        3456            2           0.609        13824          864
        3456            4           0.684        27648         1728
        3456            8           0.506        55296         3456
        3456           16           0.588       110592         6912
        3456           32           0.611       221184        13824
        3456           64           0.890       442368        27648
        3456          128           1.398       884736        55296
        3456          256           2.042      1769472       110592
        3456          512           3.912      3538944       221184
        3456         1024           7.446      7077888       442368
        3456         2048          14.672     14155776       884736
        3456         4096          29.145     28311552      1769472
        3456         8192          57.339     56623104      3538944
        3792            1           0.265         7584          474
        3792            2           0.658        15168          948
        3792            4           0.562        30336         1896
        3792            8           0.599        60672         3792
        3792           16           0.646       121344         7584
        3792           32           0.500       242688        15168
        3792           64           0.785       485376        30336
        3792          128           1.287       970752        60672
        3792          256           2.328      1941504       121344
        3792          512           4.374      3883008       242688
        3792         1024           8.396      7766016       485376
        3792         2048          16.406     15532032       970752
        3792         4096          32.560     31064064      1941504
        4128            1           0.647         8256          516
        4128            2           0.287        16512         1032
        4128            4           0.489        33024         2064
        4128            8           0.705        66048         4128
        4128           16           0.470       132096         8256
        4128           32           0.727       264192        16512
        4128           64           0.760       528384        33024
        4128          128           1.363      1056768        66048
        4128          256           2.505      2113536       132096
        4128          512           4.678      4227072       264192
        4128         1024           8.941      8454144       528384
        4128         2048          17.627     16908288      1056768
        4128         4096          34.766     33816576      2113536
        4512            1           0.522         9024          564
        4512            2           0.622        18048         1128
        4512            4           0.642        36096         2256
        4512            8           0.555        72192         4512
        4512           16           0.604       144384         9024
        4512           32           0.659       288768        18048
        4512           64           0.851       577536        36096
        4512          128           1.547      1155072        72192
        4512          256           2.654      2310144       144384
        4512          512           4.928      4620288       288768
        4512         1024           9.497      9240576       577536
        4512         2048          18.820     18481152      1155072
        4512         4096          37.195     36962304      2310144
        4944            1           0.287         9888          618
        4944            2           0.648        19776         1236
        4944            4           0.553        39552         2472
        4944            8           0.621        79104         4944
        4944           16           0.578       158208         9888
        4944           32           0.637       316416        19776
        4944           64           0.840       632832        39552
        4944          128           1.573      1265664        79104
        4944          256           2.838      2531328       158208
        4944          512           5.452      5062656       316416
        4944         1024          10.308     10125312       632832
        4944         2048          20.445     20250624      1265664
        4944         4096          40.352     40501248      2531328
        5424            1           0.293        10848          678
        5424            2           0.529        21696         1356
        5424            4           0.577        43392         2712
        5424            8           0.668        86784         5424
        5424           16           0.505       173568        10848
        5424           32           0.704       347136        21696
        5424           64           1.054       694272        43392
        5424          128           1.481      1388544        86784
        5424          256           2.992      2777088       173568
        5424          512           5.612      5554176       347136
        5424         1024          10.667     11108352       694272
        5424         2048          21.144     22216704      1388544
        5424         4096          41.758     44433408      2777088
        5952            1           0.328        11904          744
        5952            2           0.529        23808         1488
        5952            4           0.665        47616         2976
        5952            8           0.530        95232         5952
        5952           16           0.651       190464        11904
        5952           32           0.706       380928        23808
        5952           64           1.022       761856        47616
        5952          128           1.622      1523712        95232
        5952          256           2.836      3047424       190464
        5952          512           5.469      6094848       380928
        5952         1024          10.658     12189696       761856
        5952         2048          21.088     24379392      1523712
        5952         4096          41.845     48758784      3047424
        6528            1           0.360        13056          816
        6528            2           0.675        26112         1632
        6528            4           0.420        52224         3264
        6528            8           0.760       104448         6528
        6528           16           0.835       208896        13056
        6528           32           0.840       417792        26112
        6528           64           1.282       835584        52224
        6528          128           2.074      1671168       104448
        6528          256           3.534      3342336       208896
        6528          512           8.169      6684672       417792
        6528         1024          15.468     13369344       835584
        6528         2048          25.742     26738688      1671168
        6528         4096          50.701     53477376      3342336
        7152            1           0.330        14304          894
        7152            2           0.543        28608         1788
        7152            4           0.544        57216         3576
        7152            8           0.686       114432         7152
        7152           16           0.654       228864        14304
        7152           32           0.766       457728        28608
        7152           64           1.098       915456        57216
        7152          128           1.940      1830912       114432
        7152          256           3.440      3661824       228864
        7152          512           6.509      7323648       457728
        7152         1024          12.700     14647296       915456
        7152         2048          25.014     29294592      1830912
        7152         4096          49.624     58589184      3661824
        7824            1           1.397        15648          978
        7824            2           0.418        31296         1956
        7824            4           0.743        62592         3912
        7824            8           0.664       125184         7824
        7824           16           0.762       250368        15648
        7824           32           0.997       500736        31296
        7824           64           1.420      1001472        62592
        7824          128           2.250      2002944       125184
        7824          256           4.051      4005888       250368
        7824          512           7.759      8011776       500736
        7824         1024          14.993     16023552      1001472
        7824         2048          29.605     32047104      2002944
        8592            1           0.636        17184         1074
        8592            2           0.420        34368         2148
        8592            4           0.504        68736         4296
        8592            8           0.599       137472         8592
        8592           16           0.676       274944        17184
        8592           32           0.928       549888        34368
        8592           64           1.306      1099776        68736
        8592          128           2.299      2199552       137472
        8592          256           4.180      4399104       274944
        8592          512           8.069      8798208       549888
        8592         1024          15.682     17596416      1099776
        8592         2048          31.795     35192832      2199552
        9408            1           0.653        18816         1176
        9408            2           0.289        37632         2352
        9408            4           0.677        75264         4704
        9408            8           0.579       150528         9408
        9408           16           0.685       301056        18816
        9408           32           0.954       602112        37632
        9408           64           1.278      1204224        75264
        9408          128           2.362      2408448       150528
        9408          256           4.028      4816896       301056
        9408          512           7.993      9633792       602112
        9408         1024          15.299     19267584      1204224
        9408         2048          30.313     38535168      2408448
       10320            1           0.998        20640         1290
       10320            2           0.627        41280         2580
       10320            4           0.639        82560         5160
       10320            8           0.609       165120        10320
       10320           16           0.794       330240        20640
       10320           32           0.885       660480        41280
       10320           64           1.364      1320960        82560
       10320          128           2.421      2641920       165120
       10320          256           4.565      5283840       330240
       10320          512           8.757     10567680       660480
       10320         1024          17.025     21135360      1320960
       10320         2048          33.717     42270720      2641920
       11328            1           0.357        22656         1416
       11328            2           0.485        45312         2832
       11328            4           0.668        90624         5664
       11328            8           0.635       181248        11328
       11328           16           0.802       362496        22656
       11328           32           1.047       724992        45312
       11328           64           1.551      1449984        90624
       11328          128           2.527      2899968       181248
       11328          256           4.812      5799936       362496
       11328          512           8.934     11599872       724992
       11328         1024          17.631     23199744      1449984
       11328         2048          35.064     46399488      2899968
       12432            1           0.341        24864         1554
       12432            2           0.578        49728         3108
       12432            4           0.564        99456         6216
       12432            8           0.613       198912        12432
       12432           16           0.754       397824        24864
       12432           32           1.132       795648        49728
       12432           64           1.669      1591296        99456
       12432          128           3.055      3182592       198912
       12432          256           5.938      6365184       397824
       12432          512          10.077     12730368       795648
       12432         1024          19.631     25460736      1591296
       12432         2048          38.782     50921472      3182592
       13632            1           0.376        27264         1704
       13632            2           0.493        54528         3408
       13632            4           0.712       109056         6816
       13632            8           0.739       218112        13632
       13632           16           0.848       436224        27264
       13632           32           1.146       872448        54528
       13632           64           1.778      1744896       109056
       13632          128           3.063      3489792       218112
       13632          256           5.594      6979584       436224
       13632          512          10.753     13959168       872448
       13632         1024          20.933     27918336      1744896
       13632         2048          41.347     55836672      3489792
       14976            1           0.478        29952         1872
       14976            2           0.565        59904         3744
       14976            4           0.692       119808         7488
       14976            8           0.562       239616        14976
       14976           16           0.915       479232        29952
       14976           32           1.192       958464        59904
       14976           64           2.011      1916928       119808
       14976          128           3.439      3833856       239616
       14976          256           6.540      7667712       479232
       14976          512          12.754     15335424       958464
       14976         1024          24.903     30670848      1916928
       14976         2048          49.203     61341696      3833856
       16464            1           0.880        32928         2058
       16464            2           0.794        65856         4116
       16464            4           0.707       131712         8232
       16464            8           0.805       263424        16464
       16464           16           0.882       526848        32928
       16464           32           1.182      1053696        65856
       16464           64           2.095      2107392       131712
       16464          128           3.696      4214784       263424
       16464          256           7.034      8429568       526848
       16464          512          13.496     16859136      1053696
       16464         1024          27.186     33718272      2107392
       18096            1           0.499        36192         2262
       18096            2           0.493        72384         4524
       18096            4           0.662       144768         9048
       18096            8           0.763       289536        18096
       18096           16           0.952       579072        36192
       18096           32           1.267      1158144        72384
       18096           64           2.148      2316288       144768
       18096          128           3.796      4632576       289536
       18096          256           7.243      9265152       579072
       18096          512          13.905     18530304      1158144
       18096         1024          27.531     37060608      2316288
       19872            1           0.909        39744         2484
       19872            2           0.516        79488         4968
       19872            4           0.580       158976         9936
       19872            8           0.677       317952        19872
       19872           16           1.062       635904        39744
       19872           32           1.449      1271808        79488
       19872           64           2.355      2543616       158976
       19872          128           4.347      5087232       317952
       19872          256           8.025     10174464       635904
       19872          512          15.750     20348928      1271808
       19872         1024          31.197     40697856      2543616
       21840            1           0.844        43680         2730
       21840            2           0.691        87360         5460
       21840            4           0.653       174720        10920
       21840            8           0.831       349440        21840
       21840           16           1.032       698880        43680
       21840           32           1.572      1397760        87360
       21840           64           2.581      2795520       174720
       21840          128           4.810      5591040       349440
       21840          256           9.007     11182080       698880
       21840          512          17.741     22364160      1397760
       21840         1024          35.045     44728320      2795520
       24000            1           0.580        48000         3000
       24000            2           0.824        96000         6000
       24000            4           0.517       192000        12000
       24000            8           0.842       384000        24000
       24000           16           1.007       768000        48000
       24000           32           1.656      1536000        96000
       24000           64           2.657      3072000       192000
       24000          128           4.938      6144000       384000
       24000          256          12.603     12288000       768000
       24000          512          21.479     24576000      1536000
       24000         1024          37.687     49152000      3072000
       26400            1           0.710        52800         3300
       26400            2           0.656       105600         6600
       26400            4           0.816       211200        13200
       26400            8           0.768       422400        26400
       26400           16           1.259       844800        52800
       26400           32           1.828      1689600       105600
       26400           64           3.152      3379200       211200
       26400          128           5.616      6758400       422400
       26400          256          10.883     13516800       844800
       26400          512          21.079     27033600      1689600
       26400         1024          41.838     54067200      3379200
       29040            1           0.884        58080         3630
       29040            2           0.754       116160         7260
       29040            4           0.683       232320        14520
       29040            8           0.886       464640        29040
       29040           16           1.133       929280        58080
       29040           32           1.878      1858560       116160
       29040           64           3.316      3717120       232320
       29040          128           5.906      7434240       464640
       29040          256          11.690     14868480       929280
       29040          512          22.388     29736960      1858560
       29040         1024          44.119     59473920      3717120
       31920            1           0.506        63840         3990
       31920            2           0.593       127680         7980
       31920            4           0.787       255360        15960
       31920            8           0.855       510720        31920
       31920           16           1.190      1021440        63840
       31920           32           1.929      2042880       127680
       31920           64           3.472      4085760       255360
       31920          128           6.601      8171520       510720
       31920          256          12.478     16343040      1021440
       31920          512          24.898     32686080      2042880
       35088            1           0.572        70176         4386
       35088            2           0.692       140352         8772
       35088            4           0.713       280704        17544
       35088            8           0.976       561408        35088
       35088           16           1.265      1122816        70176
       35088           32           2.261      2245632       140352
       35088           64           3.901      4491264       280704
       35088          128           7.179      8982528       561408
       35088          256          13.806     17965056      1122816
       35088          512          27.222     35930112      2245632
       38592            1           0.584        77184         4824
       38592            2           0.661       154368         9648
       38592            4           0.811       308736        19296
       38592            8           1.015       617472        38592
       38592           16           1.479      1234944        77184
       38592           32           2.431      2469888       154368
       38592           64           4.126      4939776       308736
       38592          128           7.573      9879552       617472
       38592          256          14.957     19759104      1234944
       38592          512          29.649     39518208      2469888
       42432            1           0.686        84864         5304
       42432            2           0.843       169728        10608
       42432            4           0.757       339456        21216
       42432            8           1.050       678912        42432
       42432           16           1.601      1357824        84864
       42432           32           2.493      2715648       169728
       42432           64           4.510      5431296       339456
       42432          128           8.430     10862592       678912
       42432          256          16.367     21725184      1357824
       42432          512          32.269     43450368      2715648
       46656            1           1.821        93312         5832
       46656            2           0.591       186624        11664
       46656            4           0.800       373248        23328
       46656            8           1.050       746496        46656
       46656           16           1.677      1492992        93312
       46656           32           2.695      2985984       186624
       46656           64           4.838      5971968       373248
       46656          128           9.151     11943936       746496
       46656          256          17.781     23887872      1492992
       46656          512          39.079     47775744      2985984
       51312            1           1.207       102624         6414
       51312            2           0.497       205248        12828
       51312            4           0.942       410496        25656
       51312            8           1.113       820992        51312
       51312           16           1.795      1641984       102624
       51312           32           2.987      3283968       205248
       51312           64           5.309      6567936       410496
       51312          128          10.028     13135872       820992
       51312          256          19.849     26271744      1641984
       51312          512          39.017     52543488      3283968
       56400            1           1.197       112800         7050
       56400            2           0.727       225600        14100
       56400            4           0.904       451200        28200
       56400            8           1.239       902400        56400
       56400           16           1.814      1804800       112800
       56400           32           3.177      3609600       225600
       56400           64           5.770      7219200       451200
       56400          128          10.911     14438400       902400
       56400          256          21.535     28876800      1804800
       56400          512          42.485     57753600      3609600
       62016            1           2.309       124032         7752
       62016            2           0.726       248064        15504
       62016            4           1.016       496128        31008
       62016            8           1.298       992256        62016
       62016           16           2.074      1984512       124032
       62016           32           3.498      3969024       248064
       62016           64           6.293      7938048       496128
       62016          128          11.990     15876096       992256
       62016          256          23.585     31752192      1984512
       68208            1           1.165       136416         8526
       68208            2           0.832       272832        17052
       68208            4           1.107       545664        34104
       68208            8           1.401      1091328        68208
       68208           16           2.213      2182656       136416
       68208           32           3.729      4365312       272832
       68208           64           6.866      8730624       545664
       68208          128          13.343     17461248      1091328
       68208          256          25.806     34922496      2182656
       75024            1           1.564       150048         9378
       75024            2           0.694       300096        18756
       75024            4           1.101       600192        37512
       75024            8           1.559      1200384        75024
       75024           16           2.310      2400768       150048
       75024           32           4.090      4801536       300096
       75024           64           7.445      9603072       600192
       75024          128          14.421     19206144      1200384
       75024          256          28.328     38412288      2400768
       82512            1           1.049       165024        10314
       82512            2           0.839       330048        20628
       82512            4           1.068       660096        41256
       82512            8           1.567      1320192        82512
       82512           16           2.497      2640384       165024
       82512           32           4.617      5280768       330048
       82512           64           8.166     10561536       660096
       82512          128          15.688     21123072      1320192
       82512          256          30.926     42246144      2640384
       90720            1           2.092       181440        11340
       90720            2           0.907       362880        22680
       90720            4           1.261       725760        45360
       90720            8           1.657      1451520        90720
       90720           16           2.661      2903040       181440
       90720           32           4.777      5806080       362880
       90720           64           8.817     11612160       725760
       90720          128          17.137     23224320      1451520
       90720          256          33.800     46448640      2903040
       99792            1           2.226       199584        12474
       99792            2           0.902       399168        24948
       99792            4           1.244       798336        49896
       99792            8           1.732      1596672        99792
       99792           16           2.868      3193344       199584
       99792           32           5.174      6386688       399168
       99792           64           9.887     12773376       798336
       99792          128          18.938     25546752      1596672
       99792          256          38.383     51093504      3193344
      109728            1           2.319       219456        13716
      109728            2           0.895       438912        27432
      109728            4           1.298       877824        54864
      109728            8           1.999      1755648       109728
      109728           16           3.131      3511296       219456
      109728           32           5.676      7022592       438912
      109728           64          10.813     14045184       877824
      109728          128          21.137     28090368      1755648
      109728          256          40.805     56180736      3511296
      120672            1           2.133       241344        15084
      120672            2           0.957       482688        30168
      120672            4           1.439       965376        60336
      120672            8           2.143      1930752       120672
      120672           16           3.435      3861504       241344
      120672           32           6.283      7723008       482688
      120672           64          11.667     15446016       965376
      120672          128          23.089     30892032      1930752
      120672          256          45.837     61784064      3861504
      132720            1           2.430       265440        16590
      132720            2           1.137       530880        33180
      132720            4           1.456      1061760        66360
      132720            8           2.223      2123520       132720
      132720           16           3.641      4247040       265440
      132720           32           6.763      8494080       530880
      132720           64          13.070     16988160      1061760
      132720          128          25.345     33976320      2123520
      145968            1           3.169       291936        18246
      145968            2           1.298       583872        36492
      145968            4           1.581      1167744        72984
      145968            8           2.320      2335488       145968
      145968           16           4.096      4670976       291936
      145968           32           7.344      9341952       583872
      145968           64          14.051     18683904      1167744
      145968          128          27.465     37367808      2335488
      160560            1           2.540       321120        20070
      160560            2           1.303       642240        40140
      160560            4           1.604      1284480        80280
      160560            8           2.786      2568960       160560
      160560           16           4.454      5137920       321120
      160560           32           8.266     10275840       642240
      160560           64          15.750     20551680      1284480
      160560          128          30.618     41103360      2568960
      176592            1           2.764       353184        22074
      176592            2           1.443       706368        44148
      176592            4           1.872      1412736        88296
      176592            8           2.964      2825472       176592
      176592           16           4.929      5650944       353184
      176592           32           8.979     11301888       706368
      176592           64          17.332     22603776      1412736
      176592          128          33.677     45207552      2825472
      194208            1           2.994       388416        24276
      194208            2           1.706       776832        48552
      194208            4           1.993      1553664        97104
      194208            8           3.148      3107328       194208
      194208           16           5.297      6214656       388416
      194208           32           9.897     12429312       776832
      194208           64          18.635     24858624      1553664
      194208          128          36.801     49717248      3107328
      213600            1           3.515       427200        26700
      213600            2           1.421       854400        53400
      213600            4           2.280      1708800       106800
      213600            8           3.839      3417600       213600
      213600           16           6.868      6835200       427200
      213600           32          13.126     13670400       854400
      213600           64          25.360     27340800      1708800
      213600          128          49.790     54681600      3417600
      234960            1           3.719       469920        29370
      234960            2           1.801       939840        58740
      234960            4           2.998      1879680       117480
      234960            8           4.919      3759360       234960
      234960           16           8.934      7518720       469920
      234960           32          16.910     15037440       939840
      234960           64          33.067     30074880      1879680
      234960          128          65.350     60149760      3759360
      258432            1           3.787       516864        32304
      258432            2           2.170      1033728        64608
      258432            4           3.361      2067456       129216
      258432            8           5.735      4134912       258432
      258432           16          10.472      8269824       516864
      258432           32          19.813     16539648      1033728
      258432           64          38.783     33079296      2067456
      284256            1           4.582       568512        35532
      284256            2           2.185      1137024        71064
      284256            4           3.607      2274048       142128
      284256            8           6.206      4548096       284256
      284256           16          11.447      9096192       568512
      284256           32          21.929     18192384      1137024
      284256           64          42.800     36384768      2274048
      312672            1           4.801       625344        39084
      312672            2           2.539      1250688        78168
      312672            4           3.855      2501376       156336
      312672            8           6.673      5002752       312672
      312672           16          12.449     10005504       625344
      312672           32          23.973     20011008      1250688
      312672           64          46.854     40022016      2501376
      343920            1           5.009       687840        42990
      343920            2           2.669      1375680        85980
      343920            4           4.186      2751360       171960
      343920            8           7.312      5502720       343920
      343920           16          13.667     11005440       687840
      343920           32          26.434     22010880      1375680
      343920           64          54.098     44021760      2751360
      378288            1           5.820       756576        47286
      378288            2           2.905      1513152        94572
      378288            4           4.580      3026304       189144
      378288            8           8.001      6052608       378288
      378288           16          14.869     12105216       756576
      378288           32          28.839     24210432      1513152
      378288           64          56.512     48420864      3026304
      416112            1           6.884       832224        52014
      416112            2           3.171      1664448       104028
      416112            4           5.013      3328896       208056
      416112            8           8.866      6657792       416112
      416112           16          16.295     13315584       832224
      416112           32          31.725     26631168      1664448
      416112           64          62.080     53262336      3328896
      457680            1           6.860       915360        57210
      457680            2           3.235      1830720       114420
      457680            4           5.303      3661440       228840
      457680            8           9.763      7322880       457680
      457680           16          18.059     14645760       915360
      457680           32          34.688     29291520      1830720
      457680           64          68.048     58583040      3661440
      503424            1           6.978      1006848        62928
      503424            2           3.601      2013696       125856
      503424            4           6.024      4027392       251712
      503424            8          10.540      8054784       503424
      503424           16          19.729     16109568      1006848
      503424           32          38.116     32219136      2013696
      553728            1           8.224      1107456        69216
      553728            2           4.018      2214912       138432
      553728            4           6.553      4429824       276864
      553728            8          11.436      8859648       553728
      553728           16          21.652     17719296      1107456
      553728           32          41.878     35438592      2214912
      609072            1           7.973      1218144        76134
      609072            2           4.302      2436288       152268
      609072            4           7.008      4872576       304536
      609072            8          12.468      9745152       609072
      609072           16          23.795     19490304      1218144
      609072           32          46.151     38980608      2436288
      669936            1           8.826      1339872        83742
      669936            2           4.748      2679744       167484
      669936            4           7.808      5359488       334968
      669936            8          13.655     10718976       669936
      669936           16          25.965     21437952      1339872
      669936           32          50.632     42875904      2679744
      736896            1           9.668      1473792        92112
      736896            2           4.873      2947584       184224
      736896            4           8.345      5895168       368448
      736896            8          15.158     11790336       736896
      736896           16          28.497     23580672      1473792
      736896           32          55.408     47161344      2947584
      810576            1          12.100      1621152       101322
      810576            2           6.170      3242304       202644
      810576            4          10.825      6484608       405288
      810576            8          17.596     12969216       810576
      810576           16          31.498     25938432      1621152
      810576           32          61.046     51876864      3242304
      891600            1          14.022      1783200       111450
      891600            2           6.058      3566400       222900
      891600            4           9.976      7132800       445800
      891600            8          18.344     14265600       891600
      891600           16          34.427     28531200      1783200
      891600           32          66.784     57062400      3566400
      980736            1          12.927      1961472       122592
      980736            2           6.346      3922944       245184
      980736            4          11.129      7845888       490368
      980736            8          19.908     15691776       980736
      980736           16          40.233     31383552      1961472
     1078800            1          15.104      2157600       134850
     1078800            2           7.129      4315200       269700
     1078800            4          11.962      8630400       539400
     1078800            8          21.753     17260800      1078800
     1078800           16          41.614     34521600      2157600
     1186656            1          16.514      2373312       148332
     1186656            2           7.853      4746624       296664
     1186656            4          13.167      9493248       593328
     1186656            8          24.063     18986496      1186656
     1186656           16          45.465     37972992      2373312
     1305312            1          17.336      2610624       163164
     1305312            2           8.581      5221248       326328
     1305312            4          14.355     10442496       652656
     1305312            8          26.357     20884992      1305312
     1305312           16          50.143     41769984      2610624
     1435824            1          19.698      2871648       179478
     1435824            2           9.756      5743296       358956
     1435824            4          15.907     11486592       717912
     1435824            8          28.695     22973184      1435824
     1435824           16          54.965     45946368      2871648
     1579392            1          22.098      3158784       197424
     1579392            2          10.214      6317568       394848
     1579392            4          17.343     12635136       789696
     1579392            8          31.750     25270272      1579392
     1579392           16          60.206     50540544      3158784
     1737312            1          23.306      3474624       217164
     1737312            2          11.254      6949248       434328
     1737312            4          19.035     13898496       868656
     1737312            8          34.995     27796992      1737312
     1737312           16          66.406     55593984      3474624
     1911024            1          25.544      3822048       238878
     1911024            2          12.322      7644096       477756
     1911024            4          21.014     15288192       955512
     1911024            8          38.126     30576384      1911024
     1911024           16          72.978     61152768      3822048
     2102112            1          28.831      4204224       262764
     2102112            2          13.685      8408448       525528
     2102112            4          23.010     16816896      1051056
     2102112            8          42.124     33633792      2102112
     2312304            1          34.332      4624608       289038
     2312304            2          14.935      9249216       578076
     2312304            4          25.376     18498432      1156152
     2312304            8          46.321     36996864      2312304
     2543520            1          34.406      5087040       317940
     2543520            2          16.115     10174080       635880
     2543520            4          27.736     20348160      1271760
     2543520            8          50.680     40696320      2543520
     2797872            1          36.612      5595744       349734
     2797872            2          17.959     11191488       699468
     2797872            4          30.334     22382976      1398936
     2797872            8          60.310     44765952      2797872
     3077616            1          41.583      6155232       384702
     3077616            2          20.128     12310464       769404
     3077616            4          33.874     24620928      1538808
     3077616            8          61.934     49241856      3077616
     3385344            1          43.527      6770688       423168
     3385344            2          23.727     13541376       846336
     3385344            4          37.427     27082752      1692672
     3385344            8          68.493     54165504      3385344
     3723840            1          47.604      7447680       465480
     3723840            2          25.438     14895360       930960
     3723840            4          42.460     29790720      1861920
     3723840            8          75.945     59581440      3723840
     4096224            1          52.090      8192448       512028
     4096224            2          29.812     16384896      1024056
     4096224            4          46.754     32769792      2048112
     4505808            1          55.610      9011616       563226
     4505808            2          34.976     18023232      1126452
     4505808            4          52.789     36046464      2252904
     4956384            1          60.753      9912768       619548
     4956384            2          41.856     19825536      1239096
     4956384            4          60.383     39651072      2478192
     5451984            1          64.861     10903968       681498
     5451984            2          48.827     21807936      1362996
     5451984            4          72.031     43615872      2725992
     5997168            1          70.150     11994336       749646
     5997168            2          58.921     23988672      1499292
     5997168            4          85.798     47977344      2998584
     6596880            1          76.145     13193760       824610
     6596880            2          67.570     26387520      1649220
     6596880            4         101.035     52775040      3298440
     7256544            1          72.758     14513088       907068
     7256544            2          84.117     29026176      1814136
     7256544            4         119.833     58052352      3628272
     7982160            1          77.817     15964320       997770
     7982160            2         101.538     31928640      1995540
     8780352            1          90.473     17560704      1097544
     8780352            2         120.988     35121408      2195088
     9658368            1          88.248     19316736      1207296
     9658368            2         139.133     38633472      2414592
    10624176            1          98.028     21248352      1328022
    10624176            2         157.376     42496704      2656044
    11686560            1         109.074     23373120      1460820
    11686560            2         176.732     46746240      2921640
    12855216            1         119.677     25710432      1606902
    12855216            2         196.937     51420864      3213804
    14140704            1         131.352     28281408      1767588
    14140704            2         222.620     56562816      3535176
    15554736            1         157.706     31109472      1944342
    17110176            1         174.348     34220352      2138772
    18821184            1         187.782     37642368      2352648
    20703264            1         208.593     41406528      2587908
    22773552            1         239.659     45547104      2846694
    25050864            1         285.152     50101728      3131358
    27555936            1         334.497     55111872      3444492
    30311520            1         389.912     60623040      3788940

META_DATA
FLOPS          1
OPENMP_THREADS 6
ERT_VERSION  1.1.0
HOSTNAME  ('cirrus4.computing.clemson.edu', ['cirrus4'], ['127.0.1.1'])
UNAME  uname_result(system='Linux', node='cirrus4.computing.clemson.edu', release='5.4.0-81-generic', version='#91-Ubuntu SMP Thu Jul 15 19:09:17 UTC 2021', machine='x86_64', processor='x86_64')
TIMESTAMP_DATA  1632245392.9351683
CONFIG  {'ERT_RESULTS': ['Results.cs.clemson.edu'], 'ERT_DRIVER': ['driver1'], 'ERT_KERNEL': ['kernel1'], 'ERT_MPI': ['False'], 'ERT_MPI_CFLAGS': [], 'ERT_MPI_LDFLAGS': [], 'ERT_OPENMP': ['True'], 'ERT_OPENMP_CFLAGS': ['-fopenmp'], 'ERT_OPENMP_LDFLAGS': ['-fopenmp'], 'ERT_FLOPS': ['1,2,4'], 'ERT_ALIGN': ['32'], 'ERT_CC': ['g++'], 'ERT_CFLAGS': ['-O3', '-std=c++11', '-fstrict-aliasing', '-march=native'], 'ERT_LD': ['g++'], 'ERT_LDFLAGS': [], 'ERT_LDLIBS': [], 'ERT_PRECISION': ['FP64'], 'ERT_RUN': ['export', 'OMP_NUM_THREADS=ERT_OPENMP_THREADS;', 'export', 'OMP_PLACES=threads;', 'export', 'OMP_PROC_BIND=spread;', './ERT_CODE'], 'ERT_PROCS_THREADS': ['8'], 'ERT_MPI_PROCS': ['2,4,8'], 'ERT_OPENMP_THREADS': ['1-8'], 'ERT_NUM_EXPERIMENTS': ['5'], 'ERT_MEMORY_MAX': ['31000000'], 'ERT_WORKING_SET_MIN': ['1'], 'ERT_TRIALS_MIN': ['1'], 'ERT_GNUPLOT': ['gnuplot'], 'ERT_GPU': [False], 'ERT_HIP': [False], 'ERT_OCL': [False], 'ERT_SYCL': [False], 'ERT_WSS_MULT': [1.1]}
