fp64
          48            1           0.816           96           12
          48            2           0.756          192           24
          48            4           0.839          384           48
          48            8           0.567          768           96
          48           16           0.620         1536          192
          48           32           0.819         3072          384
          48           64           0.776         6144          768
          48          128           1.038        12288         1536
          48          256           1.512        24576         3072
          48          512           2.513        49152         6144
          48         1024           4.715        98304        12288
          48         2048           9.243       196608        24576
          48         4096          17.710       393216        49152
          48         8192          35.477       786432        98304
          48        16384          70.159      1572864       196608
          48        32768         140.114      3145728       393216
          48        65536         279.557      6291456       786432
          48       131072         523.975     12582912      1572864
          48       262144        1079.984     25165824      3145728
          48       524288        2159.647     50331648      6291456
          96            1           1.191          192           24
          96            2           0.560          384           48
          96            4           0.771          768           96
          96            8           0.559         1536          192
          96           16           0.616         3072          384
          96           32           0.871         6144          768
          96           64           0.668        12288         1536
          96          128           1.056        24576         3072
          96          256           1.542        49152         6144
          96          512           2.635        98304        12288
          96         1024           4.878       196608        24576
          96         2048           9.369       393216        49152
          96         4096          18.194       786432        98304
          96         8192          34.272      1572864       196608
          96        16384          67.118      3145728       393216
          96        32768         133.968      6291456       786432
          96        65536         267.060     12582912      1572864
          96       131072         572.434     25165824      3145728
          96       262144         876.715     50331648      6291456
         144            1           0.600          288           36
         144            2           0.393          576           72
         144            4           0.547         1152          144
         144            8           0.663         2304          288
         144           16           0.667         4608          576
         144           32           0.623         9216         1152
         144           64           0.576        18432         2304
         144          128           0.965        36864         4608
         144          256           1.317        73728         9216
         144          512           2.067       147456        18432
         144         1024           3.739       294912        36864
         144         2048           7.091       589824        73728
         144         4096          13.961      1179648       147456
         144         8192          27.464      2359296       294912
         144        16384          54.283      4718592       589824
         144        32768         108.345      9437184      1179648
         144        65536         216.234     18874368      2359296
         144       131072         432.442     37748736      4718592
         192            1           0.589          384           48
         192            2           0.560          768           96
         192            4           0.505         1536          192
         192            8           0.686         3072          384
         192           16           0.485         6144          768
         192           32           0.764        12288         1536
         192           64           0.788        24576         3072
         192          128           0.979        49152         6144
         192          256           1.170        98304        12288
         192          512           2.410       196608        24576
         192         1024           4.005       393216        49152
         192         2048           7.684       786432        98304
         192         4096          14.527      1572864       196608
         192         8192          28.713      3145728       393216
         192        16384          57.462      6291456       786432
         192        32768         114.031     12582912      1572864
         192        65536         225.838     25165824      3145728
         192       131072         461.334     50331648      6291456
         240            1           0.471          480           60
         240            2           0.435          960          120
         240            4           0.607         1920          240
         240            8           0.658         3840          480
         240           16           0.558         7680          960
         240           32           0.521        15360         1920
         240           64           0.618        30720         3840
         240          128           0.736        61440         7680
         240          256           1.484       122880        15360
         240          512           2.085       245760        30720
         240         1024           3.886       491520        61440
         240         2048           7.629       983040       122880
         240         4096          14.730      1966080       245760
         240         8192          28.992      3932160       491520
         240        16384          57.370      7864320       983040
         240        32768         114.533     15728640      1966080
         240        65536         228.606     31457280      3932160
         288            1           0.703          576           72
         288            2           0.455         1152          144
         288            4           0.516         2304          288
         288            8           0.488         4608          576
         288           16           0.549         9216         1152
         288           32           0.708        18432         2304
         288           64           0.711        36864         4608
         288          128           0.935        73728         9216
         288          256           1.201       147456        18432
         288          512           2.278       294912        36864
         288         1024           3.923       589824        73728
         288         2048           7.524      1179648       147456
         288         4096          14.839      2359296       294912
         288         8192          29.138      4718592       589824
         288        16384          57.827      9437184      1179648
         288        32768         115.276     18874368      2359296
         288        65536         249.460     37748736      4718592
         336            1           1.059          672           84
         336            2           0.254         1344          168
         336            4           0.592         2688          336
         336            8           0.585         5376          672
         336           16           0.756        10752         1344
         336           32           0.572        21504         2688
         336           64           0.767        43008         5376
         336          128           0.992        86016        10752
         336          256           1.642       172032        21504
         336          512           9.823       344064        43008
         336         1024          14.907       688128        86016
         336         2048          10.668      1376256       172032
         336         4096          20.846      2752512       344064
         336         8192          41.590      5505024       688128
         336        16384          83.244     11010048      1376256
         336        32768         162.833     22020096      2752512
         336        65536         299.509     44040192      5505024
         384            1           0.878          768           96
         384            2           0.328         1536          192
         384            4           0.557         3072          384
         384            8           0.574         6144          768
         384           16           0.573        12288         1536
         384           32           0.543        24576         3072
         384           64           0.861        49152         6144
         384          128           0.968        98304        12288
         384          256           1.434       196608        24576
         384          512           3.248       393216        49152
         384         1024           5.830       786432        98304
         384         2048          11.102      1572864       196608
         384         4096          18.485      3145728       393216
         384         8192          32.835      6291456       786432
         384        16384          65.642     12582912      1572864
         384        32768         139.134     25165824      3145728
         384        65536         262.323     50331648      6291456
         432            1           0.597          864          108
         432            2           0.400         1728          216
         432            4           0.693         3456          432
         432            8           0.755         6912          864
         432           16           0.617        13824         1728
         432           32           0.793        27648         3456
         432           64           0.867        55296         6912
         432          128           0.920       110592        13824
         432          256           1.454       221184        27648
         432          512           2.599       442368        55296
         432         1024           4.615       884736       110592
         432         2048           8.882      1769472       221184
         432         4096          16.958      3538944       442368
         432         8192          35.563      7077888       884736
         432        16384          66.920     14155776      1769472
         432        32768         141.516     28311552      3538944
         432        65536         174.729     56623104      7077888
         480            1           0.366          960          120
         480            2           0.391         1920          240
         480            4           0.408         3840          480
         480            8           0.619         7680          960
         480           16           0.599        15360         1920
         480           32           0.584        30720         3840
         480           64           0.789        61440         7680
         480          128           0.688       122880        15360
         480          256           1.097       245760        30720
         480          512           1.785       491520        61440
         480         1024           3.585       983040       122880
         480         2048           5.538      1966080       245760
         480         4096          11.920      3932160       491520
         480         8192          20.615      7864320       983040
         480        16384          41.385     15728640      1966080
         480        32768          96.190     31457280      3932160
         528            1           0.211         1056          132
         528            2           0.477         2112          264
         528            4           0.657         4224          528
         528            8           0.513         8448         1056
         528           16           0.607        16896         2112
         528           32           0.735        33792         4224
         528           64           0.793        67584         8448
         528          128           1.324       135168        16896
         528          256           2.078       270336        33792
         528          512           1.897       540672        67584
         528         1024           3.536      1081344       135168
         528         2048           6.811      2162688       270336
         528         4096          12.765      4325376       540672
         528         8192          21.709      8650752      1081344
         528        16384          47.214     17301504      2162688
         528        32768          90.997     34603008      4325376
         576            1           0.410         1152          144
         576            2           0.675         2304          288
         576            4           0.704         4608          576
         576            8           0.633         9216         1152
         576           16           0.571        18432         2304
         576           32           0.801        36864         4608
         576           64           0.758        73728         9216
         576          128           0.904       147456        18432
         576          256           1.157       294912        36864
         576          512           1.572       589824        73728
         576         1024           2.895      1179648       147456
         576         2048           5.465      2359296       294912
         576         4096          10.308      4718592       589824
         576         8192          22.678      9437184      1179648
         576        16384          40.559     18874368      2359296
         576        32768          80.929     37748736      4718592
         624            1           0.236         1248          156
         624            2           0.557         2496          312
         624            4           0.662         4992          624
         624            8           0.550         9984         1248
         624           16           0.738        19968         2496
         624           32           0.700        39936         4992
         624           64           0.766        79872         9984
         624          128           0.827       159744        19968
         624          256           1.145       319488        39936
         624          512           1.726       638976        79872
         624         1024           2.931      1277952       159744
         624         2048           5.535      2555904       319488
         624         4096          10.509      5111808       638976
         624         8192          20.849     10223616      1277952
         624        16384          40.986     20447232      2555904
         624        32768          81.754     40894464      5111808
         672            1           0.302         1344          168
         672            2           0.475         2688          336
         672            4           0.525         5376          672
         672            8           0.589        10752         1344
         672           16           0.706        21504         2688
         672           32           0.674        43008         5376
         672           64           0.721        86016        10752
         672          128           0.823       172032        21504
         672          256           0.990       344064        43008
         672          512           1.643       688128        86016
         672         1024           3.099      1376256       172032
         672         2048           5.746      2752512       344064
         672         4096          11.878      5505024       688128
         672         8192          23.349     11010048      1376256
         672        16384          46.544     22020096      2752512
         672        32768          92.043     44040192      5505024
         720            1           0.305         1440          180
         720            2           0.558         2880          360
         720            4           0.579         5760          720
         720            8           0.661        11520         1440
         720           16           0.686        23040         2880
         720           32           0.643        46080         5760
         720           64           0.618        92160        11520
         720          128           0.859       184320        23040
         720          256           1.245       368640        46080
         720          512           2.004       737280        92160
         720         1024           3.750      1474560       184320
         720         2048           6.932      2949120       368640
         720         4096          13.413      5898240       737280
         720         8192          26.555     11796480      1474560
         720        16384          52.797     23592960      2949120
         720        32768         105.184     47185920      5898240
         768            1           0.492         1536          192
         768            2           0.485         3072          384
         768            4           0.514         6144          768
         768            8           0.533        12288         1536
         768           16           0.616        24576         3072
         768           32           0.661        49152         6144
         768           64           0.746        98304        12288
         768          128           0.707       196608        24576
         768          256           0.993       393216        49152
         768          512           1.594       786432        98304
         768         1024           3.080      1572864       196608
         768         2048           5.606      3145728       393216
         768         4096          10.555      6291456       786432
         768         8192          20.823     12582912      1572864
         768        16384          41.043     25165824      3145728
         768        32768          81.195     50331648      6291456
         816            1           0.317         1632          204
         816            2           0.700         3264          408
         816            4           0.576         6528          816
         816            8           0.617        13056         1632
         816           16           0.626        26112         3264
         816           32           0.625        52224         6528
         816           64           0.660       104448        13056
         816          128           0.782       208896        26112
         816          256           1.087       417792        52224
         816          512           1.913       835584       104448
         816         1024           3.019      1671168       208896
         816         2048           5.729      3342336       417792
         816         4096          11.100      6684672       835584
         816         8192          21.548     13369344      1671168
         816        16384          43.170     26738688      3342336
         816        32768          85.392     53477376      6684672
         864            1           0.490         1728          216
         864            2           0.546         3456          432
         864            4           0.735         6912          864
         864            8           0.625        13824         1728
         864           16           0.780        27648         3456
         864           32           0.776        55296         6912
         864           64           1.049       110592        13824
         864          128           1.281       221184        27648
         864          256           2.455       442368        55296
         864          512           4.201       884736       110592
         864         1024           7.952      1769472       221184
         864         2048          17.219      3538944       442368
         864         4096          23.725      7077888       884736
         864         8192          23.944     14155776      1769472
         864        16384          47.618     28311552      3538944
         864        32768          95.336     56623104      7077888
         912            1           0.287         1824          228
         912            2           0.519         3648          456
         912            4           0.648         7296          912
         912            8           0.644        14592         1824
         912           16           0.782        29184         3648
         912           32           0.667        58368         7296
         912           64           0.652       116736        14592
         912          128           0.892       233472        29184
         912          256           1.250       466944        58368
         912          512           2.100       933888       116736
         912         1024           4.051      1867776       233472
         912         2048           7.944      3735552       466944
         912         4096          15.280      7471104       933888
         912         8192          30.464     14942208      1867776
         912        16384          59.850     29884416      3735552
         912        32768         119.868     59768832      7471104
         960            1           0.787         1920          240
         960            2           0.423         3840          480
         960            4           0.628         7680          960
         960            8           0.589        15360         1920
         960           16           0.562        30720         3840
         960           32           0.598        61440         7680
         960           64           0.632       122880        15360
         960          128           0.854       245760        30720
         960          256           1.278       491520        61440
         960          512           1.936       983040       122880
         960         1024           3.446      1966080       245760
         960         2048           6.896      3932160       491520
         960         4096          12.172      7864320       983040
         960         8192          24.219     15728640      1966080
         960        16384          44.252     31457280      3932160
        1056            1           0.287         2112          264
        1056            2           0.665         4224          528
        1056            4           0.714         8448         1056
        1056            8           0.601        16896         2112
        1056           16           0.482        33792         4224
        1056           32           0.499        67584         8448
        1056           64           0.612       135168        16896
        1056          128           0.946       270336        33792
        1056          256           1.196       540672        67584
        1056          512           1.629      1081344       135168
        1056         1024           3.004      2162688       270336
        1056         2048           5.821      4325376       540672
        1056         4096          11.215      8650752      1081344
        1056         8192          22.097     17301504      2162688
        1056        16384          43.493     34603008      4325376
        1152            1           0.887         2304          288
        1152            2           0.387         4608          576
        1152            4           0.588         9216         1152
        1152            8           0.623        18432         2304
        1152           16           0.636        36864         4608
        1152           32           0.662        73728         9216
        1152           64           0.842       147456        18432
        1152          128           1.152       294912        36864
        1152          256           2.288       589824        73728
        1152          512           4.240      1179648       147456
        1152         1024           8.149      2359296       294912
        1152         2048          16.496      4718592       589824
        1152         4096          32.285      9437184      1179648
        1152         8192          64.963     18874368      2359296
        1152        16384         128.364     37748736      4718592
        1248            1           0.297         2496          312
        1248            2           0.475         4992          624
        1248            4           0.558         9984         1248
        1248            8           0.520        19968         2496
        1248           16           0.789        39936         4992
        1248           32           0.614        79872         9984
        1248           64           0.875       159744        19968
        1248          128           1.246       319488        39936
        1248          256           2.229       638976        79872
        1248          512           4.464      1277952       159744
        1248         1024           8.393      2555904       319488
        1248         2048          16.576      5111808       638976
        1248         4096          32.779     10223616      1277952
        1248         8192          65.106     20447232      2555904
        1248        16384         126.015     40894464      5111808
        1344            1           0.675         2688          336
        1344            2           0.539         5376          672
        1344            4           0.538        10752         1344
        1344            8           0.580        21504         2688
        1344           16           0.588        43008         5376
        1344           32           0.570        86016        10752
        1344           64           0.800       172032        21504
        1344          128           1.256       344064        43008
        1344          256           1.996       688128        86016
        1344          512           3.758      1376256       172032
        1344         1024           7.203      2752512       344064
        1344         2048          14.651      5505024       688128
        1344         4096          75.992     11010048      1376256
        1344         8192          57.655     22020096      2752512
        1344        16384         110.516     44040192      5505024
        1440            1           0.263         2880          360
        1440            2           0.413         5760          720
        1440            4           0.507        11520         1440
        1440            8           0.679        23040         2880
        1440           16           0.466        46080         5760
        1440           32           0.492        92160        11520
        1440           64           0.815       184320        23040
        1440          128           1.071       368640        46080
        1440          256           1.967       737280        92160
        1440          512           3.706      1474560       184320
        1440         1024           7.331      2949120       368640
        1440         2048          14.328      5898240       737280
        1440         4096          28.284     11796480      1474560
        1440         8192          56.578     23592960      2949120
        1440        16384         112.538     47185920      5898240
        1584            1           0.259         3168          396
        1584            2           0.636         6336          792
        1584            4           0.526        12672         1584
        1584            8           0.704        25344         3168
        1584           16           0.442        50688         6336
        1584           32           0.503       101376        12672
        1584           64           0.899       202752        25344
        1584          128           1.371       405504        50688
        1584          256           2.045       811008       101376
        1584          512           3.806      1622016       202752
        1584         1024           7.475      3244032       405504
        1584         2048          14.258      6488064       811008
        1584         4096          28.481     12976128      1622016
        1584         8192          55.825     25952256      3244032
        1584        16384         111.843     51904512      6488064
        1728            1           0.548         3456          432
        1728            2           0.327         6912          864
        1728            4           0.579        13824         1728
        1728            8           0.705        27648         3456
        1728           16           0.570        55296         6912
        1728           32           0.607       110592        13824
        1728           64           0.666       221184        27648
        1728          128           1.159       442368        55296
        1728          256           1.976       884736       110592
        1728          512           4.317      1769472       221184
        1728         1024           7.130      3538944       442368
        1728         2048          14.189      7077888       884736
        1728         4096          28.787     14155776      1769472
        1728         8192          55.819     28311552      3538944
        1728        16384         111.193     56623104      7077888
        1872            1           0.603         3744          468
        1872            2           0.583         7488          936
        1872            4           0.445        14976         1872
        1872            8           0.540        29952         3744
        1872           16           0.513        59904         7488
        1872           32           0.699       119808        14976
        1872           64           0.885       239616        29952
        1872          128           1.481       479232        59904
        1872          256           2.927       958464       119808
        1872          512           5.600      1916928       239616
        1872         1024          10.785      3833856       479232
        1872         2048          14.440      7667712       958464
        1872         4096          28.997     15335424      1916928
        1872         8192          57.240     30670848      3833856
        1872        16384         114.440     61341696      7667712
        2016            1           0.258         4032          504
        2016            2           0.529         8064         1008
        2016            4           0.736        16128         2016
        2016            8           0.709        32256         4032
        2016           16           0.684        64512         8064
        2016           32           0.590       129024        16128
        2016           64           0.734       258048        32256
        2016          128           1.218       516096        64512
        2016          256           2.060      1032192       129024
        2016          512           3.855      2064384       258048
        2016         1024           7.428      4128768       516096
        2016         2048          14.381      8257536      1032192
        2016         4096          28.548     16515072      2064384
        2016         8192          56.571     33030144      4128768
        2208            1           0.377         4416          552
        2208            2           0.517         8832         1104
        2208            4           0.644        17664         2208
        2208            8           0.533        35328         4416
        2208           16           0.566        70656         8832
        2208           32           0.788       141312        17664
        2208           64           0.964       282624        35328
        2208          128           1.189       565248        70656
        2208          256           1.949      1130496       141312
        2208          512           4.575      2260992       282624
        2208         1024           7.524      4521984       565248
        2208         2048          14.139      9043968      1130496
        2208         4096          27.941     18087936      2260992
        2208         8192          55.761     36175872      4521984
        2400            1           0.268         4800          600
        2400            2           0.516         9600         1200
        2400            4           0.540        19200         2400
        2400            8           0.604        38400         4800
        2400           16           0.623        76800         9600
        2400           32           0.608       153600        19200
        2400           64           0.693       307200        38400
        2400          128           1.147       614400        76800
        2400          256           2.043      1228800       153600
        2400          512           4.005      2457600       307200
        2400         1024           7.392      4915200       614400
        2400         2048          14.508      9830400      1228800
        2400         4096          28.901     19660800      2457600
        2400         8192          57.504     39321600      4915200
        2640            1           0.263         5280          660
        2640            2           0.468        10560         1320
        2640            4           0.473        21120         2640
        2640            8           0.642        42240         5280
        2640           16           0.532        84480        10560
        2640           32           0.684       168960        21120
        2640           64           0.838       337920        42240
        2640          128           1.123       675840        84480
        2640          256           2.097      1351680       168960
        2640          512           3.969      2703360       337920
        2640         1024           7.311      5406720       675840
        2640         2048          14.578     10813440      1351680
        2640         4096          28.561     21626880      2703360
        2640         8192          64.706     43253760      5406720
        2880            1           0.529         5760          720
        2880            2           0.668        11520         1440
        2880            4           0.500        23040         2880
        2880            8           0.673        46080         5760
        2880           16           0.610        92160        11520
        2880           32           0.620       184320        23040
        2880           64           0.789       368640        46080
        2880          128           1.177       737280        92160
        2880          256           2.034      1474560       184320
        2880          512           3.885      2949120       368640
        2880         1024           7.914      5898240       737280
        2880         2048          14.307     11796480      1474560
        2880         4096          30.971     23592960      2949120
        2880         8192          56.065     47185920      5898240
        3168            1           0.396         6336          792
        3168            2           0.405        12672         1584
        3168            4           0.441        25344         3168
        3168            8           0.606        50688         6336
        3168           16           0.690       101376        12672
        3168           32           0.696       202752        25344
        3168           64           1.174       405504        50688
        3168          128           1.290       811008       101376
        3168          256           2.200      1622016       202752
        3168          512           5.537      3244032       405504
        3168         1024           9.623      6488064       811008
        3168         2048          15.265     12976128      1622016
        3168         4096          29.250     25952256      3244032
        3168         8192          58.000     51904512      6488064
        3456            1           0.279         6912          864
        3456            2           0.504        13824         1728
        3456            4           0.492        27648         3456
        3456            8           0.576        55296         6912
        3456           16           0.622       110592        13824
        3456           32           0.569       221184        27648
        3456           64           0.845       442368        55296
        3456          128           1.190       884736       110592
        3456          256           2.048      1769472       221184
        3456          512           3.923      3538944       442368
        3456         1024           7.560      7077888       884736
        3456         2048          14.718     14155776      1769472
        3456         4096          29.008     28311552      3538944
        3456         8192          57.519     56623104      7077888
        3792            1           0.267         7584          948
        3792            2           0.549        15168         1896
        3792            4           0.721        30336         3792
        3792            8           0.672        60672         7584
        3792           16           0.759       121344        15168
        3792           32           0.700       242688        30336
        3792           64           0.848       485376        60672
        3792          128           1.461       970752       121344
        3792          256           2.309      1941504       242688
        3792          512           4.390      3883008       485376
        3792         1024           8.391      7766016       970752
        3792         2048          16.539     15532032      1941504
        3792         4096          32.509     31064064      3883008
        4128            1           0.496         8256         1032
        4128            2           0.528        16512         2064
        4128            4           0.670        33024         4128
        4128            8           0.543        66048         8256
        4128           16           0.563       132096        16512
        4128           32           0.739       264192        33024
        4128           64           0.991       528384        66048
        4128          128           1.549      1056768       132096
        4128          256           3.073      2113536       264192
        4128          512           5.804      4227072       528384
        4128         1024          11.443      8454144      1056768
        4128         2048          22.643     16908288      2113536
        4128         4096          45.137     33816576      4227072
        4512            1           0.337         9024         1128
        4512            2           0.701        18048         2256
        4512            4           0.592        36096         4512
        4512            8           0.638        72192         9024
        4512           16           0.628       144384        18048
        4512           32           0.688       288768        36096
        4512           64           0.904       577536        72192
        4512          128           1.400      1155072       144384
        4512          256           2.776      2310144       288768
        4512          512           5.463      4620288       577536
        4512         1024           9.843      9240576      1155072
        4512         2048          19.562     18481152      2310144
        4512         4096          39.139     36962304      4620288
        4944            1           0.796         9888         1236
        4944            2           0.474        19776         2472
        4944            4           0.631        39552         4944
        4944            8           0.602        79104         9888
        4944           16           0.721       158208        19776
        4944           32           0.754       316416        39552
        4944           64           1.017       632832        79104
        4944          128           1.796      1265664       158208
        4944          256           3.242      2531328       316416
        4944          512           6.276      5062656       632832
        4944         1024          12.100     10125312      1265664
        4944         2048          23.725     20250624      2531328
        4944         4096          47.211     40501248      5062656
        5424            1           0.373        10848         1356
        5424            2           0.526        21696         2712
        5424            4           0.653        43392         5424
        5424            8           0.555        86784        10848
        5424           16           0.698       173568        21696
        5424           32           0.783       347136        43392
        5424           64           1.081       694272        86784
        5424          128           1.788      1388544       173568
        5424          256           3.295      2777088       347136
        5424          512           6.490      5554176       694272
        5424         1024          13.167     11108352      1388544
        5424         2048          24.295     22216704      2777088
        5424         4096          48.284     44433408      5554176
        5952            1           0.353        11904         1488
        5952            2           0.550        23808         2976
        5952            4           0.663        47616         5952
        5952            8           0.633        95232        11904
        5952           16           0.540       190464        23808
        5952           32           0.827       380928        47616
        5952           64           1.094       761856        95232
        5952          128           1.878      1523712       190464
        5952          256           3.391      3047424       380928
        5952          512           6.691      6094848       761856
        5952         1024          13.024     12189696      1523712
        5952         2048          25.779     24379392      3047424
        5952         4096          50.701     48758784      6094848
        6528            1           0.513        13056         1632
        6528            2           0.789        26112         3264
        6528            4           0.642        52224         6528
        6528            8           0.565       104448        13056
        6528           16           0.673       208896        26112
        6528           32           0.997       417792        52224
        6528           64           1.483       835584       104448
        6528          128           2.734      1671168       208896
        6528          256           5.089      3342336       417792
        6528          512           9.869      6684672       835584
        6528         1024          19.262     13369344      1671168
        6528         2048          38.520     26738688      3342336
        6528         4096          76.386     53477376      6684672
        7152            1           0.452        14304         1788
        7152            2           0.758        28608         3576
        7152            4           0.621        57216         7152
        7152            8           0.671       114432        14304
        7152           16           0.667       228864        28608
        7152           32           0.962       457728        57216
        7152           64           1.061       915456       114432
        7152          128           1.832      1830912       228864
        7152          256           3.492      3661824       457728
        7152          512           6.437      7323648       915456
        7152         1024          12.638     14647296      1830912
        7152         2048          24.979     29294592      3661824
        7152         4096          49.625     58589184      7323648
        7824            1           0.313        15648         1956
        7824            2           0.528        31296         3912
        7824            4           0.676        62592         7824
        7824            8           0.781       125184        15648
        7824           16           0.895       250368        31296
        7824           32           1.042       500736        62592
        7824           64           1.352      1001472       125184
        7824          128           2.354      2002944       250368
        7824          256           3.919      4005888       500736
        7824          512           7.756      8011776      1001472
        7824         1024          15.020     16023552      2002944
        7824         2048          29.897     32047104      4005888
        8592            1           0.369        17184         2148
        8592            2           0.418        34368         4296
        8592            4           0.509        68736         8592
        8592            8           0.646       137472        17184
        8592           16           0.762       274944        34368
        8592           32           0.999       549888        68736
        8592           64           1.472      1099776       137472
        8592          128           2.341      2199552       274944
        8592          256           4.192      4399104       549888
        8592          512           8.188      8798208      1099776
        8592         1024          15.771     17596416      2199552
        8592         2048          31.624     35192832      4399104
        9408            1           1.464        18816         2352
        9408            2           0.499        37632         4704
        9408            4           0.652        75264         9408
        9408            8           0.586       150528        18816
        9408           16           0.770       301056        37632
        9408           32           1.067       602112        75264
        9408           64           1.542      1204224       150528
        9408          128           3.239      2408448       301056
        9408          256           6.046      4816896       602112
        9408          512          11.445      9633792      1204224
        9408         1024          23.060     19267584      2408448
        9408         2048          45.592     38535168      4816896
       10320            1           1.321        20640         2580
       10320            2           0.560        41280         5160
       10320            4           0.741        82560        10320
       10320            8           0.805       165120        20640
       10320           16          10.788       330240        41280
       10320           32           2.214       660480        82560
       10320           64           3.619      1320960       165120
       10320          128           7.051      2641920       330240
       10320          256          20.577      5283840       660480
       10320          512          35.209     10567680      1320960
       10320         1024          28.646     21135360      2641920
       10320         2048          47.457     42270720      5283840
       11328            1           0.985        22656         2832
       11328            2           0.723        45312         5664
       11328            4           0.626        90624        11328
       11328            8           0.702       181248        22656
       11328           16           0.682       362496        45312
       11328           32           1.122       724992        90624
       11328           64           1.622      1449984       181248
       11328          128           3.509      2899968       362496
       11328          256           6.875      5799936       724992
       11328          512          13.235     11599872      1449984
       11328         1024          22.143     23199744      2899968
       11328         2048          54.862     46399488      5799936
       12432            1           0.871        24864         3108
       12432            2           0.646        49728         6216
       12432            4           0.739        99456        12432
       12432            8           0.747       198912        24864
       12432           16           0.812       397824        49728
       12432           32           1.149       795648        99456
       12432           64           2.520      1591296       198912
       12432          128           4.364      3182592       397824
       12432          256           7.602      6365184       795648
       12432          512          13.425     12730368      1591296
       12432         1024          27.043     25460736      3182592
       12432         2048          55.237     50921472      6365184
       13632            1           1.351        27264         3408
       13632            2           0.526        54528         6816
       13632            4           0.686       109056        13632
       13632            8           0.654       218112        27264
       13632           16           0.849       436224        54528
       13632           32           1.193       872448       109056
       13632           64           2.079      1744896       218112
       13632          128           3.984      3489792       436224
       13632          256           7.585      6979584       872448
       13632          512          16.307     13959168      1744896
       13632         1024          27.648     27918336      3489792
       13632         2048          56.175     55836672      6979584
       14976            1           0.656        29952         3744
       14976            2           0.474        59904         7488
       14976            4           0.647       119808        14976
       14976            8           0.821       239616        29952
       14976           16           1.011       479232        59904
       14976           32           1.686       958464       119808
       14976           64           2.899      1916928       239616
       14976          128           5.032      3833856       479232
       14976          256           8.807      7667712       958464
       14976          512          19.978     15335424      1916928
       14976         1024          34.877     30670848      3833856
       14976         2048          58.478     61341696      7667712
       16464            1           0.856        32928         4116
       16464            2           0.506        65856         8232
       16464            4           0.691       131712        16464
       16464            8           0.763       263424        32928
       16464           16           1.127       526848        65856
       16464           32           1.599      1053696       131712
       16464           64           2.362      2107392       263424
       16464          128           4.679      4214784       526848
       16464          256           9.270      8429568      1053696
       16464          512          18.064     16859136      2107392
       16464         1024          39.040     33718272      4214784
       18096            1           0.822        36192         4524
       18096            2           0.502        72384         9048
       18096            4           0.719       144768        18096
       18096            8           0.836       289536        36192
       18096           16           0.950       579072        72384
       18096           32           1.590      1158144       144768
       18096           64           2.638      2316288       289536
       18096          128           5.162      4632576       579072
       18096          256          11.596      9265152      1158144
       18096          512          18.461     18530304      2316288
       18096         1024          39.224     37060608      4632576
       19872            1           0.874        39744         4968
       19872            2           0.481        79488         9936
       19872            4           0.650       158976        19872
       19872            8           0.720       317952        39744
       19872           16           0.999       635904        79488
       19872           32           1.671      1271808       158976
       19872           64           3.046      2543616       317952
       19872          128           5.579      5087232       635904
       19872          256          11.884     10174464      1271808
       19872          512          22.908     20348928      2543616
       19872         1024          44.445     40697856      5087232
       21840            1           1.078        43680         5460
       21840            2           0.370        87360        10920
       21840            4           0.786       174720        21840
       21840            8           0.948       349440        43680
       21840           16           1.154       698880        87360
       21840           32           1.922      1397760       174720
       21840           64           3.249      2795520       349440
       21840          128           5.826      5591040       698880
       21840          256          11.382     11182080      1397760
       21840          512          24.092     22364160      2795520
       21840         1024          52.272     44728320      5591040
       24000            1           0.641        48000         6000
       24000            2           0.682        96000        12000
       24000            4           0.730       192000        24000
       24000            8           0.824       384000        48000
       24000           16           1.386       768000        96000
       24000           32           1.960      1536000       192000
       24000           64           3.521      3072000       384000
       24000          128           6.451      6144000       768000
       24000          256          12.769     12288000      1536000
       24000          512          26.330     24576000      3072000
       24000         1024          58.526     49152000      6144000
       26400            1           1.716        52800         6600
       26400            2           0.451       105600        13200
       26400            4           0.765       211200        26400
       26400            8           0.938       422400        52800
       26400           16           1.244       844800       105600
       26400           32           1.945      1689600       211200
       26400           64           3.702      3379200       422400
       26400          128           6.902      6758400       844800
       26400          256          13.635     13516800      1689600
       26400          512          27.394     27033600      3379200
       26400         1024          57.335     54067200      6758400
       29040            1           1.958        58080         7260
       29040            2           0.453       116160        14520
       29040            4           0.829       232320        29040
       29040            8           0.967       464640        58080
       29040           16           1.339       929280       116160
       29040           32           2.139      1858560       232320
       29040           64           4.232      3717120       464640
       29040          128           7.827      7434240       929280
       29040          256          16.792     14868480      1858560
       29040          512          32.042     29736960      3717120
       29040         1024          70.138     59473920      7434240
       31920            1           2.086        63840         7980
       31920            2           0.474       127680        15960
       31920            4           0.795       255360        31920
       31920            8           1.043       510720        63840
       31920           16           1.559      1021440       127680
       31920           32           2.609      2042880       255360
       31920           64           5.038      4085760       510720
       31920          128           9.140      8171520      1021440
       31920          256          16.297     16343040      2042880
       31920          512          33.434     32686080      4085760
       35088            1           2.117        70176         8772
       35088            2           0.715       140352        17544
       35088            4           0.788       280704        35088
       35088            8           1.095       561408        70176
       35088           16           2.247      1122816       140352
       35088           32           3.428      2245632       280704
       35088           64           6.014      4491264       561408
       35088          128          10.393      8982528      1122816
       35088          256          20.315     17965056      2245632
       35088          512          40.803     35930112      4491264
       38592            1           1.648        77184         9648
       38592            2           0.660       154368        19296
       38592            4           0.775       308736        38592
       38592            8           1.077       617472        77184
       38592           16           1.769      1234944       154368
       38592           32           3.279      2469888       308736
       38592           64           6.205      4939776       617472
       38592          128          11.727      9879552      1234944
       38592          256          22.686     19759104      2469888
       38592          512          44.149     39518208      4939776
       42432            1           1.538        84864        10608
       42432            2           1.016       169728        21216
       42432            4           0.957       339456        42432
       42432            8           1.719       678912        84864
       42432           16           2.216      1357824       169728
       42432           32           3.977      2715648       339456
       42432           64           7.328      5431296       678912
       42432          128          13.312     10862592      1357824
       42432          256          35.535     21725184      2715648
       42432          512          50.376     43450368      5431296
       46656            1           0.977        93312        11664
       46656            2           1.239       186624        23328
       46656            4           1.939       373248        46656
       46656            8           2.956       746496        93312
       46656           16           4.542      1492992       186624
       46656           32          15.570      2985984       373248
       46656           64          15.953      5971968       746496
       46656          128          22.396     11943936      1492992
       46656          256          26.099     23887872      2985984
       46656          512          51.449     47775744      5971968
       51312            1           1.366       102624        12828
       51312            2           1.063       205248        25656
       51312            4           1.479       410496        51312
       51312            8           1.629       820992       102624
       51312           16           2.961      1641984       205248
       51312           32           4.994      3283968       410496
       51312           64           7.582      6567936       820992
       51312          128          17.216     13135872      1641984
       51312          256          30.365     26271744      3283968
       51312          512          62.337     52543488      6567936
       56400            1           1.437       112800        14100
       56400            2           0.829       225600        28200
       56400            4           1.508       451200        56400
       56400            8           1.924       902400       112800
       56400           16           2.804      1804800       225600
       56400           32           4.268      3609600       451200
       56400           64          10.577      7219200       902400
       56400          128          17.662     14438400      1804800
       56400          256          36.049     28876800      3609600
       56400          512          68.389     57753600      7219200
       62016            1           1.371       124032        15504
       62016            2           1.266       248064        31008
       62016            4           1.571       496128        62016
       62016            8           2.904       992256       124032
       62016           16           2.858      1984512       248064
       62016           32           4.658      3969024       496128
       62016           64          11.410      7938048       992256
       62016          128          20.036     15876096      1984512
       62016          256          39.704     31752192      3969024
       68208            1           1.042       136416        17052
       68208            2           3.119       272832        34104
       68208            4           4.518       545664        68208
       68208            8           6.997      1091328       136416
       68208           16           5.945      2182656       272832
       68208           32          11.027      4365312       545664
       68208           64          18.339      8730624      1091328
       68208          128          34.270     17461248      2182656
       68208          256          61.515     34922496      4365312
       75024            1           1.459       150048        18756
       75024            2           1.733       300096        37512
       75024            4           2.567       600192        75024
       75024            8           3.939      1200384       150048
       75024           16           6.901      2400768       300096
       75024           32          12.591      4801536       600192
       75024           64          23.717      9603072      1200384
       75024          128          26.837     19206144      2400768
       75024          256          44.018     38412288      4801536
       82512            1           1.776       165024        20628
       82512            2           0.708       330048        41256
       82512            4           1.159       660096        82512
       82512            8           1.672      1320192       165024
       82512           16           2.677      2640384       330048
       82512           32           4.497      5280768       660096
       82512           64           8.194     10561536      1320192
       82512          128          15.700     21123072      2640384
       82512          256          31.812     42246144      5280768
       90720            1           2.937       181440        22680
       90720            2           2.219       362880        45360
       90720            4           1.702       725760        90720
       90720            8           3.836      1451520       181440
       90720           16           3.834      2903040       362880
       90720           32           4.843      5806080       725760
       90720           64           8.985     11612160      1451520
       90720          128          17.268     23224320      2903040
       90720          256          33.860     46448640      5806080
       99792            1           1.556       199584        24948
       99792            2           1.058       399168        49896
       99792            4           1.260       798336        99792
       99792            8           1.774      1596672       199584
       99792           16           2.980      3193344       399168
       99792           32           5.275      6386688       798336
       99792           64           9.871     12773376      1596672
       99792          128          18.976     25546752      3193344
       99792          256          57.780     51093504      6386688
      109728            1           1.946       219456        27432
      109728            2           0.952       438912        54864
      109728            4           1.413       877824       109728
      109728            8           1.933      1755648       219456
      109728           16           3.135      3511296       438912
      109728           32           5.635      7022592       877824
      109728           64          10.755     14045184      1755648
      109728          128          21.048     28090368      3511296
      109728          256          41.346     56180736      7022592
      120672            1           2.006       241344        30168
      120672            2           2.372       482688        60336
      120672            4           2.901       965376       120672
      120672            8           5.570      1930752       241344
      120672           16           9.121      3861504       482688
      120672           32          14.661      7723008       965376
      120672           64          11.712     15446016      1930752
      120672          128          22.641     30892032      3861504
      120672          256          44.631     61784064      7723008
      132720            1           2.224       265440        33180
      132720            2           1.165       530880        66360
      132720            4           1.423      1061760       132720
      132720            8           2.273      2123520       265440
      132720           16           3.870      4247040       530880
      132720           32           6.773      8494080      1061760
      132720           64          12.810     16988160      2123520
      132720          128          25.378     33976320      4247040
      145968            1           2.034       291936        36492
      145968            2           1.237       583872        72984
      145968            4           1.558      1167744       145968
      145968            8           2.376      2335488       291936
      145968           16           3.947      4670976       583872
      145968           32           7.497      9341952      1167744
      145968           64          14.025     18683904      2335488
      145968          128          27.366     37367808      4670976
      160560            1           3.897       321120        40140
      160560            2           2.160       642240        80280
      160560            4           3.192      1284480       160560
      160560            8           3.290      2568960       321120
      160560           16           5.431      5137920       642240
      160560           32          10.366     10275840      1284480
      160560           64          17.698     20551680      2568960
      160560          128          29.990     41103360      5137920
      176592            1           4.238       353184        44148
      176592            2           1.800       706368        88296
      176592            4           2.551      1412736       176592
      176592            8           4.160      2825472       353184
      176592           16           6.739      5650944       706368
      176592           32          12.533     11301888      1412736
      176592           64          24.077     22603776      2825472
      176592          128          43.928     45207552      5650944
      194208            1           3.102       388416        48552
      194208            2           1.470       776832        97104
      194208            4           2.695      1553664       194208
      194208            8           4.611      3107328       388416
      194208           16           8.284      6214656       776832
      194208           32          15.489     12429312      1553664
      194208           64          30.276     24858624      3107328
      194208          128          60.118     49717248      6214656
      213600            1           2.913       427200        53400
      213600            2           1.895       854400       106800
      213600            4           3.052      1708800       213600
      213600            8           5.289      3417600       427200
      213600           16           9.696      6835200       854400
      213600           32          18.427     13670400      1708800
      213600           64          35.915     27340800      3417600
      213600          128          70.985     54681600      6835200
      234960            1           3.832       469920        58740
      234960            2           2.104       939840       117480
      234960            4           3.470      1879680       234960
      234960            8           5.969      3759360       469920
      234960           16          10.996      7518720       939840
      234960           32          21.032     15037440      1879680
      234960           64          41.165     30074880      3759360
      234960          128          81.791     60149760      7518720
      258432            1           3.400       516864        64608
      258432            2           2.403      1033728       129216
      258432            4           4.138      2067456       258432
      258432            8           6.655      4134912       516864
      258432           16          12.412      8269824      1033728
      258432           32          23.993     16539648      2067456
      258432           64          46.650     33079296      4134912
      284256            1           9.720       568512        71064
      284256            2           5.423      1137024       142128
      284256            4           9.996      2274048       284256
      284256            8          16.341      4548096       568512
      284256           16          31.173      9096192      1137024
      284256           32          61.067     18192384      2274048
      284256           64         115.955     36384768      4548096
      312672            1           7.750       625344        78168
      312672            2           7.750      1250688       156336
      312672            4           5.914      2501376       312672
      312672            8          10.158      5002752       625344
      312672           16          26.613     10005504      1250688
      312672           32          33.559     20011008      2501376
      312672           64          65.734     40022016      5002752
      343920            1           6.382       687840        85980
      343920            2           2.802      1375680       171960
      343920            4           4.135      2751360       343920
      343920            8           7.231      5502720       687840
      343920           16          13.630     11005440      1375680
      343920           32          26.210     22010880      2751360
      343920           64          51.257     44021760      5502720
      378288            1           6.504       756576        94572
      378288            2           2.871      1513152       189144
      378288            4           4.623      3026304       378288
      378288            8           8.029      6052608       756576
      378288           16          14.885     12105216      1513152
      378288           32          28.590     24210432      3026304
      378288           64          56.506     48420864      6052608
      416112            1           7.976       832224       104028
      416112            2           2.982      1664448       208056
      416112            4           4.870      3328896       416112
      416112            8           9.313      6657792       832224
      416112           16          20.329     13315584      1664448
      416112           32          31.745     26631168      3328896
      416112           64          62.141     53262336      6657792
      457680            1           7.131       915360       114420
      457680            2           3.310      1830720       228840
      457680            4           5.572      3661440       457680
      457680            8           9.705      7322880       915360
      457680           16          18.186     14645760      1830720
      457680           32          34.892     29291520      3661440
      457680           64          69.067     58583040      7322880
      503424            1           7.220      1006848       125856
      503424            2           3.573      2013696       251712
      503424            4           5.763      4027392       503424
      503424            8          10.584      8054784      1006848
      503424           16          19.758     16109568      2013696
      503424           32          38.251     32219136      4027392
      553728            1           8.713      1107456       138432
      553728            2           8.772      2214912       276864
      553728            4           6.443      4429824       553728
      553728            8          18.124      8859648      1107456
      553728           16          21.919     17719296      2214912
      553728           32          54.805     35438592      4429824
      609072            1          10.435      1218144       152268
      609072            2           5.048      2436288       304536
      609072            4          13.511      4872576       609072
      609072            8          14.606      9745152      1218144
      609072           16          31.451     19490304      2436288
      609072           32          54.161     38980608      4872576
      669936            1          10.599      1339872       167484
      669936            2           5.730      2679744       334968
      669936            4          14.594      5359488       669936
      669936            8          15.754     10718976      1339872
      669936           16          32.874     21437952      2679744
      669936           32          62.578     42875904      5359488
      736896            1          16.331      1473792       184224
      736896            2           6.007      2947584       368448
      736896            4           9.966      5895168       736896
      736896            8          23.103     11790336      1473792
      736896           16          35.798     23580672      2947584
      736896           32         263.596     47161344      5895168
      810576            1          14.848      1621152       202644
      810576            2           8.939      3242304       405288
      810576            4          18.883      6484608       810576
      810576            8          20.110     12969216      1621152
      810576           16          38.304     25938432      3242304
      810576           32          72.126     51876864      6484608
      891600            1          21.539      1783200       222900
      891600            2           7.819      3566400       445800
      891600            4          22.668      7132800       891600
      891600            8          38.642     14265600      1783200
      891600           16          65.958     28531200      3566400
      891600           32         131.347     57062400      7132800
      980736            1          19.830      1961472       245184
      980736            2          13.957      3922944       490368
      980736            4          24.097      7845888       980736
      980736            8          40.082     15691776      1961472
      980736           16          71.477     31383552      3922944
     1078800            1          24.989      2157600       269700
     1078800            2          10.105      4315200       539400
     1078800            4          24.305      8630400      1078800
     1078800            8          51.811     17260800      2157600
     1078800           16          84.156     34521600      4315200
     1186656            1          48.262      2373312       296664
     1186656            2          27.600      4746624       593328
     1186656            4          33.204      9493248      1186656
     1186656            8          62.474     18986496      2373312
     1186656           16         121.446     37972992      4746624
     1305312            1          21.625      2610624       326328
     1305312            2          12.397      5221248       652656
     1305312            4          19.719     10442496      1305312
     1305312            8          36.999     20884992      2610624
     1305312           16          68.528     41769984      5221248
     1435824            1          32.168      2871648       358956
     1435824            2          16.837      5743296       717912
     1435824            4          24.181     11486592      1435824
     1435824            8          42.927     22973184      2871648
     1435824           16          78.335     45946368      5743296
     1579392            1          26.726      3158784       394848
     1579392            2          14.635      6317568       789696
     1579392            4          25.309     12635136      1579392
     1579392            8          55.926     25270272      3158784
     1579392           16          83.007     50540544      6317568
     1737312            1          34.268      3474624       434328
     1737312            2          23.388      6949248       868656
     1737312            4          24.573     13898496      1737312
     1737312            8          47.378     27796992      3474624
     1737312           16          90.334     55593984      6949248
     1911024            1          28.543      3822048       477756
     1911024            2          16.530      7644096       955512
     1911024            4          28.488     15288192      1911024
     1911024            8          52.144     30576384      3822048
     1911024           16          99.588     61152768      7644096
     2102112            1          28.558      4204224       525528
     2102112            2          17.973      8408448      1051056
     2102112            4          30.999     16816896      2102112
     2102112            8          57.061     33633792      4204224
     2312304            1          47.096      4624608       578076
     2312304            2          20.096      9249216      1156152
     2312304            4          33.952     18498432      2312304
     2312304            8          62.702     36996864      4624608
     2543520            1          34.482      5087040       635880
     2543520            2          21.541     10174080      1271760
     2543520            4          36.941     20348160      2543520
     2543520            8          67.908     40696320      5087040
     2797872            1          44.203      5595744       699468
     2797872            2          26.051     11191488      1398936
     2797872            4          40.940     22382976      2797872
     2797872            8          80.398     44765952      5595744
     3077616            1          60.767      6155232       769404
     3077616            2          85.035     12310464      1538808
     3077616            4         130.475     24620928      3077616
     3077616            8         209.046     49241856      6155232
     3385344            1          53.321      6770688       846336
     3385344            2          31.515     13541376      1692672
     3385344            4          50.778     27082752      3385344
     3385344            8          93.513     54165504      6770688
     3723840            1          58.333      7447680       930960
     3723840            2          38.589     14895360      1861920
     3723840            4          58.196     29790720      3723840
     3723840            8         102.675     59581440      7447680
     4096224            1          66.479      8192448      1024056
     4096224            2          63.199     16384896      2048112
     4096224            4          68.317     32769792      4096224
     4505808            1         144.159      9011616      1126452
     4505808            2          75.912     18023232      2252904
     4505808            4          77.417     36046464      4505808
     4956384            1          55.170      9912768      1239096
     4956384            2          42.172     19825536      2478192
     4956384            4          63.816     39651072      4956384
     5451984            1          75.533     10903968      1362996
     5451984            2          61.245     21807936      2725992
     5451984            4          85.477     43615872      5451984
     5997168            1         154.365     11994336      1499292
     5997168            2          78.055     23988672      2998584
     5997168            4         136.114     47977344      5997168
     6596880            1         114.620     13193760      1649220
     6596880            2         139.137     26387520      3298440
     6596880            4         206.577     52775040      6596880
     7256544            1          92.545     14513088      1814136
     7256544            2         155.147     29026176      3628272
     7256544            4         232.337     58052352      7256544
     7982160            1         209.693     15964320      1995540
     7982160            2         282.908     31928640      3991080
     8780352            1         164.818     17560704      2195088
     8780352            2         273.023     35121408      4390176
     9658368            1         146.595     19316736      2414592
     9658368            2         221.136     38633472      4829184
    10624176            1         136.603     21248352      2656044
    10624176            2         208.971     42496704      5312088
    11686560            1         160.313     23373120      2921640
    11686560            2         279.171     46746240      5843280
    12855216            1         185.860     25710432      3213804
    12855216            2         317.305     51420864      6427608
    14140704            1         188.900     28281408      3535176
    14140704            2         446.957     56562816      7070352
    15554736            1         169.817     31109472      3888684
    17110176            1         239.950     34220352      4277544
    18821184            1         243.469     37642368      4705296
    20703264            1         577.888     41406528      5175816
    22773552            1         332.544     45547104      5693388
    25050864            1         491.714     50101728      6262716
    27555936            1         518.558     55111872      6888984
    30311520            1         631.216     60623040      7577880

META_DATA
FLOPS          2
OPENMP_THREADS 6
ERT_VERSION  1.1.0
HOSTNAME  ('cirrus4.computing.clemson.edu', ['cirrus4'], ['127.0.1.1'])
UNAME  uname_result(system='Linux', node='cirrus4.computing.clemson.edu', release='5.4.0-81-generic', version='#91-Ubuntu SMP Thu Jul 15 19:09:17 UTC 2021', machine='x86_64', processor='x86_64')
TIMESTAMP_DATA  1632245405.1026986
CONFIG  {'ERT_RESULTS': ['Results.cs.clemson.edu'], 'ERT_DRIVER': ['driver1'], 'ERT_KERNEL': ['kernel1'], 'ERT_MPI': ['False'], 'ERT_MPI_CFLAGS': [], 'ERT_MPI_LDFLAGS': [], 'ERT_OPENMP': ['True'], 'ERT_OPENMP_CFLAGS': ['-fopenmp'], 'ERT_OPENMP_LDFLAGS': ['-fopenmp'], 'ERT_FLOPS': ['1,2,4'], 'ERT_ALIGN': ['32'], 'ERT_CC': ['g++'], 'ERT_CFLAGS': ['-O3', '-std=c++11', '-fstrict-aliasing', '-march=native'], 'ERT_LD': ['g++'], 'ERT_LDFLAGS': [], 'ERT_LDLIBS': [], 'ERT_PRECISION': ['FP64'], 'ERT_RUN': ['export', 'OMP_NUM_THREADS=ERT_OPENMP_THREADS;', 'export', 'OMP_PLACES=threads;', 'export', 'OMP_PROC_BIND=spread;', './ERT_CODE'], 'ERT_PROCS_THREADS': ['8'], 'ERT_MPI_PROCS': ['2,4,8'], 'ERT_OPENMP_THREADS': ['1-8'], 'ERT_NUM_EXPERIMENTS': ['5'], 'ERT_MEMORY_MAX': ['31000000'], 'ERT_WORKING_SET_MIN': ['1'], 'ERT_TRIALS_MIN': ['1'], 'ERT_GNUPLOT': ['gnuplot'], 'ERT_GPU': [False], 'ERT_HIP': [False], 'ERT_OCL': [False], 'ERT_SYCL': [False], 'ERT_WSS_MULT': [1.1]}
