fp64
          48            1           1.868           96           12
          48            2           0.753          192           24
          48            4           0.858          384           48
          48            8           1.033          768           96
          48           16           0.977         1536          192
          48           32           1.032         3072          384
          48           64           1.083         6144          768
          48          128           1.378        12288         1536
          48          256           2.388        24576         3072
          48          512           3.754        49152         6144
          48         1024           6.769        98304        12288
          48         2048          12.916       196608        24576
          48         4096          24.896       393216        49152
          48         8192          62.731       786432        98304
          48        16384          97.643      1572864       196608
          48        32768         194.131      3145728       393216
          48        65536         387.351      6291456       786432
          48       131072         773.777     12582912      1572864
          48       262144        1548.026     25165824      3145728
          48       524288        3105.232     50331648      6291456
          96            1           1.004          192           24
          96            2           0.868          384           48
          96            4           0.923          768           96
          96            8           0.850         1536          192
          96           16           0.901         3072          384
          96           32           0.871         6144          768
          96           64           1.036        12288         1536
          96          128           1.590        24576         3072
          96          256           2.282        49152         6144
          96          512           3.970        98304        12288
          96         1024           6.859       196608        24576
          96         2048          13.251       393216        49152
          96         4096          25.698       786432        98304
          96         8192          50.753      1572864       196608
          96        16384         100.713      3145728       393216
          96        32768         200.695      6291456       786432
          96        65536         400.850     12582912      1572864
          96       131072         834.205     25165824      3145728
          96       262144        1078.431     50331648      6291456
         144            1           0.387          288           36
         144            2           0.679          576           72
         144            4           0.676         1152          144
         144            8           0.631         2304          288
         144           16           0.707         4608          576
         144           32           0.652         9216         1152
         144           64           0.935        18432         2304
         144          128           1.039        36864         4608
         144          256           1.549        73728         9216
         144          512           2.587       147456        18432
         144         1024           4.739       294912        36864
         144         2048           9.244       589824        73728
         144         4096          18.124      1179648       147456
         144         8192          35.940      2359296       294912
         144        16384          83.272      4718592       589824
         144        32768         143.125      9437184      1179648
         144        65536         286.314     18874368      2359296
         144       131072         584.213     37748736      4718592
         192            1           1.547          384           48
         192            2           0.624          768           96
         192            4           0.813         1536          192
         192            8           0.846         3072          384
         192           16           0.851         6144          768
         192           32           0.704        12288         1536
         192           64           1.014        24576         3072
         192          128           1.083        49152         6144
         192          256           1.779        98304        12288
         192          512           2.676       196608        24576
         192         1024           4.869       393216        49152
         192         2048           9.342       786432        98304
         192         4096          18.306      1572864       196608
         192         8192          36.502      3145728       393216
         192        16384          72.176      6291456       786432
         192        32768         143.539     12582912      1572864
         192        65536         283.336     25165824      3145728
         192       131072         561.362     50331648      6291456
         240            1           1.044          480           60
         240            2           0.662          960          120
         240            4           0.436         1920          240
         240            8           0.598         3840          480
         240           16           0.590         7680          960
         240           32           0.720        15360         1920
         240           64           0.935        30720         3840
         240          128           1.097        61440         7680
         240          256           1.611       122880        15360
         240          512           2.796       245760        30720
         240         1024           4.718       491520        61440
         240         2048           8.779       983040       122880
         240         4096          17.151      1966080       245760
         240         8192          38.209      3932160       491520
         240        16384          75.155      7864320       983040
         240        32768         149.494     15728640      1966080
         240        65536         297.212     31457280      3932160
         288            1           0.816          576           72
         288            2           0.432         1152          144
         288            4           0.894         2304          288
         288            8           0.796         4608          576
         288           16           0.740         9216         1152
         288           32           0.806        18432         2304
         288           64           0.909        36864         4608
         288          128           1.222        73728         9216
         288          256           1.593       147456        18432
         288          512           2.528       294912        36864
         288         1024           5.191       589824        73728
         288         2048          10.085      1179648       147456
         288         4096          19.992      2359296       294912
         288         8192          38.419      4718592       589824
         288        16384          87.550      9437184      1179648
         288        32768         159.826     18874368      2359296
         288        65536         304.295     37748736      4718592
         336            1           0.718          672           84
         336            2           0.678         1344          168
         336            4           0.883         2688          336
         336            8           0.794         5376          672
         336           16           0.740        10752         1344
         336           32           0.943        21504         2688
         336           64           0.888        43008         5376
         336          128           1.214        86016        10752
         336          256           1.596       172032        21504
         336          512           2.957       344064        43008
         336         1024           6.080       688128        86016
         336         2048          10.678      1376256       172032
         336         4096          18.873      2752512       344064
         336         8192          34.738      5505024       688128
         336        16384          66.975     11010048      1376256
         336        32768         133.383     22020096      2752512
         336        65536         266.263     44040192      5505024
         384            1           1.155          768           96
         384            2           0.782         1536          192
         384            4           0.625         3072          384
         384            8           0.900         6144          768
         384           16           0.838        12288         1536
         384           32           0.858        24576         3072
         384           64           1.045        49152         6144
         384          128           1.049        98304        12288
         384          256           1.747       196608        24576
         384          512           2.802       393216        49152
         384         1024           5.046       786432        98304
         384         2048           9.122      1572864       196608
         384         4096          29.005      3145728       393216
         384         8192          40.953      6291456       786432
         384        16384          47.703     12582912      1572864
         384        32768          94.990     25165824      3145728
         384        65536         189.064     50331648      6291456
         432            1           0.328          864          108
         432            2           0.517         1728          216
         432            4           0.597         3456          432
         432            8           0.531         6912          864
         432           16           0.659        13824         1728
         432           32           0.549        27648         3456
         432           64           0.706        55296         6912
         432          128           1.000       110592        13824
         432          256           1.366       221184        27648
         432          512           2.112       442368        55296
         432         1024           3.547       884736       110592
         432         2048           6.328      1769472       221184
         432         4096          12.520      3538944       442368
         432         8192          24.339      7077888       884736
         432        16384          47.978     14155776      1769472
         432        32768         111.300     28311552      3538944
         432        65536         206.093     56623104      7077888
         480            1           0.314          960          120
         480            2           0.660         1920          240
         480            4           0.675         3840          480
         480            8           0.649         7680          960
         480           16           0.581        15360         1920
         480           32           0.675        30720         3840
         480           64           0.859        61440         7680
         480          128           1.071       122880        15360
         480          256           1.377       245760        30720
         480          512           1.924       491520        61440
         480         1024           3.687       983040       122880
         480         2048          17.507      1966080       245760
         480         4096          12.553      3932160       491520
         480         8192          24.204      7864320       983040
         480        16384          47.811     15728640      1966080
         480        32768          95.347     31457280      3932160
         528            1           0.265         1056          132
         528            2           0.637         2112          264
         528            4           0.826         4224          528
         528            8           0.537         8448         1056
         528           16           0.561        16896         2112
         528           32           0.734        33792         4224
         528           64           0.662        67584         8448
         528          128           0.900       135168        16896
         528          256           1.310       270336        33792
         528          512           1.856       540672        67584
         528         1024           3.457      1081344       135168
         528         2048           6.594      2162688       270336
         528         4096          12.325      4325376       540672
         528         8192          24.310      8650752      1081344
         528        16384          48.162     17301504      2162688
         528        32768          95.599     34603008      4325376
         576            1           0.473         1152          144
         576            2           0.682         2304          288
         576            4           0.742         4608          576
         576            8           0.627         9216         1152
         576           16           0.726        18432         2304
         576           32           0.708        36864         4608
         576           64           0.836        73728         9216
         576          128           0.860       147456        18432
         576          256           1.140       294912        36864
         576          512           2.101       589824        73728
         576         1024           3.644      1179648       147456
         576         2048           6.326      2359296       294912
         576         4096          12.320      4718592       589824
         576         8192          26.555      9437184      1179648
         576        16384          52.518     18874368      2359296
         576        32768          97.086     37748736      4718592
         624            1           0.291         1248          156
         624            2           0.625         2496          312
         624            4           0.653         4992          624
         624            8           0.609         9984         1248
         624           16           0.806        19968         2496
         624           32           0.621        39936         4992
         624           64           0.630        79872         9984
         624          128           0.889       159744        19968
         624          256           1.374       319488        39936
         624          512           1.963       638976        79872
         624         1024           3.392      1277952       159744
         624         2048           6.468      2555904       319488
         624         4096          12.520      5111808       638976
         624         8192          24.491     10223616      1277952
         624        16384          48.491     20447232      2555904
         624        32768          99.651     40894464      5111808
         672            1           1.759         1344          168
         672            2           0.530         2688          336
         672            4           0.693         5376          672
         672            8           0.741        10752         1344
         672           16           0.718        21504         2688
         672           32           0.671        43008         5376
         672           64           0.676        86016        10752
         672          128           1.151       172032        21504
         672          256           1.810       344064        43008
         672          512           2.608       688128        86016
         672         1024          18.397      1376256       172032
         672         2048          10.229      2752512       344064
         672         4096          24.526      5505024       688128
         672         8192          36.520     11010048      1376256
         672        16384          70.785     22020096      2752512
         672        32768         140.897     44040192      5505024
         720            1           0.981         1440          180
         720            2           0.612         2880          360
         720            4           0.632         5760          720
         720            8           0.552        11520         1440
         720           16           0.692        23040         2880
         720           32           0.820        46080         5760
         720           64           1.161        92160        11520
         720          128           1.908       184320        23040
         720          256           3.406       368640        46080
         720          512           7.242       737280        92160
         720         1024          15.440      1474560       184320
         720         2048           9.925      2949120       368640
         720         4096          17.108      5898240       737280
         720         8192          34.864     11796480      1474560
         720        16384          69.052     23592960      2949120
         720        32768         125.746     47185920      5898240
         768            1           0.629         1536          192
         768            2           0.580         3072          384
         768            4           0.797         6144          768
         768            8           0.659        12288         1536
         768           16           0.660        24576         3072
         768           32           0.828        49152         6144
         768           64           0.889        98304        12288
         768          128           0.869       196608        24576
         768          256           1.404       393216        49152
         768          512           1.916       786432        98304
         768         1024           3.458      1572864       196608
         768         2048           6.577      3145728       393216
         768         4096          13.679      6291456       786432
         768         8192          28.240     12582912      1572864
         768        16384          54.238     25165824      3145728
         768        32768         107.849     50331648      6291456
         816            1           1.246         1632          204
         816            2           0.665         3264          408
         816            4           0.685         6528          816
         816            8           0.642        13056         1632
         816           16           0.704        26112         3264
         816           32           0.626        52224         6528
         816           64           0.714       104448        13056
         816          128           0.787       208896        26112
         816          256           1.408       417792        52224
         816          512           2.409       835584       104448
         816         1024           4.102      1671168       208896
         816         2048           7.665      3342336       417792
         816         4096          14.520      6684672       835584
         816         8192          29.740     13369344      1671168
         816        16384          58.276     26738688      3342336
         816        32768         114.455     53477376      6684672
         864            1           0.267         1728          216
         864            2           0.509         3456          432
         864            4           0.709         6912          864
         864            8           0.652        13824         1728
         864           16           0.598        27648         3456
         864           32           0.781        55296         6912
         864           64           0.997       110592        13824
         864          128           1.067       221184        27648
         864          256           1.548       442368        55296
         864          512           2.568       884736       110592
         864         1024           4.915      1769472       221184
         864         2048           9.515      3538944       442368
         864         4096          16.994      7077888       884736
         864         8192          31.378     14155776      1769472
         864        16384          63.144     28311552      3538944
         864        32768         124.276     56623104      7077888
         912            1           0.336         1824          228
         912            2           0.701         3648          456
         912            4           0.757         7296          912
         912            8           0.604        14592         1824
         912           16           0.870        29184         3648
         912           32           0.644        58368         7296
         912           64           0.814       116736        14592
         912          128           1.106       233472        29184
         912          256           1.761       466944        58368
         912          512           3.088       933888       116736
         912         1024           5.367      1867776       233472
         912         2048           9.776      3735552       466944
         912         4096          19.745      7471104       933888
         912         8192          31.954     14942208      1867776
         912        16384          67.856     29884416      3735552
         912        32768         115.120     59768832      7471104
         960            1           0.917         1920          240
         960            2           0.605         3840          480
         960            4           0.672         7680          960
         960            8           0.561        15360         1920
         960           16           0.723        30720         3840
         960           32           0.723        61440         7680
         960           64           0.818       122880        15360
         960          128           0.988       245760        30720
         960          256           1.396       491520        61440
         960          512           2.043       983040       122880
         960         1024           3.903      1966080       245760
         960         2048           6.935      3932160       491520
         960         4096          12.531      7864320       983040
         960         8192          37.719     15728640      1966080
         960        16384          51.991     31457280      3932160
        1056            1           0.294         2112          264
        1056            2           0.502         4224          528
        1056            4           0.635         8448         1056
        1056            8           0.630        16896         2112
        1056           16           0.576        33792         4224
        1056           32           0.675        67584         8448
        1056           64           0.628       135168        16896
        1056          128           0.758       270336        33792
        1056          256           1.183       540672        67584
        1056          512           1.620      1081344       135168
        1056         1024           3.004      2162688       270336
        1056         2048           5.205      4325376       540672
        1056         4096          10.688      8650752      1081344
        1056         8192          25.699     17301504      2162688
        1056        16384          51.747     34603008      4325376
        1152            1           0.775         2304          288
        1152            2           0.455         4608          576
        1152            4           0.550         9216         1152
        1152            8           0.519        18432         2304
        1152           16           0.475        36864         4608
        1152           32           0.558        73728         9216
        1152           64           0.864       147456        18432
        1152          128           1.292       294912        36864
        1152          256           2.029       589824        73728
        1152          512           3.801      1179648       147456
        1152         1024           7.335      2359296       294912
        1152         2048          14.052      4718592       589824
        1152         4096          28.596      9437184      1179648
        1152         8192          56.623     18874368      2359296
        1152        16384         113.228     37748736      4718592
        1248            1           0.774         2496          312
        1248            2           0.447         4992          624
        1248            4           0.529         9984         1248
        1248            8           0.573        19968         2496
        1248           16           0.652        39936         4992
        1248           32           0.921        79872         9984
        1248           64           1.207       159744        19968
        1248          128           2.207       319488        39936
        1248          256           3.593       638976        79872
        1248          512          13.576      1277952       159744
        1248         1024          12.661      2555904       319488
        1248         2048          16.379      5111808       638976
        1248         4096          28.048     10223616      1277952
        1248         8192          56.218     20447232      2555904
        1248        16384         112.650     40894464      5111808
        1344            1           0.807         2688          336
        1344            2           0.562         5376          672
        1344            4           0.734        10752         1344
        1344            8           0.783        21504         2688
        1344           16           0.586        43008         5376
        1344           32           0.767        86016        10752
        1344           64           0.922       172032        21504
        1344          128           1.165       344064        43008
        1344          256           2.066       688128        86016
        1344          512           3.692      1376256       172032
        1344         1024          16.639      2752512       344064
        1344         2048          15.119      5505024       688128
        1344         4096          30.384     11010048      1376256
        1344         8192          60.243     22020096      2752512
        1344        16384         120.729     44040192      5505024
        1440            1           0.872         2880          360
        1440            2           0.552         5760          720
        1440            4           0.477        11520         1440
        1440            8           0.671        23040         2880
        1440           16           0.694        46080         5760
        1440           32           0.571        92160        11520
        1440           64           0.664       184320        23040
        1440          128           1.135       368640        46080
        1440          256           2.243       737280        92160
        1440          512           3.804      1474560       184320
        1440         1024           7.421      2949120       368640
        1440         2048          14.427      5898240       737280
        1440         4096          28.268     11796480      1474560
        1440         8192          56.283     23592960      2949120
        1440        16384         112.400     47185920      5898240
        1584            1           0.672         3168          396
        1584            2           0.517         6336          792
        1584            4           0.558        12672         1584
        1584            8           0.657        25344         3168
        1584           16           0.601        50688         6336
        1584           32           0.508       101376        12672
        1584           64           0.759       202752        25344
        1584          128           1.200       405504        50688
        1584          256           2.026       811008       101376
        1584          512           3.798      1622016       202752
        1584         1024           7.275      3244032       405504
        1584         2048          14.221      6488064       811008
        1584         4096          39.530     12976128      1622016
        1584         8192          55.995     25952256      3244032
        1584        16384         111.212     51904512      6488064
        1728            1           0.270         3456          432
        1728            2           0.465         6912          864
        1728            4           0.689        13824         1728
        1728            8           0.710        27648         3456
        1728           16           0.599        55296         6912
        1728           32           0.746       110592        13824
        1728           64           0.698       221184        27648
        1728          128           1.166       442368        55296
        1728          256           2.053       884736       110592
        1728          512           3.789      1769472       221184
        1728         1024           7.335      3538944       442368
        1728         2048          14.630      7077888       884736
        1728         4096          28.779     14155776      1769472
        1728         8192          57.320     28311552      3538944
        1728        16384         114.252     56623104      7077888
        1872            1           0.295         3744          468
        1872            2           0.536         7488          936
        1872            4           0.787        14976         1872
        1872            8           0.789        29952         3744
        1872           16           0.480        59904         7488
        1872           32           0.586       119808        14976
        1872           64           0.846       239616        29952
        1872          128           1.149       479232        59904
        1872          256           2.273       958464       119808
        1872          512           3.845      1916928       239616
        1872         1024           7.456      3833856       479232
        1872         2048          14.528      7667712       958464
        1872         4096          28.444     15335424      1916928
        1872         8192          56.181     30670848      3833856
        1872        16384         111.996     61341696      7667712
        2016            1           2.181         4032          504
        2016            2           0.699         8064         1008
        2016            4           0.631        16128         2016
        2016            8           0.634        32256         4032
        2016           16           0.615        64512         8064
        2016           32           0.620       129024        16128
        2016           64           0.683       258048        32256
        2016          128           1.150       516096        64512
        2016          256           2.140      1032192       129024
        2016          512           3.914      2064384       258048
        2016         1024           7.494      4128768       516096
        2016         2048          14.573      8257536      1032192
        2016         4096          28.546     16515072      2064384
        2016         8192          56.815     33030144      4128768
        2208            1           1.954         4416          552
        2208            2           0.400         8832         1104
        2208            4           0.577        17664         2208
        2208            8           0.762        35328         4416
        2208           16           0.614        70656         8832
        2208           32           0.583       141312        17664
        2208           64           0.842       282624        35328
        2208          128           1.169       565248        70656
        2208          256           2.042      1130496       141312
        2208          512           3.775      2260992       282624
        2208         1024           7.309      4521984       565248
        2208         2048          14.316      9043968      1130496
        2208         4096          28.310     18087936      2260992
        2208         8192          55.750     36175872      4521984
        2400            1           1.016         4800          600
        2400            2           0.514         9600         1200
        2400            4           0.567        19200         2400
        2400            8           0.662        38400         4800
        2400           16           0.539        76800         9600
        2400           32           0.615       153600        19200
        2400           64           0.798       307200        38400
        2400          128           1.130       614400        76800
        2400          256           2.066      1228800       153600
        2400          512           3.826      2457600       307200
        2400         1024           7.485      4915200       614400
        2400         2048          14.585      9830400      1228800
        2400         4096          29.156     19660800      2457600
        2400         8192          57.760     39321600      4915200
        2640            1           1.184         5280          660
        2640            2           0.665        10560         1320
        2640            4           0.600        21120         2640
        2640            8           0.581        42240         5280
        2640           16           0.560        84480        10560
        2640           32           0.823       168960        21120
        2640           64           0.864       337920        42240
        2640          128           1.420       675840        84480
        2640          256           2.250      1351680       168960
        2640          512           3.925      2703360       337920
        2640         1024           7.612      5406720       675840
        2640         2048          14.620     10813440      1351680
        2640         4096          28.688     21626880      2703360
        2640         8192          67.511     43253760      5406720
        2880            1           1.399         5760          720
        2880            2           0.293        11520         1440
        2880            4           0.627        23040         2880
        2880            8           0.541        46080         5760
        2880           16           0.534        92160        11520
        2880           32           0.627       184320        23040
        2880           64           0.808       368640        46080
        2880          128           1.249       737280        92160
        2880          256           1.989      1474560       184320
        2880          512           3.928      2949120       368640
        2880         1024           7.296      5898240       737280
        2880         2048          14.229     11796480      1474560
        2880         4096          28.399     23592960      2949120
        2880         8192          56.689     47185920      5898240
        3168            1           0.666         6336          792
        3168            2           0.667        12672         1584
        3168            4           0.494        25344         3168
        3168            8           0.511        50688         6336
        3168           16           0.612       101376        12672
        3168           32           0.656       202752        25344
        3168           64           0.787       405504        50688
        3168          128           1.279       811008       101376
        3168          256           2.078      1622016       202752
        3168          512           4.063      3244032       405504
        3168         1024           7.700      6488064       811008
        3168         2048          14.814     12976128      1622016
        3168         4096          29.725     25952256      3244032
        3168         8192          59.092     51904512      6488064
        3456            1           0.348         6912          864
        3456            2           0.602        13824         1728
        3456            4           0.574        27648         3456
        3456            8           0.657        55296         6912
        3456           16           0.721       110592        13824
        3456           32           0.625       221184        27648
        3456           64           0.873       442368        55296
        3456          128           1.182       884736       110592
        3456          256           2.032      1769472       221184
        3456          512           4.120      3538944       442368
        3456         1024           7.652      7077888       884736
        3456         2048          14.918     14155776      1769472
        3456         4096          29.306     28311552      3538944
        3456         8192          57.995     56623104      7077888
        3792            1           0.288         7584          948
        3792            2           0.542        15168         1896
        3792            4           0.758        30336         3792
        3792            8           0.526        60672         7584
        3792           16           0.628       121344        15168
        3792           32           0.621       242688        30336
        3792           64           0.894       485376        60672
        3792          128           1.410       970752       121344
        3792          256           2.365      1941504       242688
        3792          512           4.389      3883008       485376
        3792         1024           8.361      7766016       970752
        3792         2048          16.605     15532032      1941504
        3792         4096          32.659     31064064      3883008
        4128            1           0.297         8256         1032
        4128            2           0.622        16512         2064
        4128            4           0.736        33024         4128
        4128            8           0.653        66048         8256
        4128           16           0.735       132096        16512
        4128           32           0.679       264192        33024
        4128           64           0.826       528384        66048
        4128          128           1.387      1056768       132096
        4128          256           2.495      2113536       264192
        4128          512           4.762      4227072       528384
        4128         1024           9.115      8454144      1056768
        4128         2048          17.736     16908288      2113536
        4128         4096          34.883     33816576      4227072
        4512            1           0.284         9024         1128
        4512            2           0.688        18048         2256
        4512            4           0.613        36096         4512
        4512            8           0.684        72192         9024
        4512           16           0.690       144384        18048
        4512           32           0.772       288768        36096
        4512           64           0.985       577536        72192
        4512          128           1.535      1155072       144384
        4512          256           2.627      2310144       288768
        4512          512           4.867      4620288       577536
        4512         1024           9.628      9240576      1155072
        4512         2048          18.793     18481152      2310144
        4512         4096          37.246     36962304      4620288
        4944            1           0.290         9888         1236
        4944            2           0.533        19776         2472
        4944            4           0.575        39552         4944
        4944            8           0.550        79104         9888
        4944           16           0.683       158208        19776
        4944           32           0.745       316416        39552
        4944           64           0.938       632832        79104
        4944          128           1.474      1265664       158208
        4944          256           2.905      2531328       316416
        4944          512           5.435      5062656       632832
        4944         1024          10.375     10125312      1265664
        4944         2048          20.386     20250624      2531328
        4944         4096          40.461     40501248      5062656
        5424            1           0.684        10848         1356
        5424            2           0.471        21696         2712
        5424            4           0.728        43392         5424
        5424            8           0.705        86784        10848
        5424           16           0.698       173568        21696
        5424           32           0.682       347136        43392
        5424           64           1.052       694272        86784
        5424          128           1.681      1388544       173568
        5424          256           2.829      2777088       347136
        5424          512           5.658      5554176       694272
        5424         1024          10.787     11108352      1388544
        5424         2048          21.158     22216704      2777088
        5424         4096          41.933     44433408      5554176
        5952            1           0.291        11904         1488
        5952            2           0.621        23808         2976
        5952            4           0.558        47616         5952
        5952            8           0.664        95232        11904
        5952           16           0.702       190464        23808
        5952           32           0.884       380928        47616
        5952           64           1.064       761856        95232
        5952          128           1.609      1523712       190464
        5952          256           2.985      3047424       380928
        5952          512           5.629      6094848       761856
        5952         1024          10.784     12189696      1523712
        5952         2048          21.103     24379392      3047424
        5952         4096          41.851     48758784      6094848
        6528            1           0.297        13056         1632
        6528            2           0.448        26112         3264
        6528            4           0.605        52224         6528
        6528            8           0.669       104448        13056
        6528           16           0.762       208896        26112
        6528           32           0.895       417792        52224
        6528           64           1.259       835584       104448
        6528          128           2.074      1671168       208896
        6528          256           3.535      3342336       417792
        6528          512           6.754      6684672       835584
        6528         1024          13.198     13369344      1671168
        6528         2048          25.699     26738688      3342336
        6528         4096          50.923     53477376      6684672
        7152            1           0.830        14304         1788
        7152            2           0.715        28608         3576
        7152            4           0.550        57216         7152
        7152            8           0.727       114432        14304
        7152           16           0.747       228864        28608
        7152           32           0.799       457728        57216
        7152           64           1.222       915456       114432
        7152          128           1.903      1830912       228864
        7152          256           3.401      3661824       457728
        7152          512           6.466      7323648       915456
        7152         1024          12.749     14647296      1830912
        7152         2048          25.043     29294592      3661824
        7152         4096          49.786     58589184      7323648
        7824            1           0.274        15648         1956
        7824            2           0.626        31296         3912
        7824            4           0.589        62592         7824
        7824            8           0.660       125184        15648
        7824           16           0.764       250368        31296
        7824           32           0.849       500736        62592
        7824           64           1.504      1001472       125184
        7824          128           2.339      2002944       250368
        7824          256           4.120      4005888       500736
        7824          512           7.957      8011776      1001472
        7824         1024          15.214     16023552      2002944
        7824         2048          30.271     32047104      4005888
        8592            1           0.328        17184         2148
        8592            2           0.816        34368         4296
        8592            4           0.624        68736         8592
        8592            8           0.848       137472        17184
        8592           16           0.829       274944        34368
        8592           32           1.013       549888        68736
        8592           64           1.464      1099776       137472
        8592          128           2.403      2199552       274944
        8592          256           4.204      4399104       549888
        8592          512           8.261      8798208      1099776
        8592         1024          15.836     17596416      2199552
        8592         2048          31.070     35192832      4399104
        9408            1           0.317        18816         2352
        9408            2           0.655        37632         4704
        9408            4           0.525        75264         9408
        9408            8           0.715       150528        18816
        9408           16           0.813       301056        37632
        9408           32           0.957       602112        75264
        9408           64           1.242      1204224       150528
        9408          128           2.229      2408448       301056
        9408          256           4.074      4816896       602112
        9408          512           7.861      9633792      1204224
        9408         1024          15.604     19267584      2408448
        9408         2048          30.723     38535168      4816896
       10320            1           0.519        20640         2580
       10320            2           0.593        41280         5160
       10320            4           0.571        82560        10320
       10320            8           0.690       165120        20640
       10320           16           0.816       330240        41280
       10320           32           0.987       660480        82560
       10320           64           1.555      1320960       165120
       10320          128           2.468      2641920       330240
       10320          256           4.647      5283840       660480
       10320          512           8.684     10567680      1320960
       10320         1024          17.113     21135360      2641920
       10320         2048          34.035     42270720      5283840
       11328            1           0.865        22656         2832
       11328            2           0.442        45312         5664
       11328            4           0.725        90624        11328
       11328            8           0.643       181248        22656
       11328           16           0.637       362496        45312
       11328           32           1.027       724992        90624
       11328           64           1.594      1449984       181248
       11328          128           2.667      2899968       362496
       11328          256           4.886      5799936       724992
       11328          512           9.198     11599872      1449984
       11328         1024          18.201     23199744      2899968
       11328         2048          35.944     46399488      5799936
       12432            1           0.540        24864         3108
       12432            2           0.817        49728         6216
       12432            4           0.635        99456        12432
       12432            8           0.820       198912        24864
       12432           16           0.794       397824        49728
       12432           32           1.158       795648        99456
       12432           64           1.710      1591296       198912
       12432          128           2.924      3182592       397824
       12432          256           5.290      6365184       795648
       12432          512          10.324     12730368      1591296
       12432         1024          20.421     25460736      3182592
       12432         2048          40.125     50921472      6365184
       13632            1           0.391        27264         3408
       13632            2           0.663        54528         6816
       13632            4           0.736       109056        13632
       13632            8           0.719       218112        27264
       13632           16           0.913       436224        54528
       13632           32           1.098       872448       109056
       13632           64           1.789      1744896       218112
       13632          128           3.030      3489792       436224
       13632          256           5.603      6979584       872448
       13632          512          10.934     13959168      1744896
       13632         1024          21.740     27918336      3489792
       13632         2048          42.741     55836672      6979584
       14976            1           0.442        29952         3744
       14976            2           0.668        59904         7488
       14976            4           0.674       119808        14976
       14976            8           0.619       239616        29952
       14976           16           0.976       479232        59904
       14976           32           1.164       958464       119808
       14976           64           2.054      1916928       239616
       14976          128           3.581      3833856       479232
       14976          256           6.422      7667712       958464
       14976          512          12.605     15335424      1916928
       14976         1024          25.158     30670848      3833856
       14976         2048          49.655     61341696      7667712
       16464            1           0.353        32928         4116
       16464            2           0.562        65856         8232
       16464            4           0.671       131712        16464
       16464            8           0.739       263424        32928
       16464           16           0.846       526848        65856
       16464           32           1.380      1053696       131712
       16464           64           2.259      2107392       263424
       16464          128           3.889      4214784       526848
       16464          256           7.170      8429568      1053696
       16464          512          14.068     16859136      2107392
       16464         1024          27.363     33718272      4214784
       18096            1           1.026        36192         4524
       18096            2           0.631        72384         9048
       18096            4           0.618       144768        18096
       18096            8           0.882       289536        36192
       18096           16           1.002       579072        72384
       18096           32           1.313      1158144       144768
       18096           64           2.229      2316288       289536
       18096          128           3.954      4632576       579072
       18096          256           7.380      9265152      1158144
       18096          512          14.368     18530304      2316288
       18096         1024          28.477     37060608      4632576
       19872            1           0.734        39744         4968
       19872            2           0.680        79488         9936
       19872            4           0.789       158976        19872
       19872            8           0.786       317952        39744
       19872           16           1.011       635904        79488
       19872           32           1.512      1271808       158976
       19872           64           2.443      2543616       317952
       19872          128           4.340      5087232       635904
       19872          256           8.257     10174464      1271808
       19872          512          16.172     20348928      2543616
       19872         1024          31.970     40697856      5087232
       21840            1           0.482        43680         5460
       21840            2           0.645        87360        10920
       21840            4           0.828       174720        21840
       21840            8           0.822       349440        43680
       21840           16           1.101       698880        87360
       21840           32           1.793      1397760       174720
       21840           64           2.651      2795520       349440
       21840          128           4.599      5591040       698880
       21840          256           9.236     11182080      1397760
       21840          512          17.886     22364160      2795520
       21840         1024          35.215     44728320      5591040
       24000            1           1.503        48000         6000
       24000            2           0.642        96000        12000
       24000            4           0.870       192000        24000
       24000            8           0.908       384000        48000
       24000           16           1.197       768000        96000
       24000           32           1.573      1536000       192000
       24000           64           2.804      3072000       384000
       24000          128           5.056      6144000       768000
       24000          256           9.499     12288000      1536000
       24000          512          18.391     24576000      3072000
       24000         1024          36.444     49152000      6144000
       26400            1           0.937        52800         6600
       26400            2           0.671       105600        13200
       26400            4           0.628       211200        26400
       26400            8           0.784       422400        52800
       26400           16           1.145       844800       105600
       26400           32           1.741      1689600       211200
       26400           64           3.140      3379200       422400
       26400          128           5.580      6758400       844800
       26400          256          10.791     13516800      1689600
       26400          512          21.707     27033600      3379200
       26400         1024          43.204     54067200      6758400
       29040            1           1.952        58080         7260
       29040            2           0.450       116160        14520
       29040            4           0.677       232320        29040
       29040            8           0.941       464640        58080
       29040           16           1.265       929280       116160
       29040           32           1.976      1858560       232320
       29040           64           3.845      3717120       464640
       29040          128           7.749      7434240       929280
       29040          256          14.954     14868480      1858560
       29040          512          23.583     29736960      3717120
       29040         1024          46.530     59473920      7434240
       31920            1           0.544        63840         7980
       31920            2           0.840       127680        15960
       31920            4           0.799       255360        31920
       31920            8           1.006       510720        63840
       31920           16           1.292      1021440       127680
       31920           32           2.052      2042880       255360
       31920           64           3.586      4085760       510720
       31920          128           6.813      8171520      1021440
       31920          256          13.303     16343040      2042880
       31920          512          26.108     32686080      4085760
       35088            1           0.547        70176         8772
       35088            2           0.931       140352        17544
       35088            4           0.830       280704        35088
       35088            8           0.994       561408        70176
       35088           16           1.520      1122816       140352
       35088           32           2.074      2245632       280704
       35088           64           4.071      4491264       561408
       35088          128           7.139      8982528      1122816
       35088          256          13.847     17965056      2245632
       35088          512          27.231     35930112      4491264
       38592            1           0.612        77184         9648
       38592            2           0.738       154368        19296
       38592            4           0.665       308736        38592
       38592            8           0.993       617472        77184
       38592           16           1.460      1234944       154368
       38592           32           2.300      2469888       308736
       38592           64           4.154      4939776       617472
       38592          128           7.693      9879552      1234944
       38592          256          14.904     19759104      2469888
       38592          512          31.201     39518208      4939776
       42432            1          11.412        84864        10608
       42432            2           0.694       169728        21216
       42432            4           0.775       339456        42432
       42432            8           1.045       678912        84864
       42432           16           1.781      1357824       169728
       42432           32           3.284      2715648       339456
       42432           64           5.439      5431296       678912
       42432          128          16.562     10862592      1357824
       42432          256          25.113     21725184      2715648
       42432          512          40.688     43450368      5431296
       46656            1           1.194        93312        11664
       46656            2           0.470       186624        23328
       46656            4           0.933       373248        46656
       46656            8           1.154       746496        93312
       46656           16           1.634      1492992       186624
       46656           32           2.995      2985984       373248
       46656           64           4.874      5971968       746496
       46656          128           9.451     11943936      1492992
       46656          256          18.555     23887872      2985984
       46656          512          36.599     47775744      5971968
       51312            1           0.761       102624        12828
       51312            2           0.775       205248        25656
       51312            4           0.852       410496        51312
       51312            8           1.283       820992       102624
       51312           16           1.755      1641984       205248
       51312           32           2.952      3283968       410496
       51312           64           5.303      6567936       820992
       51312          128          10.074     13135872      1641984
       51312          256          21.576     26271744      3283968
       51312          512          42.422     52543488      6567936
       56400            1           0.843       112800        14100
       56400            2           0.820       225600        28200
       56400            4           0.966       451200        56400
       56400            8           1.336       902400       112800
       56400           16           1.865      1804800       225600
       56400           32           3.297      3609600       451200
       56400           64           6.048      7219200       902400
       56400          128          11.750     14438400      1804800
       56400          256          22.920     28876800      3609600
       56400          512          45.343     57753600      7219200
       62016            1           0.980       124032        15504
       62016            2           0.872       248064        31008
       62016            4           1.006       496128        62016
       62016            8           1.409       992256       124032
       62016           16           2.015      1984512       248064
       62016           32           3.543      3969024       496128
       62016           64           6.602      7938048       992256
       62016          128          12.981     15876096      1984512
       62016          256          25.484     31752192      3969024
       68208            1           1.380       136416        17052
       68208            2           0.983       272832        34104
       68208            4           1.027       545664        68208
       68208            8           1.360      1091328       136416
       68208           16           2.640      2182656       272832
       68208           32           5.578      4365312       545664
       68208           64           8.826      8730624      1091328
       68208          128          16.246     17461248      2182656
       68208          256          33.973     34922496      4365312
       75024            1           1.019       150048        18756
       75024            2           0.845       300096        37512
       75024            4           1.051       600192        75024
       75024            8           1.509      1200384       150048
       75024           16           2.426      2400768       300096
       75024           32           4.144      4801536       600192
       75024           64           7.751      9603072      1200384
       75024          128          15.308     19206144      2400768
       75024          256          29.801     38412288      4801536
       82512            1           2.068       165024        20628
       82512            2           0.891       330048        41256
       82512            4           1.187       660096        82512
       82512            8           1.627      1320192       165024
       82512           16           2.562      2640384       330048
       82512           32           4.442      5280768       660096
       82512           64           8.417     10561536      1320192
       82512          128          16.378     21123072      2640384
       82512          256          32.459     42246144      5280768
       90720            1           1.295       181440        22680
       90720            2           0.915       362880        45360
       90720            4           1.219       725760        90720
       90720            8           1.691      1451520       181440
       90720           16           2.641      2903040       362880
       90720           32           4.872      5806080       725760
       90720           64           9.463     11612160      1451520
       90720          128          18.430     23224320      2903040
       90720          256          36.015     46448640      5806080
       99792            1           2.450       199584        24948
       99792            2           0.952       399168        49896
       99792            4           1.230       798336        99792
       99792            8           1.953      1596672       199584
       99792           16           3.002      3193344       399168
       99792           32           5.247      6386688       798336
       99792           64          10.072     12773376      1596672
       99792          128          19.732     25546752      3193344
       99792          256          38.737     51093504      6386688
      109728            1           3.619       219456        27432
      109728            2           1.059       438912        54864
      109728            4           1.954       877824       109728
      109728            8           2.945      1755648       219456
      109728           16           5.003      3511296       438912
      109728           32          10.154      7022592       877824
      109728           64          18.697     14045184      1755648
      109728          128          35.443     28090368      3511296
      109728          256          72.285     56180736      7022592
      120672            1           3.903       241344        30168
      120672            2           1.366       482688        60336
      120672            4           2.270       965376       120672
      120672            8           3.463      1930752       241344
      120672           16           6.189      3861504       482688
      120672           32          11.328      7723008       965376
      120672           64          21.683     15446016      1930752
      120672          128          35.061     30892032      3861504
      120672          256          56.050     61784064      7723008
      132720            1           2.007       265440        33180
      132720            2           0.964       530880        66360
      132720            4           1.404      1061760       132720
      132720            8           2.191      2123520       265440
      132720           16           3.841      4247040       530880
      132720           32           6.983      8494080      1061760
      132720           64          13.163     16988160      2123520
      132720          128          25.941     33976320      4247040
      145968            1           2.237       291936        36492
      145968            2           1.184       583872        72984
      145968            4           1.556      1167744       145968
      145968            8           2.451      2335488       291936
      145968           16           4.115      4670976       583872
      145968           32           7.585      9341952      1167744
      145968           64          14.522     18683904      2335488
      145968          128          28.161     37367808      4670976
      160560            1           2.152       321120        40140
      160560            2           1.229       642240        80280
      160560            4           1.629      1284480       160560
      160560            8           2.716      2568960       321120
      160560           16           4.510      5137920       642240
      160560           32           8.259     10275840      1284480
      160560           64          15.835     20551680      2568960
      160560          128          31.176     41103360      5137920
      176592            1           2.602       353184        44148
      176592            2           1.403       706368        88296
      176592            4           1.953      1412736       176592
      176592            8           2.964      2825472       353184
      176592           16           4.833      5650944       706368
      176592           32           8.861     11301888      1412736
      176592           64          17.001     22603776      2825472
      176592          128          33.131     45207552      5650944
      194208            1           2.926       388416        48552
      194208            2           1.459       776832        97104
      194208            4           1.976      1553664       194208
      194208            8           3.059      3107328       388416
      194208           16           5.420      6214656       776832
      194208           32           9.757     12429312      1553664
      194208           64          18.707     24858624      3107328
      194208          128          36.461     49717248      6214656
      213600            1           3.089       427200        53400
      213600            2           1.748       854400       106800
      213600            4           2.341      1708800       213600
      213600            8           3.888      3417600       427200
      213600           16           6.799      6835200       854400
      213600           32          13.124     13670400      1708800
      213600           64          25.127     27340800      3417600
      213600          128          49.388     54681600      6835200
      234960            1           3.776       469920        58740
      234960            2           1.786       939840       117480
      234960            4           2.994      1879680       234960
      234960            8           4.847      3759360       469920
      234960           16           8.990      7518720       939840
      234960           32          17.032     15037440      1879680
      234960           64          33.107     30074880      3759360
      234960          128          65.419     60149760      7518720
      258432            1           3.675       516864        64608
      258432            2           2.114      1033728       129216
      258432            4           3.114      2067456       258432
      258432            8           5.556      4134912       516864
      258432           16          10.615      8269824      1033728
      258432           32          19.960     16539648      2067456
      258432           64          38.850     33079296      4134912
      284256            1           3.339       568512        71064
      284256            2           2.211      1137024       142128
      284256            4           3.640      2274048       284256
      284256            8           6.318      4548096       568512
      284256           16          11.407      9096192      1137024
      284256           32          21.931     18192384      2274048
      284256           64          42.931     36384768      4548096
      312672            1           3.531       625344        78168
      312672            2           2.475      1250688       156336
      312672            4           3.832      2501376       312672
      312672            8           6.864      5002752       625344
      312672           16          12.499     10005504      1250688
      312672           32          24.003     20011008      2501376
      312672           64          46.978     40022016      5002752
      343920            1           4.504       687840        85980
      343920            2           2.508      1375680       171960
      343920            4           4.359      2751360       343920
      343920            8           7.361      5502720       687840
      343920           16          13.641     11005440      1375680
      343920           32          26.265     22010880      2751360
      343920           64          51.436     44021760      5502720
      378288            1           6.630       756576        94572
      378288            2           3.112      1513152       189144
      378288            4           5.060      3026304       378288
      378288            8           8.730      6052608       756576
      378288           16          19.010     12105216      1513152
      378288           32          30.795     24210432      3026304
      378288           64          56.561     48420864      6052608
      416112            1           4.889       832224       104028
      416112            2           3.139      1664448       208056
      416112            4           5.025      3328896       416112
      416112            8           8.760      6657792       832224
      416112           16          16.328     13315584      1664448
      416112           32          31.665     26631168      3328896
      416112           64          62.180     53262336      6657792
      457680            1           6.773       915360       114420
      457680            2           3.361      1830720       228840
      457680            4           5.530      3661440       457680
      457680            8           9.526      7322880       915360
      457680           16          18.047     14645760      1830720
      457680           32          34.667     29291520      3661440
      457680           64          68.068     58583040      7322880
      503424            1           7.240      1006848       125856
      503424            2           3.521      2013696       251712
      503424            4           6.169      4027392       503424
      503424            8          10.550      8054784      1006848
      503424           16          19.898     16109568      2013696
      503424           32          38.210     32219136      4027392
      553728            1           9.038      1107456       138432
      553728            2           4.011      2214912       276864
      553728            4           6.328      4429824       553728
      553728            8          11.516      8859648      1107456
      553728           16          21.573     17719296      2214912
      553728           32          41.921     35438592      4429824
      609072            1           8.556      1218144       152268
      609072            2           4.482      2436288       304536
      609072            4           7.235      4872576       609072
      609072            8          12.651      9745152      1218144
      609072           16          23.664     19490304      2436288
      609072           32          46.165     38980608      4872576
      669936            1          10.102      1339872       167484
      669936            2           4.807      2679744       334968
      669936            4           7.619      5359488       669936
      669936            8          13.803     10718976      1339872
      669936           16          26.116     21437952      2679744
      669936           32          50.344     42875904      5359488
      736896            1          10.582      1473792       184224
      736896            2           5.148      2947584       368448
      736896            4           8.409      5895168       736896
      736896            8          14.971     11790336      1473792
      736896           16          28.862     23580672      2947584
      736896           32          55.290     47161344      5895168
      810576            1          14.631      1621152       202644
      810576            2           6.964      3242304       405288
      810576            4           9.813      6484608       810576
      810576            8          16.617     12969216      1621152
      810576           16          31.152     25938432      3242304
      810576           32          60.814     51876864      6484608
      891600            1          13.014      1783200       222900
      891600            2           5.736      3566400       445800
      891600            4          10.170      7132800       891600
      891600            8          18.253     14265600      1783200
      891600           16          34.441     28531200      3566400
      891600           32          75.308     57062400      7132800
      980736            1          13.003      1961472       245184
      980736            2           6.383      3922944       490368
      980736            4          10.861      7845888       980736
      980736            8          19.944     15691776      1961472
      980736           16          37.999     31383552      3922944
     1078800            1          13.810      2157600       269700
     1078800            2           7.207      4315200       539400
     1078800            4          11.930      8630400      1078800
     1078800            8          21.822     17260800      2157600
     1078800           16          41.511     34521600      4315200
     1186656            1          16.003      2373312       296664
     1186656            2           8.322      4746624       593328
     1186656            4          15.937      9493248      1186656
     1186656            8          29.989     18986496      2373312
     1186656           16          45.959     37972992      4746624
     1305312            1          20.539      2610624       326328
     1305312            2           8.826      5221248       652656
     1305312            4          14.630     10442496      1305312
     1305312            8          26.334     20884992      2610624
     1305312           16          50.050     41769984      5221248
     1435824            1          26.394      2871648       358956
     1435824            2          12.035      5743296       717912
     1435824            4          16.133     11486592      1435824
     1435824            8          28.706     22973184      2871648
     1435824           16          54.861     45946368      5743296
     1579392            1          24.254      3158784       394848
     1579392            2          10.024      6317568       789696
     1579392            4          17.533     12635136      1579392
     1579392            8          31.926     25270272      3158784
     1579392           16          60.504     50540544      6317568
     1737312            1          27.397      3474624       434328
     1737312            2          11.522      6949248       868656
     1737312            4          19.165     13898496      1737312
     1737312            8          35.041     27796992      3474624
     1737312           16          72.711     55593984      6949248
     1911024            1          28.978      3822048       477756
     1911024            2          12.311      7644096       955512
     1911024            4          20.870     15288192      1911024
     1911024            8          38.241     30576384      3822048
     1911024           16          86.927     61152768      7644096
     2102112            1          31.130      4204224       525528
     2102112            2          17.862      8408448      1051056
     2102112            4          30.109     16816896      2102112
     2102112            8          46.336     33633792      4204224
     2312304            1          57.603      4624608       578076
     2312304            2          32.480      9249216      1156152
     2312304            4          52.227     18498432      2312304
     2312304            8          58.185     36996864      4624608
     2543520            1          38.084      5087040       635880
     2543520            2          25.720     10174080      1271760
     2543520            4          40.568     20348160      2543520
     2543520            8          51.950     40696320      5087040
     2797872            1          50.771      5595744       699468
     2797872            2          28.779     11191488      1398936
     2797872            4          38.562     22382976      2797872
     2797872            8         103.264     44765952      5595744
     3077616            1          49.454      6155232       769404
     3077616            2          30.303     12310464      1538808
     3077616            4          45.148     24620928      3077616
     3077616            8          67.717     49241856      6155232
     3385344            1          49.264      6770688       846336
     3385344            2          31.639     13541376      1692672
     3385344            4          46.591     27082752      3385344
     3385344            8          72.978     54165504      6770688
     3723840            1          53.949      7447680       930960
     3723840            2          34.187     14895360      1861920
     3723840            4          48.241     29790720      3723840
     3723840            8          89.712     59581440      7447680
     4096224            1          71.376      8192448      1024056
     4096224            2          49.787     16384896      2048112
     4096224            4          61.830     32769792      4096224
     4505808            1          69.839      9011616      1126452
     4505808            2          50.758     18023232      2252904
     4505808            4          70.220     36046464      4505808
     4956384            1          73.309      9912768      1239096
     4956384            2          57.642     19825536      2478192
     4956384            4          85.180     39651072      4956384
     5451984            1          66.637     10903968      1362996
     5451984            2          48.992     21807936      2725992
     5451984            4          78.945     43615872      5451984
     5997168            1          78.675     11994336      1499292
     5997168            2          63.159     23988672      2998584
     5997168            4          86.779     47977344      5997168
     6596880            1          88.916     13193760      1649220
     6596880            2          77.343     26387520      3298440
     6596880            4         106.058     52775040      6596880
     7256544            1         124.377     14513088      1814136
     7256544            2         149.647     29026176      3628272
     7256544            4         202.423     58052352      7256544
     7982160            1         101.572     15964320      1995540
     7982160            2         115.779     31928640      3991080
     8780352            1         117.983     17560704      2195088
     8780352            2         183.492     35121408      4390176
     9658368            1         127.908     19316736      2414592
     9658368            2         305.076     38633472      4829184
    10624176            1         132.954     21248352      2656044
    10624176            2         291.443     42496704      5312088
    11686560            1         221.187     23373120      2921640
    11686560            2         221.057     46746240      5843280
    12855216            1         196.553     25710432      3213804
    12855216            2         273.565     51420864      6427608
    14140704            1         219.256     28281408      3535176
    14140704            2         359.096     56562816      7070352
    15554736            1         234.400     31109472      3888684
    17110176            1         271.163     34220352      4277544
    18821184            1         350.198     37642368      4705296
    20703264            1         287.538     41406528      5175816
    22773552            1         417.921     45547104      5693388
    25050864            1         374.986     50101728      6262716
    27555936            1         428.267     55111872      6888984
    30311520            1         556.485     60623040      7577880

META_DATA
FLOPS          2
OPENMP_THREADS 6
ERT_VERSION  1.1.0
HOSTNAME  ('cirrus4.computing.clemson.edu', ['cirrus4'], ['127.0.1.1'])
UNAME  uname_result(system='Linux', node='cirrus4.computing.clemson.edu', release='5.4.0-81-generic', version='#91-Ubuntu SMP Thu Jul 15 19:09:17 UTC 2021', machine='x86_64', processor='x86_64')
TIMESTAMP_DATA  1632245405.224154
CONFIG  {'ERT_RESULTS': ['Results.cs.clemson.edu'], 'ERT_DRIVER': ['driver1'], 'ERT_KERNEL': ['kernel1'], 'ERT_MPI': ['False'], 'ERT_MPI_CFLAGS': [], 'ERT_MPI_LDFLAGS': [], 'ERT_OPENMP': ['True'], 'ERT_OPENMP_CFLAGS': ['-fopenmp'], 'ERT_OPENMP_LDFLAGS': ['-fopenmp'], 'ERT_FLOPS': ['1,2,4'], 'ERT_ALIGN': ['32'], 'ERT_CC': ['g++'], 'ERT_CFLAGS': ['-O3', '-std=c++11', '-fstrict-aliasing', '-march=native'], 'ERT_LD': ['g++'], 'ERT_LDFLAGS': [], 'ERT_LDLIBS': [], 'ERT_PRECISION': ['FP64'], 'ERT_RUN': ['export', 'OMP_NUM_THREADS=ERT_OPENMP_THREADS;', 'export', 'OMP_PLACES=threads;', 'export', 'OMP_PROC_BIND=spread;', './ERT_CODE'], 'ERT_PROCS_THREADS': ['8'], 'ERT_MPI_PROCS': ['2,4,8'], 'ERT_OPENMP_THREADS': ['1-8'], 'ERT_NUM_EXPERIMENTS': ['5'], 'ERT_MEMORY_MAX': ['31000000'], 'ERT_WORKING_SET_MIN': ['1'], 'ERT_TRIALS_MIN': ['1'], 'ERT_GNUPLOT': ['gnuplot'], 'ERT_GPU': [False], 'ERT_HIP': [False], 'ERT_OCL': [False], 'ERT_SYCL': [False], 'ERT_WSS_MULT': [1.1]}
