fp64
          48            1           1.525           96           12
          48            2           0.484          192           24
          48            4           0.848          384           48
          48            8           0.794          768           96
          48           16           0.753         1536          192
          48           32           0.801         3072          384
          48           64           0.950         6144          768
          48          128           1.175        12288         1536
          48          256           2.122        24576         3072
          48          512           3.526        49152         6144
          48         1024          18.971        98304        12288
          48         2048          13.249       196608        24576
          48         4096          24.698       393216        49152
          48         8192          49.006       786432        98304
          48        16384          97.088      1572864       196608
          48        32768         193.891      3145728       393216
          48        65536         387.122      6291456       786432
          48       131072         775.537     12582912      1572864
          48       262144        1548.054     25165824      3145728
          48       524288        3020.209     50331648      6291456
          96            1           0.400          192           24
          96            2           0.691          384           48
          96            4           0.732          768           96
          96            8           0.723         1536          192
          96           16           0.593         3072          384
          96           32           0.707         6144          768
          96           64           0.757        12288         1536
          96          128           0.881        24576         3072
          96          256           1.465        49152         6144
          96          512           2.624        98304        12288
          96         1024           4.957       196608        24576
          96         2048           9.806       393216        49152
          96         4096          19.073       786432        98304
          96         8192          53.989      1572864       196608
          96        16384          75.461      3145728       393216
          96        32768         149.955      6291456       786432
          96        65536         302.220     12582912      1572864
          96       131072         608.841     25165824      3145728
          96       262144        1195.251     50331648      6291456
         144            1           0.517          288           36
         144            2           0.432          576           72
         144            4           0.745         1152          144
         144            8           0.604         2304          288
         144           16           0.630         4608          576
         144           32           0.576         9216         1152
         144           64           0.576        18432         2304
         144          128           0.939        36864         4608
         144          256           1.565        73728         9216
         144          512           2.576       147456        18432
         144         1024           5.071       294912        36864
         144         2048           9.802       589824        73728
         144         4096          18.978      1179648       147456
         144         8192          37.690      2359296       294912
         144        16384          74.657      4718592       589824
         144        32768         149.017      9437184      1179648
         144        65536         299.450     18874368      2359296
         144       131072         594.020     37748736      4718592
         192            1           0.784          384           48
         192            2           0.687          768           96
         192            4           0.499         1536          192
         192            8           0.730         3072          384
         192           16           0.488         6144          768
         192           32           0.618        12288         1536
         192           64           0.823        24576         3072
         192          128           0.935        49152         6144
         192          256           1.528        98304        12288
         192          512           2.786       196608        24576
         192         1024          67.032       393216        49152
         192         2048           9.985       786432        98304
         192         4096          20.016      1572864       196608
         192         8192          39.497      3145728       393216
         192        16384          78.531      6291456       786432
         192        32768         156.853     12582912      1572864
         192        65536         313.475     25165824      3145728
         192       131072         627.897     50331648      6291456
         240            1           0.593          480           60
         240            2           0.588          960          120
         240            4           0.561         1920          240
         240            8           0.672         3840          480
         240           16           0.679         7680          960
         240           32           0.768        15360         1920
         240           64           0.757        30720         3840
         240          128           1.101        61440         7680
         240          256           1.537       122880        15360
         240          512           2.790       245760        30720
         240         1024           5.271       491520        61440
         240         2048          10.226       983040       122880
         240         4096          20.054      1966080       245760
         240         8192          39.563      3932160       491520
         240        16384          78.820      7864320       983040
         240        32768         157.157     15728640      1966080
         240        65536         314.088     31457280      3932160
         288            1           0.447          576           72
         288            2           0.564         1152          144
         288            4           0.759         2304          288
         288            8           0.813         4608          576
         288           16           0.735         9216         1152
         288           32           0.630        18432         2304
         288           64           0.882        36864         4608
         288          128           0.974        73728         9216
         288          256           1.557       147456        18432
         288          512           2.905       294912        36864
         288         1024           5.296       589824        73728
         288         2048          10.165      1179648       147456
         288         4096          20.088      2359296       294912
         288         8192          40.004      4718592       589824
         288        16384          79.359      9437184      1179648
         288        32768         158.000     18874368      2359296
         288        65536         315.849     37748736      4718592
         336            1           0.267          672           84
         336            2           0.461         1344          168
         336            4           0.605         2688          336
         336            8           0.503         5376          672
         336           16           0.594        10752         1344
         336           32           0.464        21504         2688
         336           64           0.620        43008         5376
         336          128           0.673        86016        10752
         336          256           1.045       172032        21504
         336          512           1.936       344064        43008
         336         1024           3.538       688128        86016
         336         2048           6.873      1376256       172032
         336         4096          13.623      2752512       344064
         336         8192          26.641      5505024       688128
         336        16384          52.911     11010048      1376256
         336        32768         105.469     22020096      2752512
         336        65536         210.613     44040192      5505024
         384            1           0.241          768           96
         384            2           0.521         1536          192
         384            4           0.466         3072          384
         384            8           0.592         6144          768
         384           16           0.694        12288         1536
         384           32           0.744        24576         3072
         384           64           0.700        49152         6144
         384          128           0.827        98304        12288
         384          256           1.092       196608        24576
         384          512           1.966       393216        49152
         384         1024           3.836       786432        98304
         384         2048           7.386      1572864       196608
         384         4096          13.989      3145728       393216
         384         8192          27.993      6291456       786432
         384        16384          55.286     12582912      1572864
         384        32768         110.334     25165824      3145728
         384        65536         220.343     50331648      6291456
         432            1           0.922          864          108
         432            2           0.392         1728          216
         432            4           0.598         3456          432
         432            8           0.538         6912          864
         432           16           0.731        13824         1728
         432           32           0.598        27648         3456
         432           64           0.614        55296         6912
         432          128           0.677       110592        13824
         432          256           1.283       221184        27648
         432          512           2.096       442368        55296
         432         1024           3.782       884736       110592
         432         2048           7.274      1769472       221184
         432         4096          23.170      3538944       442368
         432         8192          28.074      7077888       884736
         432        16384          55.710     14155776      1769472
         432        32768         110.985     28311552      3538944
         432        65536         221.391     56623104      7077888
         480            1           0.239          960          120
         480            2           0.616         1920          240
         480            4           0.578         3840          480
         480            8           0.660         7680          960
         480           16           0.633        15360         1920
         480           32           0.507        30720         3840
         480           64           0.790        61440         7680
         480          128           0.792       122880        15360
         480          256           1.246       245760        30720
         480          512           2.013       491520        61440
         480         1024           7.922       983040       122880
         480         2048          23.473      1966080       245760
         480         4096          14.486      3932160       491520
         480         8192          28.015      7864320       983040
         480        16384          55.496     15728640      1966080
         480        32768         110.808     31457280      3932160
         528            1           0.294         1056          132
         528            2           0.622         2112          264
         528            4           0.685         4224          528
         528            8           0.766         8448         1056
         528           16           0.714        16896         2112
         528           32           0.660        33792         4224
         528           64           0.635        67584         8448
         528          128           0.806       135168        16896
         528          256           1.184       270336        33792
         528          512           2.053       540672        67584
         528         1024           3.769      1081344       135168
         528         2048           7.247      2162688       270336
         528         4096          14.327      4325376       540672
         528         8192          28.058      8650752      1081344
         528        16384          65.932     17301504      2162688
         528        32768         111.169     34603008      4325376
         576            1           0.756         1152          144
         576            2           0.544         2304          288
         576            4           0.606         4608          576
         576            8           0.697         9216         1152
         576           16           0.744        18432         2304
         576           32           0.481        36864         4608
         576           64           0.780        73728         9216
         576          128           0.843       147456        18432
         576          256           1.180       294912        36864
         576          512           1.964       589824        73728
         576         1024           3.786      1179648       147456
         576         2048           7.197      2359296       294912
         576         4096          14.118      4718592       589824
         576         8192          27.911      9437184      1179648
         576        16384          55.453     18874368      2359296
         576        32768         110.785     37748736      4718592
         624            1           0.481         1248          156
         624            2           0.620         2496          312
         624            4           0.592         4992          624
         624            8           0.479         9984         1248
         624           16           0.627        19968         2496
         624           32           0.697        39936         4992
         624           64           0.709        79872         9984
         624          128           0.743       159744        19968
         624          256           1.123       319488        39936
         624          512           2.084       638976        79872
         624         1024           3.763      1277952       159744
         624         2048           7.297      2555904       319488
         624         4096          14.182      5111808       638976
         624         8192          28.248     10223616      1277952
         624        16384          58.218     20447232      2555904
         624        32768         112.117     40894464      5111808
         672            1           0.409         1344          168
         672            2           0.590         2688          336
         672            4           0.683         5376          672
         672            8           0.664        10752         1344
         672           16           0.577        21504         2688
         672           32           0.571        43008         5376
         672           64           0.586        86016        10752
         672          128           0.879       172032        21504
         672          256           1.257       344064        43008
         672          512           2.027       688128        86016
         672         1024           3.770      1376256       172032
         672         2048           7.350      2752512       344064
         672         4096          14.242      5505024       688128
         672         8192          28.022     11010048      1376256
         672        16384          55.774     22020096      2752512
         672        32768         111.249     44040192      5505024
         720            1           1.079         1440          180
         720            2           0.370         2880          360
         720            4           0.580         5760          720
         720            8           0.808        11520         1440
         720           16           0.744        23040         2880
         720           32           0.599        46080         5760
         720           64           0.757        92160        11520
         720          128           0.730       184320        23040
         720          256           1.254       368640        46080
         720          512           2.033       737280        92160
         720         1024           3.788      1474560       184320
         720         2048           7.739      2949120       368640
         720         4096          14.515      5898240       737280
         720         8192          28.428     11796480      1474560
         720        16384          56.261     23592960      2949120
         720        32768         112.321     47185920      5898240
         768            1           0.582         1536          192
         768            2           0.480         3072          384
         768            4           0.709         6144          768
         768            8           0.579        12288         1536
         768           16           0.634        24576         3072
         768           32           0.733        49152         6144
         768           64           0.639        98304        12288
         768          128           0.934       196608        24576
         768          256           1.411       393216        49152
         768          512           1.985       786432        98304
         768         1024           3.790      1572864       196608
         768         2048           7.417      3145728       393216
         768         4096          14.212      6291456       786432
         768         8192          27.987     12582912      1572864
         768        16384          56.165     25165824      3145728
         768        32768         112.248     50331648      6291456
         816            1           0.623         1632          204
         816            2           0.558         3264          408
         816            4           0.562         6528          816
         816            8           0.750        13056         1632
         816           16           0.669        26112         3264
         816           32           0.555        52224         6528
         816           64           0.644       104448        13056
         816          128           0.818       208896        26112
         816          256           1.302       417792        52224
         816          512           2.050       835584       104448
         816         1024           3.822      1671168       208896
         816         2048           7.434      3342336       417792
         816         4096          14.603      6684672       835584
         816         8192          28.542     13369344      1671168
         816        16384          56.751     26738688      3342336
         816        32768         124.409     53477376      6684672
         864            1           0.752         1728          216
         864            2           0.455         3456          432
         864            4           0.604         6912          864
         864            8           0.521        13824         1728
         864           16           0.583        27648         3456
         864           32           0.590        55296         6912
         864           64           0.696       110592        13824
         864          128           0.987       221184        27648
         864          256           1.450       442368        55296
         864          512           2.510       884736       110592
         864         1024           4.536      1769472       221184
         864         2048           8.244      3538944       442368
         864         4096          14.375      7077888       884736
         864         8192          28.478     14155776      1769472
         864        16384          56.392     28311552      3538944
         864        32768         112.328     56623104      7077888
         912            1           0.987         1824          228
         912            2           0.476         3648          456
         912            4           0.653         7296          912
         912            8           0.854        14592         1824
         912           16           0.506        29184         3648
         912           32           0.650        58368         7296
         912           64           0.798       116736        14592
         912          128           0.816       233472        29184
         912          256           1.141       466944        58368
         912          512          11.475       933888       116736
         912         1024           3.999      1867776       233472
         912         2048           7.776      3735552       466944
         912         4096          14.956      7471104       933888
         912         8192          29.730     14942208      1867776
         912        16384          59.195     29884416      3735552
         912        32768         118.299     59768832      7471104
         960            1           1.154         1920          240
         960            2           0.398         3840          480
         960            4           0.703         7680          960
         960            8           0.641        15360         1920
         960           16           0.752        30720         3840
         960           32           0.734        61440         7680
         960           64           0.706       122880        15360
         960          128           0.830       245760        30720
         960          256           1.024       491520        61440
         960          512           1.646       983040       122880
         960         1024           3.025      1966080       245760
         960         2048           5.706      3932160       491520
         960         4096          11.334      7864320       983040
         960         8192          22.495     15728640      1966080
         960        16384          44.142     31457280      3932160
        1056            1           0.734         2112          264
        1056            2           0.659         4224          528
        1056            4           0.542         8448         1056
        1056            8           0.585        16896         2112
        1056           16           0.690        33792         4224
        1056           32           0.671        67584         8448
        1056           64           0.623       135168        16896
        1056          128           0.909       270336        33792
        1056          256           1.185       540672        67584
        1056          512           1.930      1081344       135168
        1056         1024           3.509      2162688       270336
        1056         2048           6.926      4325376       540672
        1056         4096          13.007      8650752      1081344
        1056         8192          25.885     17301504      2162688
        1056        16384          49.305     34603008      4325376
        1152            1           0.511         2304          288
        1152            2           0.450         4608          576
        1152            4           0.619         9216         1152
        1152            8           0.496        18432         2304
        1152           16           0.534        36864         4608
        1152           32           0.486        73728         9216
        1152           64           0.700       147456        18432
        1152          128           1.189       294912        36864
        1152          256           2.071       589824        73728
        1152          512           3.794      1179648       147456
        1152         1024           7.255      2359296       294912
        1152         2048          14.122      4718592       589824
        1152         4096          28.360      9437184      1179648
        1152         8192          56.134     18874368      2359296
        1152        16384         111.562     37748736      4718592
        1248            1           0.510         2496          312
        1248            2           0.693         4992          624
        1248            4           0.633         9984         1248
        1248            8           0.631        19968         2496
        1248           16           0.693        39936         4992
        1248           32           0.752        79872         9984
        1248           64           0.705       159744        19968
        1248          128           1.180       319488        39936
        1248          256           2.112       638976        79872
        1248          512           3.865      1277952       159744
        1248         1024           7.435      2555904       319488
        1248         2048          14.409      5111808       638976
        1248         4096          28.500     10223616      1277952
        1248         8192          74.652     20447232      2555904
        1248        16384         112.702     40894464      5111808
        1344            1           0.534         2688          336
        1344            2           0.529         5376          672
        1344            4           0.503        10752         1344
        1344            8           0.809        21504         2688
        1344           16           0.653        43008         5376
        1344           32           0.491        86016        10752
        1344           64           0.761       172032        21504
        1344          128           1.131       344064        43008
        1344          256           2.006       688128        86016
        1344          512           3.735      1376256       172032
        1344         1024           7.223      2752512       344064
        1344         2048          14.157      5505024       688128
        1344         4096          28.034     11010048      1376256
        1344         8192          55.616     22020096      2752512
        1344        16384         110.890     44040192      5505024
        1440            1           0.984         2880          360
        1440            2           0.357         5760          720
        1440            4           0.632        11520         1440
        1440            8           0.538        23040         2880
        1440           16           0.559        46080         5760
        1440           32           0.716        92160        11520
        1440           64           0.892       184320        23040
        1440          128           1.116       368640        46080
        1440          256           1.932       737280        92160
        1440          512           3.693      1474560       184320
        1440         1024           7.373      2949120       368640
        1440         2048          14.476      5898240       737280
        1440         4096          28.553     11796480      1474560
        1440         8192          56.495     23592960      2949120
        1440        16384         113.100     47185920      5898240
        1584            1           1.399         3168          396
        1584            2           0.441         6336          792
        1584            4           0.714        12672         1584
        1584            8           0.629        25344         3168
        1584           16           0.562        50688         6336
        1584           32           0.588       101376        12672
        1584           64           0.690       202752        25344
        1584          128           1.422       405504        50688
        1584          256           2.284       811008       101376
        1584          512           3.781      1622016       202752
        1584         1024           7.313      3244032       405504
        1584         2048          14.202      6488064       811008
        1584         4096          28.029     12976128      1622016
        1584         8192          55.683     25952256      3244032
        1584        16384         111.080     51904512      6488064
        1728            1           0.265         3456          432
        1728            2           0.667         6912          864
        1728            4           0.679        13824         1728
        1728            8           0.474        27648         3456
        1728           16           0.457        55296         6912
        1728           32           0.615       110592        13824
        1728           64           0.688       221184        27648
        1728          128           1.078       442368        55296
        1728          256           2.046       884736       110592
        1728          512           3.737      1769472       221184
        1728         1024           7.376      3538944       442368
        1728         2048          14.417      7077888       884736
        1728         4096          28.720     14155776      1769472
        1728         8192          57.199     28311552      3538944
        1728        16384         114.249     56623104      7077888
        1872            1           1.262         3744          468
        1872            2           0.404         7488          936
        1872            4           0.544        14976         1872
        1872            8           0.501        29952         3744
        1872           16           0.571        59904         7488
        1872           32           0.526       119808        14976
        1872           64           0.704       239616        29952
        1872          128           1.042       479232        59904
        1872          256           2.012       958464       119808
        1872          512           3.768      1916928       239616
        1872         1024           7.188      3833856       479232
        1872         2048          14.332      7667712       958464
        1872         4096          28.032     15335424      1916928
        1872         8192          55.954     30670848      3833856
        1872        16384         111.556     61341696      7667712
        2016            1           0.851         4032          504
        2016            2           0.402         8064         1008
        2016            4           0.518        16128         2016
        2016            8           0.691        32256         4032
        2016           16           0.569        64512         8064
        2016           32           0.555       129024        16128
        2016           64           0.729       258048        32256
        2016          128           1.310       516096        64512
        2016          256           2.104      1032192       129024
        2016          512          20.771      2064384       258048
        2016         1024           7.401      4128768       516096
        2016         2048          14.460      8257536      1032192
        2016         4096          28.485     16515072      2064384
        2016         8192          56.803     33030144      4128768
        2208            1           1.593         4416          552
        2208            2           0.499         8832         1104
        2208            4           0.629        17664         2208
        2208            8           0.538        35328         4416
        2208           16           0.589        70656         8832
        2208           32           0.644       141312        17664
        2208           64           0.735       282624        35328
        2208          128           1.211       565248        70656
        2208          256           2.056      1130496       141312
        2208          512           3.835      2260992       282624
        2208         1024           7.290      4521984       565248
        2208         2048          14.420      9043968      1130496
        2208         4096          28.090     18087936      2260992
        2208         8192          55.736     36175872      4521984
        2400            1           0.456         4800          600
        2400            2           0.533         9600         1200
        2400            4           0.515        19200         2400
        2400            8           0.529        38400         4800
        2400           16           0.582        76800         9600
        2400           32           0.720       153600        19200
        2400           64           0.701       307200        38400
        2400          128           1.252       614400        76800
        2400          256           2.082      1228800       153600
        2400          512           3.834      2457600       307200
        2400         1024           7.399      4915200       614400
        2400         2048          14.635      9830400      1228800
        2400         4096          29.471     19660800      2457600
        2400         8192          57.514     39321600      4915200
        2640            1           0.751         5280          660
        2640            2           0.382        10560         1320
        2640            4           0.509        21120         2640
        2640            8           0.607        42240         5280
        2640           16           0.599        84480        10560
        2640           32           0.686       168960        21120
        2640           64           0.742       337920        42240
        2640          128           1.321       675840        84480
        2640          256           2.095      1351680       168960
        2640          512           3.923      2703360       337920
        2640         1024           7.355      5406720       675840
        2640         2048          14.622     10813440      1351680
        2640         4096          28.467     21626880      2703360
        2640         8192          56.616     43253760      5406720
        2880            1           0.905         5760          720
        2880            2           0.481        11520         1440
        2880            4           0.514        23040         2880
        2880            8           0.708        46080         5760
        2880           16           0.570        92160        11520
        2880           32           0.634       184320        23040
        2880           64           0.738       368640        46080
        2880          128           1.124       737280        92160
        2880          256           2.151      1474560       184320
        2880          512           3.760      2949120       368640
        2880         1024           7.291      5898240       737280
        2880         2048          14.382     11796480      1474560
        2880         4096          28.322     23592960      2949120
        2880         8192          56.318     47185920      5898240
        3168            1           0.639         6336          792
        3168            2           0.695        12672         1584
        3168            4           0.666        25344         3168
        3168            8           0.726        50688         6336
        3168           16           0.650       101376        12672
        3168           32           0.679       202752        25344
        3168           64           0.808       405504        50688
        3168          128           1.223       811008       101376
        3168          256           2.111      1622016       202752
        3168          512           3.946      3244032       405504
        3168         1024           7.575      6488064       811008
        3168         2048          14.914     12976128      1622016
        3168         4096          29.232     25952256      3244032
        3168         8192          58.273     51904512      6488064
        3456            1           1.229         6912          864
        3456            2           0.456        13824         1728
        3456            4           0.625        27648         3456
        3456            8           0.520        55296         6912
        3456           16           0.529       110592        13824
        3456           32           0.623       221184        27648
        3456           64           0.796       442368        55296
        3456          128           1.172       884736       110592
        3456          256           2.205      1769472       221184
        3456          512           3.936      3538944       442368
        3456         1024           7.503      7077888       884736
        3456         2048          14.696     14155776      1769472
        3456         4096          28.866     28311552      3538944
        3456         8192          57.803     56623104      7077888
        3792            1           0.858         7584          948
        3792            2           0.486        15168         1896
        3792            4           0.471        30336         3792
        3792            8           0.650        60672         7584
        3792           16           0.522       121344        15168
        3792           32           0.702       242688        30336
        3792           64           0.918       485376        60672
        3792          128           1.452       970752       121344
        3792          256           2.282      1941504       242688
        3792          512           4.220      3883008       485376
        3792         1024           8.337      7766016       970752
        3792         2048          16.395     15532032      1941504
        3792         4096          32.572     31064064      3883008
        4128            1           0.910         8256         1032
        4128            2           0.568        16512         2064
        4128            4           0.437        33024         4128
        4128            8           0.574        66048         8256
        4128           16           0.555       132096        16512
        4128           32           0.686       264192        33024
        4128           64           0.905       528384        66048
        4128          128           1.346      1056768       132096
        4128          256           2.529      2113536       264192
        4128          512           4.658      4227072       528384
        4128         1024           9.051      8454144      1056768
        4128         2048          17.688     16908288      2113536
        4128         4096          34.929     33816576      4227072
        4512            1           1.697         9024         1128
        4512            2           0.595        18048         2256
        4512            4           0.648        36096         4512
        4512            8           0.481        72192         9024
        4512           16           0.642       144384        18048
        4512           32           0.643       288768        36096
        4512           64           0.935       577536        72192
        4512          128           1.431      1155072       144384
        4512          256           2.603      2310144       288768
        4512          512           4.999      4620288       577536
        4512         1024           9.531      9240576      1155072
        4512         2048          18.802     18481152      2310144
        4512         4096          37.209     36962304      4620288
        4944            1           0.685         9888         1236
        4944            2           0.593        19776         2472
        4944            4           0.638        39552         4944
        4944            8           0.669        79104         9888
        4944           16           0.575       158208        19776
        4944           32           0.600       316416        39552
        4944           64           0.984       632832        79104
        4944          128           1.487      1265664       158208
        4944          256           2.845      2531328       316416
        4944          512           5.309      5062656       632832
        4944         1024          10.465     10125312      1265664
        4944         2048          20.305     20250624      2531328
        4944         4096          40.242     40501248      5062656
        5424            1           0.455        10848         1356
        5424            2           0.555        21696         2712
        5424            4           0.562        43392         5424
        5424            8           0.680        86784        10848
        5424           16           0.579       173568        21696
        5424           32           0.798       347136        43392
        5424           64           0.964       694272        86784
        5424          128           1.708      1388544       173568
        5424          256           2.931      2777088       347136
        5424          512           5.600      5554176       694272
        5424         1024          10.605     11108352      1388544
        5424         2048          21.185     22216704      2777088
        5424         4096          41.879     44433408      5554176
        5952            1           0.603        11904         1488
        5952            2           0.692        23808         2976
        5952            4           0.702        47616         5952
        5952            8           0.630        95232        11904
        5952           16           0.710       190464        23808
        5952           32           0.826       380928        47616
        5952           64           1.153       761856        95232
        5952          128           1.839      1523712       190464
        5952          256           3.481      3047424       380928
        5952          512           7.181      6094848       761856
        5952         1024          11.591     12189696      1523712
        5952         2048          21.132     24379392      3047424
        5952         4096          41.902     48758784      6094848
        6528            1           0.705        13056         1632
        6528            2           0.482        26112         3264
        6528            4           0.443        52224         6528
        6528            8           0.572       104448        13056
        6528           16           0.635       208896        26112
        6528           32           0.864       417792        52224
        6528           64           1.318       835584       104448
        6528          128           2.004      1671168       208896
        6528          256           3.587      3342336       417792
        6528          512           6.693      6684672       835584
        6528         1024          13.280     13369344      1671168
        6528         2048          25.486     26738688      3342336
        6528         4096          52.191     53477376      6684672
        7152            1           0.305        14304         1788
        7152            2           0.517        28608         3576
        7152            4           0.484        57216         7152
        7152            8           0.838       114432        14304
        7152           16           0.715       228864        28608
        7152           32           0.827       457728        57216
        7152           64           1.167       915456       114432
        7152          128           1.814      1830912       228864
        7152          256           3.409      3661824       457728
        7152          512           6.379      7323648       915456
        7152         1024          12.562     14647296      1830912
        7152         2048          24.940     29294592      3661824
        7152         4096          49.581     58589184      7323648
        7824            1           0.312        15648         1956
        7824            2           0.629        31296         3912
        7824            4           0.589        62592         7824
        7824            8           0.801       125184        15648
        7824           16           0.675       250368        31296
        7824           32           1.001       500736        62592
        7824           64           1.293      1001472       125184
        7824          128           2.267      2002944       250368
        7824          256           4.022      4005888       500736
        7824          512           7.670      8011776      1001472
        7824         1024          15.048     16023552      2002944
        7824         2048          29.762     32047104      4005888
        8592            1           0.594        17184         2148
        8592            2           0.421        34368         4296
        8592            4           0.454        68736         8592
        8592            8           0.705       137472        17184
        8592           16           0.722       274944        34368
        8592           32           1.045       549888        68736
        8592           64           1.413      1099776       137472
        8592          128           2.303      2199552       274944
        8592          256           4.391      4399104       549888
        8592          512           8.144      8798208      1099776
        8592         1024          15.453     17596416      2199552
        8592         2048          30.669     35192832      4399104
        9408            1           0.744        18816         2352
        9408            2           0.594        37632         4704
        9408            4           0.532        75264         9408
        9408            8           0.520       150528        18816
        9408           16           0.703       301056        37632
        9408           32           0.865       602112        75264
        9408           64           1.272      1204224       150528
        9408          128           2.280      2408448       301056
        9408          256           4.153      4816896       602112
        9408          512           7.893      9633792      1204224
        9408         1024          15.380     19267584      2408448
        9408         2048          30.336     38535168      4816896
       10320            1           0.509        20640         2580
       10320            2           0.385        41280         5160
       10320            4           0.622        82560        10320
       10320            8           0.680       165120        20640
       10320           16           0.740       330240        41280
       10320           32           1.016       660480        82560
       10320           64           1.404      1320960       165120
       10320          128           2.519      2641920       330240
       10320          256           4.469      5283840       660480
       10320          512           8.832     10567680      1320960
       10320         1024          17.197     21135360      2641920
       10320         2048          33.723     42270720      5283840
       11328            1           0.707        22656         2832
       11328            2           0.566        45312         5664
       11328            4           0.633        90624        11328
       11328            8           0.662       181248        22656
       11328           16           0.720       362496        45312
       11328           32           1.035       724992        90624
       11328           64           1.651      1449984       181248
       11328          128           2.984      2899968       362496
       11328          256           5.823      5799936       724992
       11328          512           9.245     11599872      1449984
       11328         1024          17.711     23199744      2899968
       11328         2048          35.054     46399488      5799936
       12432            1           0.334        24864         3108
       12432            2           0.721        49728         6216
       12432            4           0.713        99456        12432
       12432            8           0.707       198912        24864
       12432           16           0.750       397824        49728
       12432           32           1.112       795648        99456
       12432           64           1.702      1591296       198912
       12432          128           2.932      3182592       397824
       12432          256           5.244      6365184       795648
       12432          512           9.984     12730368      1591296
       12432         1024          19.616     25460736      3182592
       12432         2048          38.942     50921472      6365184
       13632            1           0.558        27264         3408
       13632            2           0.580        54528         6816
       13632            4           0.701       109056        13632
       13632            8           0.623       218112        27264
       13632           16           0.703       436224        54528
       13632           32           1.083       872448       109056
       13632           64           1.712      1744896       218112
       13632          128           3.066      3489792       436224
       13632          256           5.488      6979584       872448
       13632          512          10.689     13959168      1744896
       13632         1024          20.933     27918336      3489792
       13632         2048          41.545     55836672      6979584
       14976            1           0.665        29952         3744
       14976            2           0.456        59904         7488
       14976            4           0.757       119808        14976
       14976            8           0.708       239616        29952
       14976           16           0.950       479232        59904
       14976           32           1.267       958464       119808
       14976           64           1.995      1916928       239616
       14976          128           3.391      3833856       479232
       14976          256           6.437      7667712       958464
       14976          512          12.526     15335424      1916928
       14976         1024          24.710     30670848      3833856
       14976         2048          49.226     61341696      7667712
       16464            1           0.874        32928         4116
       16464            2           0.702        65856         8232
       16464            4           0.544       131712        16464
       16464            8           0.722       263424        32928
       16464           16           0.903       526848        65856
       16464           32           1.361      1053696       131712
       16464           64           2.205      2107392       263424
       16464          128           3.803      4214784       526848
       16464          256           7.261      8429568      1053696
       16464          512          13.958     16859136      2107392
       16464         1024          33.708     33718272      4214784
       18096            1           0.843        36192         4524
       18096            2           0.625        72384         9048
       18096            4           0.634       144768        18096
       18096            8           0.857       289536        36192
       18096           16           1.004       579072        72384
       18096           32           1.433      1158144       144768
       18096           64           2.146      2316288       289536
       18096          128           3.825      4632576       579072
       18096          256           7.235      9265152      1158144
       18096          512          13.877     18530304      2316288
       18096         1024          27.729     37060608      4632576
       19872            1           1.046        39744         4968
       19872            2           0.590        79488         9936
       19872            4           0.776       158976        19872
       19872            8           0.872       317952        39744
       19872           16           0.977       635904        79488
       19872           32           1.506      1271808       158976
       19872           64           2.378      2543616       317952
       19872          128           4.452      5087232       635904
       19872          256           8.224     10174464      1271808
       19872          512          16.145     20348928      2543616
       19872         1024          31.858     40697856      5087232
       21840            1           1.362        43680         5460
       21840            2           0.666        87360        10920
       21840            4           0.720       174720        21840
       21840            8           0.867       349440        43680
       21840           16           1.086       698880        87360
       21840           32           1.506      1397760       174720
       21840           64           2.541      2795520       349440
       21840          128           4.779      5591040       698880
       21840          256           9.039     11182080      1397760
       21840          512          17.562     22364160      2795520
       21840         1024          34.571     44728320      5591040
       24000            1           0.857        48000         6000
       24000            2           0.635        96000        12000
       24000            4           0.782       192000        24000
       24000            8           0.812       384000        48000
       24000           16           1.140       768000        96000
       24000           32           1.788      1536000       192000
       24000           64           2.724      3072000       384000
       24000          128           4.994      6144000       768000
       24000          256           9.478     12288000      1536000
       24000          512          18.475     24576000      3072000
       24000         1024          36.127     49152000      6144000
       26400            1           0.598        52800         6600
       26400            2           0.604       105600        13200
       26400            4           0.944       211200        26400
       26400            8           0.893       422400        52800
       26400           16           1.167       844800       105600
       26400           32           1.976      1689600       211200
       26400           64           4.114      3379200       422400
       26400          128           7.873      6758400       844800
       26400          256          15.773     13516800      1689600
       26400          512          31.556     27033600      3379200
       26400         1024          62.324     54067200      6758400
       29040            1           1.744        58080         7260
       29040            2           0.568       116160        14520
       29040            4           0.697       232320        29040
       29040            8           0.876       464640        58080
       29040           16           1.660       929280       116160
       29040           32           2.473      1858560       232320
       29040           64           4.457      3717120       464640
       29040          128           9.132      7434240       929280
       29040          256          17.084     14868480      1858560
       29040          512          34.246     29736960      3717120
       29040         1024          67.848     59473920      7434240
       31920            1           2.164        63840         7980
       31920            2           0.530       127680        15960
       31920            4           0.758       255360        31920
       31920            8           0.887       510720        63840
       31920           16           1.426      1021440       127680
       31920           32           2.131      2042880       255360
       31920           64           3.673      4085760       510720
       31920          128           6.435      8171520      1021440
       31920          256          12.443     16343040      2042880
       31920          512          24.672     32686080      4085760
       35088            1           0.744        70176         8772
       35088            2           0.676       140352        17544
       35088            4           0.756       280704        35088
       35088            8           0.987       561408        70176
       35088           16           1.420      1122816       140352
       35088           32           2.312      2245632       280704
       35088           64           3.978      4491264       561408
       35088          128          17.716      8982528      1122816
       35088          256          22.293     17965056      2245632
       35088          512          26.659     35930112      4491264
       38592            1           1.006        77184         9648
       38592            2           0.723       154368        19296
       38592            4           0.761       308736        38592
       38592            8           1.060       617472        77184
       38592           16           1.509      1234944       154368
       38592           32           2.202      2469888       308736
       38592           64           4.128      4939776       617472
       38592          128           7.756      9879552      1234944
       38592          256          14.853     19759104      2469888
       38592          512          34.251     39518208      4939776
       42432            1           0.883        84864        10608
       42432            2           0.865       169728        21216
       42432            4           0.843       339456        42432
       42432            8           1.032       678912        84864
       42432           16           1.525      1357824       169728
       42432           32           2.577      2715648       339456
       42432           64           4.498      5431296       678912
       42432          128           8.481     10862592      1357824
       42432          256          16.453     21725184      2715648
       42432          512          32.412     43450368      5431296
       46656            1           1.330        93312        11664
       46656            2           0.731       186624        23328
       46656            4           0.788       373248        46656
       46656            8           1.109       746496        93312
       46656           16           1.621      1492992       186624
       46656           32           2.680      2985984       373248
       46656           64           4.915      5971968       746496
       46656          128           9.232     11943936      1492992
       46656          256          17.760     23887872      2985984
       46656          512          35.046     47775744      5971968
       51312            1           0.728       102624        12828
       51312            2           0.864       205248        25656
       51312            4           0.945       410496        51312
       51312            8           1.270       820992       102624
       51312           16           1.833      1641984       205248
       51312           32           2.892      3283968       410496
       51312           64           5.248      6567936       820992
       51312          128           9.983     13135872      1641984
       51312          256          19.597     26271744      3283968
       51312          512          38.729     52543488      6567936
       56400            1           0.870       112800        14100
       56400            2           0.887       225600        28200
       56400            4           0.987       451200        56400
       56400            8           1.380       902400       112800
       56400           16           1.881      1804800       225600
       56400           32           3.154      3609600       451200
       56400           64           5.847      7219200       902400
       56400          128          10.939     14438400      1804800
       56400          256          21.379     28876800      3609600
       56400          512          42.067     57753600      7219200
       62016            1           1.771       124032        15504
       62016            2           0.874       248064        31008
       62016            4           1.048       496128        62016
       62016            8           1.476       992256       124032
       62016           16           2.479      1984512       248064
       62016           32           4.547      3969024       496128
       62016           64           6.685      7938048       992256
       62016          128          16.230     15876096      1984512
       62016          256          23.277     31752192      3969024
       68208            1           1.178       136416        17052
       68208            2           0.581       272832        34104
       68208            4           0.952       545664        68208
       68208            8           1.438      1091328       136416
       68208           16           2.237      2182656       272832
       68208           32           3.886      4365312       545664
       68208           64           6.844      8730624      1091328
       68208          128          13.066     17461248      2182656
       68208          256          25.811     34922496      4365312
       75024            1           1.245       150048        18756
       75024            2           0.806       300096        37512
       75024            4           1.266       600192        75024
       75024            8           1.923      1200384       150048
       75024           16           3.130      2400768       300096
       75024           32           5.816      4801536       600192
       75024           64          10.752      9603072      1200384
       75024          128          14.475     19206144      2400768
       75024          256          28.362     38412288      4801536
       82512            1           2.039       165024        20628
       82512            2           0.877       330048        41256
       82512            4           1.206       660096        82512
       82512            8           1.524      1320192       165024
       82512           16           2.513      2640384       330048
       82512           32           4.466      5280768       660096
       82512           64           8.182     10561536      1320192
       82512          128          16.351     21123072      2640384
       82512          256          35.845     42246144      5280768
       90720            1           1.730       181440        22680
       90720            2           0.762       362880        45360
       90720            4           1.225       725760        90720
       90720            8           1.730      1451520       181440
       90720           16           2.878      2903040       362880
       90720           32           4.797      5806080       725760
       90720           64           8.945     11612160      1451520
       90720          128          17.334     23224320      2903040
       90720          256          34.001     46448640      5806080
       99792            1           2.000       199584        24948
       99792            2           0.965       399168        49896
       99792            4           1.211       798336        99792
       99792            8           1.931      1596672       199584
       99792           16           2.919      3193344       399168
       99792           32           5.239      6386688       798336
       99792           64           9.765     12773376      1596672
       99792          128          19.051     25546752      3193344
       99792          256          37.322     51093504      6386688
      109728            1           3.904       219456        27432
      109728            2           0.801       438912        54864
      109728            4           1.380       877824       109728
      109728            8           1.935      1755648       219456
      109728           16           3.252      3511296       438912
      109728           32           5.661      7022592       877824
      109728           64          10.695     14045184      1755648
      109728          128          20.772     28090368      3511296
      109728          256          40.693     56180736      7022592
      120672            1           2.583       241344        30168
      120672            2           0.990       482688        60336
      120672            4           1.446       965376       120672
      120672            8           2.081      1930752       241344
      120672           16           3.438      3861504       482688
      120672           32           6.275      7723008       965376
      120672           64          11.656     15446016      1930752
      120672          128          22.731     30892032      3861504
      120672          256          44.818     61784064      7723008
      132720            1           3.076       265440        33180
      132720            2           0.954       530880        66360
      132720            4           1.503      1061760       132720
      132720            8           2.148      2123520       265440
      132720           16           3.842      4247040       530880
      132720           32           6.881      8494080      1061760
      132720           64          12.777     16988160      2123520
      132720          128          24.895     33976320      4247040
      145968            1           7.367       291936        36492
      145968            2           2.826       583872        72984
      145968            4           5.181      1167744       145968
      145968            8           8.178      2335488       291936
      145968           16          13.691      4670976       583872
      145968           32          27.474      9341952      1167744
      145968           64          24.021     18683904      2335488
      145968          128          36.662     37367808      4670976
      160560            1           5.851       321120        40140
      160560            2           1.565       642240        80280
      160560            4           2.152      1284480       160560
      160560            8           4.373      2568960       321120
      160560           16           7.028      5137920       642240
      160560           32          12.128     10275840      1284480
      160560           64          23.152     20551680      2568960
      160560          128          45.635     41103360      5137920
      176592            1           4.377       353184        44148
      176592            2           2.194       706368        88296
      176592            4           3.091      1412736       176592
      176592            8           5.209      2825472       353184
      176592           16           8.875      5650944       706368
      176592           32          15.464     11301888      1412736
      176592           64          28.808     22603776      2825472
      176592          128          61.441     45207552      5650944
      194208            1           2.442       388416        48552
      194208            2           2.413       776832        97104
      194208            4           3.810      1553664       194208
      194208            8           5.985      3107328       388416
      194208           16           9.630      6214656       776832
      194208           32          17.368     12429312      1553664
      194208           64          33.917     24858624      3107328
      194208          128          72.148     49717248      6214656
      213600            1           5.269       427200        53400
      213600            2           2.006       854400       106800
      213600            4           3.127      1708800       213600
      213600            8           6.968      3417600       427200
      213600           16          13.663      6835200       854400
      213600           32          19.941     13670400      1708800
      213600           64          41.420     27340800      3417600
      213600          128          81.580     54681600      6835200
      234960            1           6.727       469920        58740
      234960            2           3.490       939840       117480
      234960            4           6.463      1879680       234960
      234960            8           8.026      3759360       469920
      234960           16          16.012      7518720       939840
      234960           32          45.993     15037440      1879680
      234960           64          47.562     30074880      3759360
      234960          128          95.525     60149760      7518720
      258432            1           5.184       516864        64608
      258432            2           5.219      1033728       129216
      258432            4           4.227      2067456       258432
      258432            8           7.368      4134912       516864
      258432           16          13.922      8269824      1033728
      258432           32          26.322     16539648      2067456
      258432           64          58.333     33079296      4134912
      284256            1           6.472       568512        71064
      284256            2           3.029      1137024       142128
      284256            4           5.513      2274048       284256
      284256            8           9.151      4548096       568512
      284256           16          19.072      9096192      1137024
      284256           32          30.845     18192384      2274048
      284256           64          74.043     36384768      4548096
      312672            1           9.609       625344        78168
      312672            2           2.700      1250688       156336
      312672            4           5.656      2501376       312672
      312672            8           7.249      5002752       625344
      312672           16          15.262     10005504      1250688
      312672           32          33.103     20011008      2501376
      312672           64          62.650     40022016      5002752
      343920            1           5.130       687840        85980
      343920            2           2.629      1375680       171960
      343920            4           6.085      2751360       343920
      343920            8           9.700      5502720       687840
      343920           16          18.794     11005440      1375680
      343920           32          34.733     22010880      2751360
      343920           64          68.887     44021760      5502720
      378288            1           9.256       756576        94572
      378288            2           3.100      1513152       189144
      378288            4           5.886      3026304       378288
      378288            8          10.667      6052608       756576
      378288           16          20.411     12105216      1513152
      378288           32          39.342     24210432      3026304
      378288           64          75.258     48420864      6052608
      416112            1           8.410       832224       104028
      416112            2           4.575      1664448       208056
      416112            4           6.089      3328896       416112
      416112            8          14.894      6657792       832224
      416112           16          19.022     13315584      1664448
      416112           32          39.075     26631168      3328896
      416112           64          75.140     53262336      6657792
      457680            1           6.448       915360       114420
      457680            2           3.042      1830720       228840
      457680            4           6.194      3661440       457680
      457680            8          16.856      7322880       915360
      457680           16          21.716     14645760      1830720
      457680           32          42.992     29291520      3661440
      457680           64          81.055     58583040      7322880
      503424            1          16.807      1006848       125856
      503424            2          14.307      2013696       251712
      503424            4          30.495      4027392       503424
      503424            8          46.576      8054784      1006848
      503424           16          83.548     16109568      2013696
      503424           32         161.601     32219136      4027392
      553728            1           9.383      1107456       138432
      553728            2           5.047      2214912       276864
      553728            4           8.404      4429824       553728
      553728            8          14.991      8859648      1107456
      553728           16          28.572     17719296      2214912
      553728           32          55.501     35438592      4429824
      609072            1          10.196      1218144       152268
      609072            2           5.358      2436288       304536
      609072            4           9.057      4872576       609072
      609072            8          16.497      9745152      1218144
      609072           16          31.197     19490304      2436288
      609072           32          61.084     38980608      4872576
      669936            1          10.495      1339872       167484
      669936            2           5.999      2679744       334968
      669936            4          11.311      5359488       669936
      669936            8          29.807     10718976      1339872
      669936           16          34.683     21437952      2679744
      669936           32          83.269     42875904      5359488
      736896            1          15.636      1473792       184224
      736896            2           6.374      2947584       368448
      736896            4          12.197      5895168       736896
      736896            8          20.512     11790336      1473792
      736896           16          47.886     23580672      2947584
      736896           32          88.353     47161344      5895168
      810576            1          15.302      1621152       202644
      810576            2          10.187      3242304       405288
      810576            4          21.478      6484608       810576
      810576            8          37.429     12969216      1621152
      810576           16          48.998     25938432      3242304
      810576           32          82.539     51876864      6484608
      891600            1          14.772      1783200       222900
      891600            2           8.419      3566400       445800
      891600            4          13.424      7132800       891600
      891600            8          24.259     14265600      1783200
      891600           16          48.249     28531200      3566400
      891600           32         103.688     57062400      7132800
      980736            1          15.695      1961472       245184
      980736            2           8.603      3922944       490368
      980736            4          15.302      7845888       980736
      980736            8          27.238     15691776      1961472
      980736           16          51.464     31383552      3922944
     1078800            1          21.953      2157600       269700
     1078800            2          11.998      4315200       539400
     1078800            4          19.747      8630400      1078800
     1078800            8          34.394     17260800      2157600
     1078800           16          62.187     34521600      4315200
     1186656            1          28.395      2373312       296664
     1186656            2          21.748      4746624       593328
     1186656            4          23.060      9493248      1186656
     1186656            8          38.144     18986496      2373312
     1186656           16          71.012     37972992      4746624
     1305312            1          23.481      2610624       326328
     1305312            2          10.484      5221248       652656
     1305312            4          17.109     10442496      1305312
     1305312            8          32.094     20884992      2610624
     1305312           16          51.150     41769984      5221248
     1435824            1          27.201      2871648       358956
     1435824            2          11.313      5743296       717912
     1435824            4          18.635     11486592      1435824
     1435824            8          34.135     22973184      2871648
     1435824           16          67.548     45946368      5743296
     1579392            1          26.465      3158784       394848
     1579392            2          13.070      6317568       789696
     1579392            4          21.745     12635136      1579392
     1579392            8          39.527     25270272      3158784
     1579392           16          74.492     50540544      6317568
     1737312            1          32.114      3474624       434328
     1737312            2          14.288      6949248       868656
     1737312            4          24.160     13898496      1737312
     1737312            8          43.555     27796992      3474624
     1737312           16          81.737     55593984      6949248
     1911024            1          33.843      3822048       477756
     1911024            2          15.886      7644096       955512
     1911024            4          33.263     15288192      1911024
     1911024            8         112.387     30576384      3822048
     1911024           16         202.715     61152768      7644096
     2102112            1          56.329      4204224       525528
     2102112            2          22.789      8408448      1051056
     2102112            4          35.232     16816896      2102112
     2102112            8          63.106     33633792      4204224
     2312304            1          42.178      4624608       578076
     2312304            2          15.046      9249216      1156152
     2312304            4          25.248     18498432      2312304
     2312304            8          46.223     36996864      4624608
     2543520            1          38.212      5087040       635880
     2543520            2          22.857     10174080      1271760
     2543520            4          27.840     20348160      2543520
     2543520            8          50.557     40696320      5087040
     2797872            1          38.201      5595744       699468
     2797872            2          18.477     11191488      1398936
     2797872            4          30.398     22382976      2797872
     2797872            8          55.723     44765952      5595744
     3077616            1          40.899      6155232       769404
     3077616            2          20.605     12310464      1538808
     3077616            4          33.303     24620928      3077616
     3077616            8          63.854     49241856      6155232
     3385344            1          46.352      6770688       846336
     3385344            2          25.380     13541376      1692672
     3385344            4          40.427     27082752      3385344
     3385344            8          72.616     54165504      6770688
     3723840            1          45.474      7447680       930960
     3723840            2          29.701     14895360      1861920
     3723840            4          42.190     29790720      3723840
     3723840            8          75.255     59581440      7447680
     4096224            1          53.042      8192448      1024056
     4096224            2          32.268     16384896      2048112
     4096224            4          49.340     32769792      4096224
     4505808            1          61.260      9011616      1126452
     4505808            2          36.096     18023232      2252904
     4505808            4          55.690     36046464      4505808
     4956384            1          81.662      9912768      1239096
     4956384            2          50.510     19825536      2478192
     4956384            4          74.240     39651072      4956384
     5451984            1          74.405     10903968      1362996
     5451984            2          66.275     21807936      2725992
     5451984            4         124.261     43615872      5451984
     5997168            1          76.080     11994336      1499292
     5997168            2         103.522     23988672      2998584
     5997168            4         107.627     47977344      5997168
     6596880            1          95.479     13193760      1649220
     6596880            2          86.954     26387520      3298440
     6596880            4         149.886     52775040      6596880
     7256544            1          81.033     14513088      1814136
     7256544            2         126.495     29026176      3628272
     7256544            4         149.302     58052352      7256544
     7982160            1          87.681     15964320      1995540
     7982160            2         118.486     31928640      3991080
     8780352            1          93.625     17560704      2195088
     8780352            2         163.310     35121408      4390176
     9658368            1         104.926     19316736      2414592
     9658368            2         175.036     38633472      4829184
    10624176            1         122.428     21248352      2656044
    10624176            2         159.983     42496704      5312088
    11686560            1         108.908     23373120      2921640
    11686560            2         183.370     46746240      5843280
    12855216            1         115.205     25710432      3213804
    12855216            2         197.810     51420864      6427608
    14140704            1         139.195     28281408      3535176
    14140704            2         228.693     56562816      7070352
    15554736            1         154.908     31109472      3888684
    17110176            1         189.201     34220352      4277544
    18821184            1         234.001     37642368      4705296
    20703264            1         316.852     41406528      5175816
    22773552            1         404.819     45547104      5693388
    25050864            1         431.215     50101728      6262716
    27555936            1         460.812     55111872      6888984
    30311520            1         510.341     60623040      7577880

META_DATA
FLOPS          2
OPENMP_THREADS 6
ERT_VERSION  1.1.0
HOSTNAME  ('cirrus4.computing.clemson.edu', ['cirrus4'], ['127.0.1.1'])
UNAME  uname_result(system='Linux', node='cirrus4.computing.clemson.edu', release='5.4.0-81-generic', version='#91-Ubuntu SMP Thu Jul 15 19:09:17 UTC 2021', machine='x86_64', processor='x86_64')
TIMESTAMP_DATA  1632245404.7584884
CONFIG  {'ERT_RESULTS': ['Results.cs.clemson.edu'], 'ERT_DRIVER': ['driver1'], 'ERT_KERNEL': ['kernel1'], 'ERT_MPI': ['False'], 'ERT_MPI_CFLAGS': [], 'ERT_MPI_LDFLAGS': [], 'ERT_OPENMP': ['True'], 'ERT_OPENMP_CFLAGS': ['-fopenmp'], 'ERT_OPENMP_LDFLAGS': ['-fopenmp'], 'ERT_FLOPS': ['1,2,4'], 'ERT_ALIGN': ['32'], 'ERT_CC': ['g++'], 'ERT_CFLAGS': ['-O3', '-std=c++11', '-fstrict-aliasing', '-march=native'], 'ERT_LD': ['g++'], 'ERT_LDFLAGS': [], 'ERT_LDLIBS': [], 'ERT_PRECISION': ['FP64'], 'ERT_RUN': ['export', 'OMP_NUM_THREADS=ERT_OPENMP_THREADS;', 'export', 'OMP_PLACES=threads;', 'export', 'OMP_PROC_BIND=spread;', './ERT_CODE'], 'ERT_PROCS_THREADS': ['8'], 'ERT_MPI_PROCS': ['2,4,8'], 'ERT_OPENMP_THREADS': ['1-8'], 'ERT_NUM_EXPERIMENTS': ['5'], 'ERT_MEMORY_MAX': ['31000000'], 'ERT_WORKING_SET_MIN': ['1'], 'ERT_TRIALS_MIN': ['1'], 'ERT_GNUPLOT': ['gnuplot'], 'ERT_GPU': [False], 'ERT_HIP': [False], 'ERT_OCL': [False], 'ERT_SYCL': [False], 'ERT_WSS_MULT': [1.1]}
