fp64
 16 1048576 2324.025 3916.19 3936.869 8.523126372759673 8.568131781144428 14.438068437301665 0.5326953982974796 0.5355082363215268 0.902379277331354
 32 524288 893.747 1481.024 2070.496 16.205987357618657 22.656237846246924 37.54354643987617 1.012874209851166 1.4160148653904328 2.3464716524922604
 48 524288 888.597 1357.454 1363.812 36.905121820309546 37.077976859621025 56.64170371945888 2.3065701137693466 2.317373553726314 3.54010648246618
 64 262144 496.789 720.484 762.763 43.99063929424998 46.57207099671887 67.54262272312793 2.749414955890624 2.9107544372949294 4.221413920195496
 80 262144 499.504 528.705 765.185 54.81424753490987 79.33164997493876 83.96937762260163 3.4258904709318667 4.958228123433672 5.248086101412602
 96 262144 501.3 513.425 615.895 81.72115052078682 98.03115937089157 100.402250149611 5.107571907549176 6.126947460680723 6.275140634350688
 112 262144 501.589 501.767 532.081 110.35961817843524 117.02693879828686 117.06846840740128 6.897476136152203 7.314183674892929 7.31677927546258
 128 131072 246.494 252.434 279.504 120.04991699582116 132.9235839863093 136.12676981995506 7.503119812238823 8.307723999144331 8.507923113747191
 144 131072 249.628 278.96 282.726 133.51703062328897 135.3195296816748 151.21995929943756 8.344814413955561 8.457470605104675 9.451247456214848
 160 131072 281.518 282.934 288.543 145.36148858229103 148.2431945259318 148.98883907956153 9.08509303639319 9.265199657870738 9.311802442472596
 176 131072 282.746 282.847 288.214 160.08016265691464 163.11767139124686 163.17593882848917 10.005010166057165 10.194854461952929 10.198496176780573
 192 131072 281.479 285.14 302.032 166.64342851088628 176.51556428421128 178.81137846873122 10.415214281930393 11.032222767763205 11.175711154295701
 208 131072 283.37 283.543 283.982 192.00495806072217 192.30223281830268 192.4196351060451 12.000309878795136 12.018889551143918 12.026227194127818
 224 131072 283.784 284.774 299.769 195.88501813062723 206.19949854972714 206.91883968088408 12.242813633164202 12.887468659357946 12.932427480055255
 240 65536 142.374 142.763 148.564 211.7422794216634 220.3461681247942 220.9482068355177 13.233892463853962 13.771635507799637 13.809262927219857
 256 65536 141.856 142.958 143.248 234.24014296883732 234.71531498761877 236.5386871193323 14.640008935552332 14.669707186726173 14.78366794495827
 272 65536 142.261 142.325 142.586 250.03565567447012 250.49417881608997 250.6068704704733 15.627228479654383 15.655886176005623 15.662929404404581
 288 65536 142.257 142.409 142.598 264.7213565407649 265.0726850128854 265.35591218709794 16.545084783797805 16.56704281330534 16.58474451169362
 304 65536 148.84 148.861 148.962 267.49028611323695 267.6717743398204 267.70954044611665 16.71814288207731 16.729485896238774 16.73184627788229
 320 65536 144.016 145.09 152.375 275.2619524200164 289.0829140533462 291.23875124986114 17.203872026251027 18.067682128334138 18.20242195311632
 352 65536 148.509 150.806 151.073 305.3976819153654 305.9383844144132 310.6703566787198 19.087355119710338 19.121149025900824 19.41689729241999
 384 65536 181.458 182.763 189.53 265.5603229040257 275.3929843567899 277.37354098469064 16.597520181501608 17.21206152229937 17.335846311543165
 416 65536 224.296 226.021 226.039 241.22364724671408 241.24285796452543 243.09819167528624 15.07647795291963 15.07767862278284 15.19363697970539
 448 65536 218.191 218.254 218.58 268.6442309451917 269.04549744792763 269.1231810661301 16.79026443407448 16.815343590495477 16.82019881663313
 480 32768 107.506 107.592 109.072 288.4083907877365 292.3756413116217 292.6095287704872 18.02552442423353 18.273477581976355 18.28809554815545
 528 32768 119.963 120.064 120.199 287.8809973460678 288.2046908315565 288.4473379291948 17.992562334129236 18.01279317697228 18.027958620574676
 576 32768 132.294 132.495 139.308 270.97321044017576 284.9068719574324 285.3397432990158 16.935825652510985 17.806679497339523 17.83373395618849
 624 32768 134.98 135.048 136.817 298.8989964697369 302.81428825306557 302.9668395317825 18.681187279358557 18.925893015816598 18.935427470736407
 672 32768 142.589 142.673 144.316 305.1649990299066 308.67923152944144 308.8610762401027 19.072812439369162 19.29245197059009 19.30381726500642
 736 32768 152.105 152.12 153.088 315.07692307692315 317.08188272416515 317.11315209887914 19.692307692307697 19.817617670260322 19.819572006179946
 800 32768 163.579 163.674 166.424 315.03148584338794 320.3245475762796 320.5105789863002 19.689467865211746 20.020284223517475 20.03191118664376
 880 32768 171.886 172.451 178.372 323.32249456192676 334.42357539243034 335.5228465378216 20.207655910120423 20.901473462026896 20.97017790861385
 960 16384 79.737 81.876 82.27 382.36635468579067 384.20636083834086 394.5129613604725 23.897897167861917 24.012897552396304 24.65706008502953
 1056 16384 99.489 99.511 100.15 345.5118122815776 347.73048205726 347.8073756897747 21.5944882675986 21.73315512857875 21.737960980610918
 1152 16384 94.432 94.555 96.117 392.73735135303843 399.225170535667 399.74517112843097 24.546084459564902 24.95157315847919 24.984073195526936
 1264 16384 112.481 113.511 119.577 346.3772464604398 364.8875615579107 368.2288742098666 21.648577903777486 22.80547259736942 23.014304638116663
 1376 16384 117.87 117.953 118.819 379.4743938259033 382.2604596746162 382.52963434292013 23.717149614118956 23.89127872966351 23.90810214643251
 1504 16384 125.102 125.145 126.613 389.24179981518483 393.80775899956046 393.943118415373 24.327612488449052 24.61298493747253 24.621444900960814
 1648 16384 134.253 135.487 135.749 397.8052435008729 398.57450530309177 402.23804309773345 24.862827718804557 24.910906581443236 25.13987769360834
 1808 16384 142.339 142.585 143.194 413.73621799796086 415.5033418662552 416.2214431743935 25.858513624872554 25.96895886664095 26.013840198399595
 1984 8192 75.395 75.537 75.579 430.09110996440813 430.33024875226704 431.1407387757809 26.88069437277551 26.89564054701669 26.946296173486306
 2176 8192 96.306 101.271 102.932 346.3605487117709 352.04139388373767 370.190683861857 21.64753429448568 22.002587117733604 23.136917741366062
 2384 8192 89.104 89.178 99.222 393.6572131180585 437.9943035277759 438.3580535105046 24.603575819878657 27.374643970485995 27.397378344406537
 2608 8192 114.726 115.501 120.446 354.76040715341315 369.94893550705183 372.4480239875878 22.172525447088322 23.12180846919074 23.27800149922424
 2864 8192 115.611 122.17 124.483 376.9492701814706 384.08591307194894 405.87639584468604 23.55932938634191 24.00536956699681 25.367274740292878
 3136 8192 112.406 112.508 112.94 454.9338055604746 456.6806271554023 457.0950305143853 28.43336284752966 28.542539197212644 28.568439407149082
 3440 8192 124.474 124.658 125.433 449.3311967345116 452.1246931604871 452.79303308321414 28.083199795906975 28.257793322530443 28.299564567700884
 3776 8192 133.217 133.24 136.319 453.83243715109415 464.3199039327529 464.400069060255 28.364527321943385 29.019993995797055 29.02500431626594
 4144 4096 73.979 74.068 74.343 456.63543306027464 458.3308311281525 458.88222333364865 28.539714566267165 28.645676945509532 28.68013895835304
 4544 4096 79.142 79.243 97.543 381.62090565186634 469.7506151962949 470.35010487478206 23.851306603241646 29.359413449768432 29.39688155467388
 4992 4096 93.112 95.004 95.956 426.1793321939222 430.44991789819375 439.1964945442048 26.63620826212014 26.90311986863711 27.4497809090128
 5488 4096 100.459 101.341 105.175 427.4561064891847 443.6279097305138 447.5228302093391 26.716006655574045 27.726744358157113 27.970176888083692
 6032 4096 103.987 104.001 104.589 472.4602396045473 475.1314314285439 475.19539942492815 29.528764975284208 29.695714464283995 29.69971246405801
 6624 4096 118.453 122.731 124.519 435.78737381443784 442.1361188289837 458.1041256869813 27.236710863402365 27.63350742681148 28.631507855436332
 7280 4096 130.699 134.922 135.026 441.67612163583306 442.01657253820724 456.29851796876784 27.604757602239566 27.626035783637953 28.51865737304799
 8000 2048 69.93 72.242 73.361 446.6678480391488 453.58655629689093 468.5828685828685 27.9167405024468 28.349159768555683 29.286429286429282
 8800 2048 80.318 81.19 90.619 397.76205872940557 443.95615223549703 448.7761149431012 24.860128670587848 27.747259514718564 28.048507183943826
 9680 2048 86.809 86.959 100.212 395.65401349139825 455.9537253188284 456.74158209402253 24.72837584321239 28.497107832426774 28.54634888087641
 10640 2048 94.791 96.436 108.618 401.2358909204736 451.9208594300883 459.76347965524155 25.0772431825296 28.245053714380518 28.735217478452597
 11696 2048 104.054 105.086 116.128 412.53458252962247 455.88200140837023 460.4034059238472 25.783411408101404 28.49262508802314 28.77521287024045
 12864 2048 114.583 115.756 128.185 411.05389866209 455.18974394415847 459.8495762896765 25.690868666380624 28.449358996509904 28.740598518104782
 14144 2048 125.478 128.086 137.772 420.5050663414918 452.3041081773183 461.70503195779344 26.281566646343236 28.269006761082395 28.85656449736209
 15552 1024 68.054 69.055 72.996 436.3320729903009 461.233741220766 468.0179857172246 27.270754561893806 28.827108826297874 29.251124107326536
 17104 1024 76.145 76.36 81.37 430.4902543935111 458.73483499214257 460.0301004662158 26.905640899594445 28.67092718700891 28.751881279138487
 18800 1024 82.85 83.158 88.859 433.2976963503978 463.00295822410345 464.7242003621002 27.081106021899863 28.937684889006466 29.045262522631262
 20672 1024 90.77 91.231 94.828 446.4531151136795 464.05559513761773 466.41242701333044 27.903319694604967 29.003474696101108 29.150776688333153
 22736 1024 100.133 100.621 105.694 440.5484511892822 462.7595432365014 465.014810302298 27.53427819933014 28.922471452281336 29.063425643893623
 25008 1024 110.754 111.577 118.18 433.37607040108304 459.02277351066977 462.4337179695541 27.08600440006769 28.68892334441686 28.90210737309713
 27504 1024 120.753 120.949 121.655 463.0158398750565 465.71854252618874 466.47447268390846 28.93848999219103 29.107408907886796 29.15465454274428
 30240 1024 131.758 132.34 138.871 445.9643842126865 467.97279734018434 470.0399216745851 27.872774013292908 29.24829983376152 29.37749510466157
 33264 512 73.189 73.823 76.382 445.94716032573115 461.4054698400228 465.40239653499845 27.871697520358197 28.837841865001426 29.087649783437403
 36576 512 80.053 80.592 80.689 464.1750920199779 464.7337701012507 467.86284086792494 29.01094325124862 29.045860631328168 29.24142755424531
 40224 512 88.243 88.806 89.874 458.30135523065627 463.81298560908044 466.77216323107785 28.643834701916017 28.988311600567528 29.173260201942366
 44240 512 96.478 97.044 100.276 451.7707128325821 466.81670170232064 469.555339041025 28.23566955203638 29.17604385639504 29.34720869006406
 48656 512 105.769 106.465 108.494 459.23040905487863 467.98237918564786 471.06188013501117 28.701900565929915 29.24889869910299 29.441367508438198
 53520 512 116.622 117.208 120.714 454.0026840300214 467.58310012968406 469.9326027679169 28.375167751876337 29.223943758105253 29.370787672994805
 58864 512 129.565 130.443 131.298 459.0834285366114 462.0925308372238 465.2239107783738 28.692714283538212 28.88078317732649 29.076494423648363
 64736 256 71.418 72.224 72.479 457.3025566026021 458.91714665485154 464.0963342574701 28.581409787662633 28.68232166592822 29.006020891091882
 71200 256 97.826 111.724 114.153 319.34684151971476 326.2897855429451 372.64530901805244 19.959177594982172 20.393111596434068 23.290331813628278
 78320 256 128.803 136.528 138.005 290.5680228977211 293.71147310441813 311.32691008749794 18.16050143110757 18.356967069026133 19.45793188046862
 86144 256 151.075 151.968 152.311 289.5767738377399 290.2303642872184 291.94590766175736 18.098548364858743 18.13939776795115 18.246619228859835
 94752 256 164.726 167.157 167.856 289.01572776665716 290.2243040973456 294.50738802617684 18.063482985416073 18.1390190060841 18.406711751636053
 104224 256 181.017 182.816 188.864 282.54557777024735 291.8928758970768 294.7937928481855 17.65909861064046 18.2433047435673 18.424612053011593
 114640 256 199.686 200.96 201.516 291.2705690863257 292.07643312101914 293.9398856204241 18.204410567895355 18.254777070063696 18.371242851276506
 126096 128 110.498 111.297 111.6 289.25247311827957 290.03994716838724 292.13719705334034 18.078279569892473 18.127496698024203 18.25857481583377
 138704 128 120.038 121.377 122.727 289.32691257832425 292.5449137810293 295.80819407187727 18.082932036145266 18.284057111314333 18.48801212949233
 152560 128 132.133 134.212 134.409 290.5710183097858 290.997526301672 295.57612405682147 18.160688644361613 18.1873453938545 18.473507753551342
 167808 128 146.234 146.78 148.067 290.13114333376103 292.6750783485489 293.767851525637 18.133196458360064 18.292192396784305 18.360490720352313
 184576 128 160.818 161.981 178.524 264.6784521969035 291.7098672066477 293.81944807173323 16.54240326230647 18.23186670041548 18.363715504483327
 203024 128 176.98 177.727 178.299 291.499918675932 292.438087628779 293.6724149621426 18.21874491724575 18.277380476798687 18.354525935133914
 223312 128 195.264 195.377 195.457 292.48311393298786 292.602875466406 292.7722058341527 18.28019462081174 18.287679716650374 18.298262864634545
 245632 64 107.819 107.839 108.914 288.6763501478231 291.55403889131026 291.6081210176314 18.042271884238943 18.22212743070689 18.225507563601962
 270192 64 117.28 118.696 130.467 265.0829405136931 291.37103187976004 294.88894952251025 16.567683782105817 18.210689492485002 18.43055934515689
 297200 64 130.162 130.491 130.982 290.43380006413093 291.5266186940095 292.26348703922804 18.152112504008183 18.220413668375596 18.266467939951752
 326912 64 141.859 143.556 145.267 288.0539695870363 291.48719663406615 294.97413629026005 18.00337309918977 18.217949789629134 18.435883518141253
 359600 64 157.299 158.033 158.753 289.93971767462665 291.2606860592408 292.6197877926751 18.121232354664166 18.20379287870255 18.288736737042193
 395552 64 173.617 173.723 176.896 286.2170767004342 291.44474824864875 291.6226867184665 17.888567293777136 18.215296765540547 18.226417919904158
 435104 64 190.652 190.861 192.277 289.6514507715432 291.8003782857682 292.12026099909787 18.10321567322145 18.237523642860513 18.257516312443617
 478608 64 207.269 210.286 211.187 290.08331005222857 291.32621287199333 295.5667465950046 18.130206878264286 18.207888304499583 18.472921662187787
 526464 32 116.689 116.789 116.971 288.0517051234922 288.5005950902911 288.7478339860656 18.00323157021826 18.031287193143193 18.0467396241291
 579104 32 127.073 128.608 128.869 287.5994692284413 288.1831301318736 291.6642874568162 17.97496682677758 18.0114456332421 18.229017966051014
 637008 32 141.522 141.775 141.997 287.1082628506236 287.55783459707277 288.0719040149235 17.944266428163974 17.972364662317048 18.00449400093272
 700704 32 155.402 157.821 166.627 269.1343899848164 284.1513866975878 288.5745099805666 16.820899374051024 17.759461668599236 18.03590687378541
 770768 32 171.509 171.884 177.611 277.7370320531949 286.99094738311885 287.61844567923555 17.358564503324683 17.936934211444928 17.976152854952222
 847840 32 188.446 188.636 189.401 286.4914124001457 287.65325812676264 287.9432834870467 17.905713275009106 17.978328632922665 17.99645521794042
 932624 32 207.255 207.853 222.313 268.4860354545168 287.1641785300188 287.9927432390051 16.7803772159073 17.947761158126173 17.99954645243782
 1025872 16 116.462 116.612 117.193 280.1183005810927 281.51394367646554 281.87652624890524 17.507393786318293 17.594621479779097 17.617282890556577
 1128448 16 126.983 128.501 128.857 280.2357341859581 281.0121010731434 284.37141979635066 17.51473338662238 17.563256317071463 17.773213737271917
 1241280 16 140.99 141.054 142.65 278.4504731861199 281.6010889446595 281.7289169444641 17.403154574132493 17.60006805904122 17.608057309029007
 1365408 16 155.501 156.564 160.048 272.999700089973 279.07472982294786 280.98247599693894 17.06248125562331 17.44217061393424 17.561404749808684
 1501936 16 173.314 175.478 179.911 267.1429317829371 273.89161034431663 277.31142319720277 16.69643323643357 17.11822564651979 17.331963949825173
 1652128 16 190.391 197.459 212.69 248.56879025812216 267.7421439387417 277.68169713904547 15.535549391132635 16.733883996171357 17.35510607119034
 1817328 16 219.18 222.478 231.162 251.57463596957976 261.3943670834869 265.32756638379414 15.723414748098735 16.33714794271793 16.582972898987133
 1999056 8 135.682 140.899 151.122 211.6495017270814 227.0058410634568 235.7342609926151 13.228093857942588 14.18786506646605 14.733391312038444
 2198960 8 160.586 170.793 176.751 199.05607323296613 206.00001171008176 219.09356980060522 12.441004577060383 12.87500073188011 13.693348112537826
 2418848 8 200.455 205.663 214.156 180.71671118250245 188.1795364260951 193.068608914719 11.294794448906403 11.761221026630944 12.066788057169937
 2660720 8 233.109 236.339 238.37 178.59428619373244 180.1290519127186 182.62495227554493 11.162142887108278 11.258065744544913 11.414059517221558
 2926784 8 273.804 274.551 285.231 164.17761042803903 170.56409920196975 171.02943711560096 10.26110065175244 10.66025620012311 10.68933981972506
 3219456 8 307.525 316.391 323.93 159.01983761923873 162.80898002787688 167.50279164295588 9.93873985120242 10.175561251742305 10.468924477684743
 3541392 8 358.163 365.893 384.173 147.49155198309094 154.86022416389494 158.20247205881122 9.218221998943184 9.678764010243434 9.887654503675702
 3895520 4 236.633 241.85 249.043 125.135659303815 128.8573909448005 131.6982838403773 7.820978706488438 8.053586934050031 8.23114274002358
 4285072 4 265.34 265.974 266.42 128.6711808422791 128.88694383661561 129.19490465063694 8.041948802642445 8.055433989788476 8.074681540664809
 4713568 4 292.089 294.744 295.283 127.70306451776767 127.93659582552992 129.09950049471223 7.9814415323604795 7.99603723909562 8.068718780919514
 5184912 4 320.677 326.964 334.241 124.09996379857648 126.86196645502257 129.34914571359965 7.75624773741103 7.9288729034389105 8.084321607099978
 5703392 4 354.272 356.834 364.112 125.31071758140351 127.86655980091584 128.791256435733 7.831919848837719 7.99165998755724 8.049453527233313
 6273728 4 390.322 392.543 397.234 126.34825820549098 127.85815566702246 128.58569078863093 7.896766137843186 7.991134729188904 8.036605674289433
 6901088 4 430.3 431.361 439.434 125.63594077836488 127.98724038566304 128.30282128747385 7.852246298647805 7.99920252410394 8.018926330467115
 7591184 4 468.684 471.397 480.918 126.27822622567673 128.8287197415342 129.5744510160364 7.892389139104796 8.051794983845888 8.098403188502274
 8350288 2 346.819 348.705 358.13 93.26543992404993 95.78627206377885 96.30715733567078 5.8290899952531205 5.986642003986178 6.019197333479424
 9185312 2 380.735 385.653 394.547 93.12261403584363 95.27022478756808 96.50084179284804 5.820163377240227 5.954389049223005 6.031302612053002
 10103840 2 421.164 424.406 427.482 94.54283455209809 95.22805992375226 95.96109828950243 5.90892715950613 5.951753745234516 5.997568643093902
 11114224 2 468.2 475.339 480.5 92.52215608740894 93.52671672217092 94.95278940623666 5.782634755463059 5.845419795135682 5.934549337889791
 12225632 2 524.249 528.513 531.856 91.94693300442225 92.52852436931542 93.28110878609209 5.7466833127763906 5.783032773082214 5.830069299130756
 13448192 2 585.845 588.758 600.76 89.54119448698316 91.36651731271591 91.82081950003841 5.596324655436447 5.710407332044745 5.738801218752401
 14793008 2 663.463 664.347 688.503 85.9430271182551 89.06795996670414 89.18663437147211 5.371439194890944 5.566747497919009 5.574164648217007
 16272304 1 402.836 404.556 422.169 77.0890520147145 80.44524861823828 80.78872791905391 4.818065750919656 5.027828038639893 5.0492954949408695
 17899520 1 457.436 463.484 472.843 75.71020402120787 77.23899854148148 78.26021563672295 4.731887751325492 4.827437408842592 4.891263477295184
 19689472 1 519.993 521.824 535.443 73.54460512136679 75.46403385049366 75.72975790058712 4.596537820085424 4.716502115655854 4.733109868786695
 21658416 1 588.514 593.194 599.492 72.25589665917144 73.02304473747206 73.60374094753905 4.515993541198215 4.563940296092004 4.600233809221191
 23824256 1 671.893 680.634 711.992 66.92281935752088 70.00607081045024 70.9168156239163 4.182676209845055 4.37537942565314 4.432300976494769
 26206672 1 760.77 773.318 777.012 67.45499940798855 67.77721972073584 68.89512467631478 4.2159374629992845 4.23607623254599 4.305945292269674
 28827328 1 855.195 862.531 881.295 65.42038250529052 66.8435754772872 67.41697039856408 4.088773906580657 4.17772346733045 4.213560649910255
 
META_DATA
 FLOPS          1
 OPENMP_THREADS 2
 ERT_VERSION  1.1.0
 HOSTNAME  ('cirrus4.computing.clemson.edu', ['cirrus4'], ['127.0.1.1'])
 UNAME  uname_result(system='Linux', node='cirrus4.computing.clemson.edu', release='5.4.0-81-generic', version='#91-Ubuntu SMP Thu Jul 15 19:09:17 UTC 2021', machine='x86_64', processor='x86_64')
 TIMESTAMP_DATA  1632245389.2258813
 CONFIG  {'ERT_RESULTS': ['Results.cs.clemson.edu'], 'ERT_DRIVER': ['driver1'], 'ERT_KERNEL': ['kernel1'], 'ERT_MPI': ['False'], 'ERT_MPI_CFLAGS': [], 'ERT_MPI_LDFLAGS': [], 'ERT_OPENMP': ['True'], 'ERT_OPENMP_CFLAGS': ['-fopenmp'], 'ERT_OPENMP_LDFLAGS': ['-fopenmp'], 'ERT_FLOPS': ['1,2,4'], 'ERT_ALIGN': ['32'], 'ERT_CC': ['g++'], 'ERT_CFLAGS': ['-O3', '-std=c++11', '-fstrict-aliasing', '-march=native'], 'ERT_LD': ['g++'], 'ERT_LDFLAGS': [], 'ERT_LDLIBS': [], 'ERT_PRECISION': ['FP64'], 'ERT_RUN': ['export', 'OMP_NUM_THREADS=ERT_OPENMP_THREADS;', 'export', 'OMP_PLACES=threads;', 'export', 'OMP_PROC_BIND=spread;', './ERT_CODE'], 'ERT_PROCS_THREADS': ['8'], 'ERT_MPI_PROCS': ['2,4,8'], 'ERT_OPENMP_THREADS': ['1-8'], 'ERT_NUM_EXPERIMENTS': ['5'], 'ERT_MEMORY_MAX': ['31000000'], 'ERT_WORKING_SET_MIN': ['1'], 'ERT_TRIALS_MIN': ['1'], 'ERT_GNUPLOT': ['gnuplot'], 'ERT_GPU': [False], 'ERT_HIP': [False], 'ERT_OCL': [False], 'ERT_SYCL': [False], 'ERT_WSS_MULT': [1.1]}
 TIMESTAMP_DATA  1632245389.4718313
 TIMESTAMP_DATA  1632245389.700826
 TIMESTAMP_DATA  1632245389.9147234
 TIMESTAMP_DATA  1632245390.1400785
 